791
1 -14.008081 1.332704
1 -16.577183 0.339367
1 -15.686750 -0.379269
1 6.039433 9.725811
1 -16.560793 -0.068070
1 -15.414748 1.615229
1 -16.743410 -1.982570
1 -13.654528 -1.056350
1 -12.084500 8.085740
1 -16.205708 1.871106
1 -16.160555 1.795755
1 -17.112219 0.076898
1 -15.774098 1.141477
1 -15.161124 1.483359
1 -12.554215 6.629502
1 -15.925376 1.333410
1 -15.578098 1.226682
1 -15.339313 0.983753
1 -13.282146 2.191192
1 -17.367739 0.336098
1 6.986275 6.130109
1 -12.846494 5.581690
1 7.534246 -21.847029
1 6.722461 8.202650
1 -16.321775 -0.279121
1 -14.355854 1.212412
1 7.033091 7.028811
1 -16.127192 0.909896
1 -13.548840 3.596117
1 -15.791101 1.462725
1 -14.514928 1.642946
1 -14.938883 1.965316
1 -15.572227 1.762980
1 -13.196231 3.197101
1 -14.455442 5.618441
1 4.132136 9.809104
1 -13.882030 0.246533
1 -14.218856 1.370045
1 -15.928918 1.443806
1 -17.617468 -0.745710
1 -15.149517 1.363451
1 -13.776890 0.887531
1 -16.101698 1.688068
1 -15.843752 1.881218
1 -15.534735 1.175703
1 -16.146179 1.420555
1 -16.040413 1.451489
1 5.126354 11.232045
1 5.429562 12.047800
1 -13.571085 1.887312
1 -13.694901 1.811465
1 -16.781857 0.013217
1 -13.186971 1.955192
1 -13.541222 -0.068469
1 -17.493517 -0.899539
1 -14.749641 1.743589
1 6.486348 12.401767
1 5.366628 11.601948
1 -13.303600 5.181592
1 5.280158 11.565175
1 -15.777336 1.748274
1 -14.475071 2.307498
1 -15.227027 2.003138
1 -14.743069 1.646411
1 -14.349886 2.022050
1 5.323023 11.020257
1 -16.110962 1.546570
1 -15.308835 1.968421
1 6.733284 8.126622
1 7.511916 -21.810373
1 -15.317892 1.784723
1 -15.849304 1.612020
1 -12.613427 6.373837
1 -15.978839 2.303146
1 -14.326463 1.154261
1 -14.097244 5.998453
1 5.346714 11.777830
1 -14.893847 1.415228
1 -16.870430 -0.648161
1 -12.833352 5.670914
1 -14.773334 2.251971
1 -8.163424 5.191324
1 -12.451239 5.304954
1 -13.521934 1.016700
1 5.291466 11.704988
1 7.576108 -22.004904
1 -10.631289 19.976025
1 7.568594 -21.975849
1 7.569208 -21.981047
1 7.610281 -22.040041
1 7.568948 -21.977766
1 7.570835 -21.979622
1 7.571133 -21.974077
1 14.769189 -17.540514
1 7.568635 -21.980497
1 7.569903 -22.088396
1 5.194861 11.536866
1 7.575949 -21.997076
1 7.568288 -21.977354
1 7.563453 -21.971395
1 7.567737 -21.981403
1 7.564185 -21.969595
1 5.222081 11.679616
1 7.565117 -21.977991
1 7.571129 -21.983334
1 -16.819635 -16.040449
1 7.568271 -21.979797
1 7.571848 -21.996405
1 7.567779 -21.978706
1 -20.683638 8.904753
1 19.610634 8.438128
1 7.591342 -22.011639
1 7.537990 -21.948277
1 7.570311 -22.025415
1 5.507938 20.666512
1 7.569526 -21.979742
1 7.561178 -21.969627
1 7.572959 -21.981115
1 7.558782 -21.978601
1 7.567587 -21.983194
1 5.133705 11.522604
1 7.836923 19.568279
1 17.422201 10.876008
1 7.569170 -21.985434
1 19.502518 -12.172689
1 21.341850 4.433359
1 7.568861 -21.979750
1 7.570209 -21.979689
1 7.568070 -21.979548
1 7.568412 -21.978355
1 7.566915 -21.979549
1 7.586999 -22.000370
1 7.568704 -21.978504
1 21.748484 -8.490597
1 7.569411 -21.978712
1 7.567498 -21.979471
1 7.567806 -21.980873
1 5.252710 11.489695
1 -12.942352 6.635857
1 5.179197 11.695545
1 20.746843 1.911844
1 -14.066742 2.107049
1 -12.998379 -0.137900
1 -7.728694 -2.809583
1 5.201346 11.664574
1 5.247746 11.782847
1 -8.059571 0.507842
1 -15.676402 1.675184
1 5.237386 11.608095
1 20.020132 4.411417
1 -7.385211 3.972721
1 -7.210337 6.575641
1 5.273658 11.637137
1 5.277637 11.690125
1 -15.222310 1.520123
1 -13.237967 -0.167604
1 -13.124734 2.909489
1 -15.908865 0.705859
1 -16.467398 0.505367
1 5.285243 11.638263
1 -14.369965 0.724422
1 -12.620388 -10.478043
1 -16.249027 1.630206
1 -13.291195 3.758440
1 -16.207283 0.941822
1 -16.083279 0.494137
1 -15.961838 0.396888
1 -14.034441 1.294150
1 -17.710346 -1.149091
1 -15.344713 1.479201
1 -15.083696 1.391005
1 -13.135912 0.566298
1 -17.085987 0.591969
1 5.306833 11.440285
1 -16.582077 1.201000
1 -15.788503 1.844874
1 -17.203760 0.241365
1 -15.676250 0.919195
1 4.676660 12.444439
1 -14.208638 2.478290
1 -14.530884 1.578829
1 -13.800802 1.494800
1 -13.006996 0.812906
1 -14.007652 6.126859
1 -12.522934 -0.021372
1 -16.261156 1.894812
1 15.691512 -0.240433
1 -15.977408 1.605903
1 6.105544 12.031567
1 -15.677627 2.043148
1 -16.771492 -0.529305
1 5.232061 11.604579
1 5.340178 11.775676
1 5.374688 11.670121
1 -14.798965 1.503899
1 7.586994 -22.006470
1 4.964837 11.631053
1 7.568556 -21.978945
1 7.569219 -21.978493
1 7.574413 -21.996809
1 9.025857 18.567390
1 7.569034 -21.979074
1 7.568277 -21.980520
1 5.317971 11.545602
1 5.365786 11.721727
1 7.569441 -21.981573
1 7.567490 -21.977215
1 16.906473 -12.061670
1 7.570438 -21.976637
1 -24.593945 1.505941
1 19.935083 7.295582
1 5.183290 11.574649
1 7.569695 -21.981241
1 7.569690 -21.980024
1 7.568463 -21.979612
1 7.569221 -21.977962
1 22.865141 2.022926
1 7.569420 -21.977974
1 22.548332 2.754101
1 7.568317 -21.980473
1 7.569419 -21.977779
1 11.169749 -17.166761
1 -24.774311 0.876435
1 7.577334 -21.995775
1 7.570180 -21.971054
1 5.272705 11.629898
1 7.566055 -21.975103
1 7.567788 -21.977745
1 7.572194 -21.991381
1 5.217221 11.582019
1 7.571353 -21.979868
1 7.570734 -21.983822
1 7.568253 -21.974371
1 12.322292 -16.398964
1 2.932296 20.998915
1 13.315701 15.372422
1 4.874210 21.073549
1 7.567838 -21.977356
1 7.568709 -21.979702
1 -1.556162 22.036077
1 20.799484 6.162557
1 7.568485 -21.974487
1 7.569282 -21.977840
1 7.568880 -21.984186
1 7.587941 -22.007940
1 5.207680 11.681900
1 7.568113 -21.978891
1 5.261344 11.570350
1 -14.932199 -18.022713
1 7.573815 -21.991760
1 5.309450 11.702296
1 7.568874 -21.977341
1 7.573751 -21.977652
1 -23.761738 3.884365
1 7.570369 -21.980175
1 5.245559 11.645471
1 7.643113 -22.054991
1 5.382344 11.603389
1 7.567343 -21.976330
1 7.569025 -21.981548
1 5.144206 11.661046
1 5.290018 11.641144
1 -10.309547 -18.314573
1 -11.044056 -17.870848
1 -12.460867 7.401195
1 -11.962001 5.303122
1 -1.926352 -21.188421
1 10.755290 -17.465389
1 -20.564886 -7.243042
1 -17.838671 -1.463121
1 -15.111553 1.753790
1 -12.989454 0.037068
1 -12.754817 2.970058
1 -14.344995 0.665148
1 -16.247768 -0.415375
1 -16.659727 0.733099
1 -13.362751 0.069572
1 -13.133224 3.844857
1 -16.017805 0.996827
1 -17.649467 -1.234672
1 -16.550859 -0.307708
1 -16.807903 0.861209
1 -15.605219 1.178074
1 -16.091240 1.202144
1 -16.878963 -1.005653
1 -15.094368 1.757100
1 -16.951307 0.079101
1 5.400428 9.534695
1 -16.860628 -0.590444
1 -14.355639 1.917062
1 -14.577353 1.502864
1 -15.582540 1.058493
1 -16.574440 0.221089
1 -13.845688 1.723169
1 15.094802 1.693114
1 -14.885899 1.288242
1 -15.013928 1.936264
1 -10.982603 7.495824
1 -16.131601 1.778784
1 -14.447097 2.209343
1 -14.474304 1.404878
1 -14.336126 1.526903
1 -13.239658 2.403976
1 -15.255167 1.657023
1 -15.206022 1.711910
1 -16.452797 0.533225
1 -14.987192 1.769092
1 -15.752462 0.691346
1 -15.519908 1.957032
1 -16.947321 1.308601
1 -15.874928 1.416303
1 -16.346640 1.320590
1 -15.432355 0.096280
1 5.185502 11.306146
1 -12.382098 5.919923
1 -15.664286 1.603633
1 -12.230991 -1.875912
1 -15.952009 0.724791
1 5.295943 11.860233
1 -15.024252 0.758609
1 -18.036087 -1.167125
1 -17.291767 -0.806480
1 -16.386616 1.825330
1 -13.852427 3.966637
1 -15.119581 1.460979
1 6.123313 12.199699
1 -15.477942 1.822518
1 -12.966691 -0.535627
1 -15.931407 1.611503
1 -14.465989 1.918054
1 -14.866682 1.988033
1 -12.260280 6.143978
1 -16.411444 1.559548
1 -13.241165 3.210551
1 -11.090616 14.389701
1 -15.024030 2.002824
1 -15.747092 -2.337982
1 -15.716560 2.186584
1 -13.164167 -0.407734
1 5.204353 11.561346
1 -12.771904 -0.278646
1 -12.802319 -0.278218
1 -13.081645 -0.214124
1 5.396807 11.828483
1 -17.409153 4.826553
1 -14.051208 -0.272617
1 -20.007164 -0.382645
1 7.570624 -21.980675
1 7.565199 -22.009560
1 -21.168829 -11.738366
1 14.124535 14.027710
1 -24.760298 -3.447554
1 -12.924247 17.745827
1 12.431734 15.903220
1 7.568868 -21.976580
1 4.358243 20.762600
1 7.568613 -21.978788
1 22.234184 -7.552331
1 7.569018 -21.979523
1 14.668416 -17.557753
1 7.846600 19.823952
1 7.568689 -21.978186
1 21.891584 -8.166405
1 7.569275 -21.978916
1 -23.768015 -3.031252
1 -15.858155 15.542254
1 -20.289745 -13.084226
1 16.528307 11.807709
1 7.569969 -21.980082
1 7.568864 -21.975719
1 7.567709 -21.980047
1 5.334076 11.532331
1 7.571061 -21.979033
1 7.569315 -21.979832
1 7.543220 -21.943998
1 7.568660 -21.974792
1 -22.251265 -9.929936
1 7.569386 -21.977867
1 7.569239 -21.979406
1 7.568750 -21.979616
1 7.569549 -21.988195
1 7.569656 -21.979115
1 22.866007 1.655457
1 7.568424 -21.979362
1 7.567340 -21.980030
1 7.568463 -21.977608
1 7.568299 -21.981279
1 7.566107 -21.980593
1 5.273596 11.544895
1 7.569146 -21.979916
1 7.568991 -21.977751
1 7.575340 -21.977667
1 7.569396 -21.979620
1 7.581415 -21.950460
1 7.567087 -21.977478
1 7.567654 -21.981590
1 7.568905 -21.979059
1 7.569661 -21.979679
1 -11.270081 19.082161
1 7.579178 -22.004753
1 7.553612 -21.970537
1 5.538032 11.712792
1 7.568274 -21.982132
1 -15.081775 1.624771
1 -12.846869 -0.124379
1 5.068242 11.574318
1 -13.020015 -0.265175
1 5.230180 11.595436
1 -11.230061 -0.153286
1 -12.558635 -1.054604
1 -14.077983 7.329685
1 5.187378 11.666297
1 -16.796185 3.032355
1 -14.268366 1.237455
1 5.178757 11.576457
1 -17.321068 -6.322260
1 -11.114699 7.050210
1 -14.415639 -0.336558
1 -13.208627 1.782202
1 -16.388605 0.198431
1 -17.876402 -1.463868
1 -17.654531 -1.673746
1 -16.728327 0.288097
1 15.428583 1.810844
1 2.962037 6.721016
1 -13.037426 0.568977
1 -16.578562 0.420213
1 -15.477402 1.580537
1 -15.593350 1.131420
1 -15.949775 -0.570190
1 9.299497 6.386211
1 -17.093481 -0.205132
1 -16.881842 -0.900775
1 -16.678932 0.025459
1 -13.800000 0.527563
1 -14.275606 0.827555
1 -14.306895 1.449397
1 -14.140517 1.489609
1 -14.397902 2.351794
1 6.710044 8.433008
1 -17.775112 -1.241340
1 -17.367598 -0.844369
1 6.097157 7.655298
1 -16.964170 0.951469
1 -14.014541 1.457950
1 -14.351097 1.401708
1 14.797055 1.854144
1 -17.683981 -1.742212
1 -13.154587 0.980240
1 -12.723102 2.603533
1 -16.337263 1.025216
1 -13.543077 1.819914
1 -14.382544 -0.595076
1 4.296083 10.160453
1 -16.845140 0.175242
1 -16.201895 1.526781
1 -14.473481 7.037392
1 -16.507805 1.037886
1 4.926551 11.850061
1 -16.928938 0.824873
1 -17.417732 -0.044568
1 -17.642683 1.495984
1 1.278483 -14.768388
1 -14.359598 6.671219
1 9.451625 4.748833
1 -16.698753 1.199925
1 -16.418549 2.002137
1 -15.866785 0.362388
1 -17.002398 -0.149166
1 -14.273547 0.891315
1 -14.146332 -2.384708
1 -13.313460 4.091782
1 5.844730 12.761090
1 5.245553 11.867453
1 -15.946927 5.867554
1 -16.125208 1.513607
1 -15.351126 1.850304
1 7.558815 -21.948225
1 -17.795145 -1.378505
1 -16.699640 -0.325801
1 -14.874463 1.369075
1 -16.028311 1.308857
1 -16.870295 1.029447
1 -15.215868 0.989117
1 -14.469673 6.631491
1 -16.379499 1.365553
1 -11.916717 12.940435
1 -12.306677 3.934277
1 -15.135029 1.475600
1 -15.672432 1.865575
1 5.249521 11.477234
1 -17.657269 1.073429
1 -13.087383 -0.285245
1 6.179587 5.301389
1 -14.391027 2.057148
1 -15.036996 1.857064
1 -13.655482 0.165651
1 5.204007 11.865186
1 -16.027359 6.019385
1 -13.089092 0.623937
1 -16.325850 0.480337
1 -16.201479 1.527973
1 -11.684420 -0.325419
1 -11.054370 -0.266395
1 -14.787684 2.353916
1 12.318898 -8.501578
1 -11.758064 -1.706266
1 5.363902 11.641493
1 7.569293 -21.980490
1 7.584646 -22.006403
1 -22.770826 -8.496288
1 5.061196 11.635898
1 7.568260 -21.978361
1 7.570222 -21.979343
1 7.572169 -22.010229
1 7.569954 -21.984016
1 7.568995 -21.978559
1 7.564146 -22.009617
1 7.568376 -21.980513
1 7.568511 -21.979548
1 7.565080 -22.000179
1 7.570926 -21.990650
1 7.567613 -21.977356
1 7.569504 -21.980761
1 7.569114 -21.977365
1 -20.165754 -12.508654
1 7.571625 -21.967722
1 7.613822 -22.057451
1 7.570633 -21.977894
1 5.206933 11.775831
1 7.571367 -21.987457
1 5.272986 11.604827
1 22.742920 -5.901920
1 7.568078 -21.978403
1 7.568564 -21.979464
1 7.566286 -21.978079
1 7.579986 -21.985636
1 5.230050 11.552371
1 15.398301 14.121598
1 16.080112 -16.347343
1 7.548008 -21.946613
1 7.567744 -21.975965
1 7.569390 -21.978920
1 -19.385885 12.252460
1 7.650943 -22.059248
1 21.620745 -9.900200
1 7.569258 -21.979698
1 7.568892 -21.979017
1 7.568775 -21.983217
1 -0.389262 21.951067
1 7.568397 -21.977427
1 7.568285 -21.981890
1 7.578137 -21.999313
1 7.568407 -21.978880
1 -19.442476 10.504428
1 7.568600 -21.979155
1 -17.594292 13.758716
1 -19.982121 10.543710
1 7.537900 -21.957703
1 -23.488108 6.338649
1 7.569545 -21.980486
1 7.569038 -21.979681
1 7.570098 -21.981642
1 7.609068 -22.027790
1 7.568721 -21.981390
1 -17.584255 14.494699
1 7.579015 -21.997984
1 7.569248 -21.978439
1 -24.570145 2.424060
1 -12.738784 -0.164064
1 -12.027592 2.759035
1 -13.698703 0.453167
1 15.287778 4.839396
1 18.815943 -5.245957
1 -7.975441 6.495941
1 5.618749 5.371662
1 -11.604882 1.561298
1 -13.043458 -0.240024
1 -7.260624 7.973136
1 -12.904986 -0.355047
1 -16.590178 5.567769
1 -18.063271 2.230400
1 -12.998936 -0.364813
1 -18.889694 -10.716697
1 5.128165 11.551083
1 15.441715 -10.810392
1 8.349332 7.376428
1 -9.876932 -8.515666
1 7.567813 -21.975826
1 -18.033703 4.178658
1 5.395313 5.765485
1 5.273748 11.598017
1 -13.226278 -0.242310
1 5.144580 11.642161
1 14.567956 1.976899
1 15.171733 1.084913
1 -15.984149 0.233408
1 -12.962413 3.611900
1 3.558682 9.480789
1 -13.066955 3.688077
1 -17.367743 -0.521709
1 -17.624666 -1.206567
1 4.901534 11.444630
1 -12.555021 0.780540
1 -13.374064 -0.237703
1 -16.272205 1.829675
1 -16.533026 0.466320
1 14.306466 -2.259591
1 -17.573484 -1.145341
1 -14.275457 5.468416
1 -16.541946 0.015663
1 -15.814777 1.873380
1 -17.019743 -2.072934
1 -16.699890 0.159304
1 -16.005392 -1.414064
1 -15.737185 0.459770
1 -16.338737 -0.389217
1 4.186141 11.345165
1 -17.800409 -1.535801
1 -16.128284 1.680507
1 -16.051662 -0.297124
1 5.426325 11.690962
1 -17.862562 -1.325370
1 -17.125774 0.442740
1 -13.272117 0.710892
1 -16.470793 -2.003736
1 -14.179880 0.563440
1 -12.915528 1.649655
1 16.416420 -6.815327
1 -17.177193 -0.765047
1 -13.422287 0.330973
1 -16.262156 -0.989465
1 -14.670083 -3.691480
1 5.387792 11.326161
1 5.212709 11.331244
1 15.688584 0.832821
1 15.039917 1.017326
1 15.336335 1.114622
1 15.330550 1.158854
1 -17.087997 0.325762
1 -13.539978 1.053007
1 -14.976451 1.521831
1 5.487749 11.865397
1 -17.924364 -1.489826
1 10.605053 -15.404753
1 10.585692 -15.334013
1 -17.883327 -1.434310
1 -16.906553 -0.365360
1 -17.663593 0.268185
1 -17.025255 0.987271
1 -17.400711 0.383386
1 13.780721 -2.086130
1 -13.315824 1.616970
1 7.510524 6.115938
1 5.067625 11.462755
1 5.318066 11.321019
1 -17.495018 -1.438163
1 -13.415225 3.153628
1 5.463408 11.556742
1 14.835721 1.617687
1 5.131762 11.341378
1 6.300303 8.898706
1 5.652202 11.387753
1 15.952353 1.865940
1 -13.072109 -10.073949
1 4.727114 11.971311
1 5.489275 11.872556
1 -15.051713 1.127376
1 -16.350372 1.553108
1 -11.261952 6.438022
1 -13.636519 0.851131
1 -16.661253 1.095450
1 15.447038 1.069923
1 -15.693448 0.030021
1 5.038481 11.809807
1 -14.578329 6.662259
1 -13.507111 3.198945
1 4.994969 11.051040
1 13.811281 -2.105183
1 -8.704910 -6.087164
1 -17.032190 0.280004
1 -14.334851 -1.034717
1 5.374934 11.979077
1 6.293473 12.704334
1 -17.035355 0.280589
1 -13.366865 1.215658
1 5.218213 11.441424
1 -12.711763 3.238509
1 -13.103031 3.314261
1 5.424880 12.053836
1 -15.386405 1.902586
1 15.077086 0.970183
1 11.002831 -7.787687
1 4.164073 10.894006
1 -14.755415 1.733863
1 -16.517246 0.074831
1 5.205549 10.184382
1 -0.688939 -21.637739
1 -17.396154 1.034378
1 -12.857623 3.776142
1 4.870369 11.892867
1 4.485207 11.684016
1 -8.893350 1.638376
1 7.002075 8.576502
1 -15.986386 -0.020248
1 -12.804610 0.020390
1 4.960392 11.877735
1 6.271707 7.362293
1 15.114354 1.627559
1 13.389410 -0.147468
1 5.398054 11.699165
1 4.872069 -2.965513
1 5.320036 11.637692
1 5.226132 11.694067
1 4.774015 10.935070
1 -17.443300 -12.159097
1 -17.443548 -12.159320
1 13.759678 -2.126173
1 5.863250 7.772785
1 4.970690 11.601562
1 13.613790 -1.964731
1 15.586222 -0.943361
1 5.248735 11.347191
1 14.986260 1.034435
1 5.461102 11.356064
1 5.607554 10.861932
1 6.817078 7.638935
1 14.987452 1.191638
1 5.608925 12.064217
1 -13.187761 -0.509218
1 13.935113 -1.827772
1 5.528894 11.491452
1 5.282912 11.640904
1 5.164001 11.614891
1 -4.651525 -21.030855
1 5.225794 11.687716
1 5.639663 6.012843
1 5.589531 5.504039
1 5.220345 11.286402
1 5.031442 11.477614
1 4.824310 11.394085
1 5.225888 11.722897
1 5.639935 5.531132
1 5.287980 11.799617
1 5.201314 11.439880
1 5.256996 11.694776
1 5.507608 16.225574
1 5.028780 11.782707
1 4.763078 11.304766
1 5.032359 11.755204
1 5.015172 11.598671
1 5.493130 5.334028
1 5.265626 11.512375
1 -14.158215 -11.407249
1 5.582763 5.478073
1 -8.304536 0.598281
1 5.153511 11.677832
1 -13.847808 -15.674863
1 -15.606969 -7.975732
1 4.954777 11.413902
1 5.202630 11.650260
1 5.787337 11.803693
1 -19.086548 -10.326252
1 4.899092 10.705035
1 4.864558 12.188416
1 -10.726822 -0.149292
1 5.665733 5.576356
1 4.994770 11.397615
1 13.924569 -2.085661
1 5.443772 5.401412
1 5.042249 11.271241
1 5.159680 11.672914
1 5.404694 11.574851
1 -11.361699 -0.214840
1 5.245637 11.645991
1 5.339495 11.676839
1 5.354986 5.471453
1 5.269642 11.655272
1 18.204895 6.781353
1 5.233593 11.683917
1 -21.143543 -6.880139
1 5.377917 11.482855
1 5.233673 11.558200
1 -17.977367 -7.338661
1 5.198020 11.596554
1 10.867853 -16.683632
1 5.100983 11.821211
1 5.179363 11.637491
1 5.032058 11.264643
1 5.441221 11.785411
1 5.189547 11.603061
