961
1 -17.838671 -1.463121
1 -15.111553 1.753790
1 -12.989454 0.037068
1 -12.754817 2.970058
1 -14.344995 0.665148
1 -16.247768 -0.415375
1 -16.659727 0.733099
1 -13.362751 0.069572
1 -13.133224 3.844857
1 -16.017805 0.996827
1 -17.649467 -1.234672
1 -16.550859 -0.307708
1 -16.807903 0.861209
1 -15.605219 1.178074
1 -16.091240 1.202144
1 -16.878963 -1.005653
1 -15.094368 1.757100
1 -16.951307 0.079101
1 5.400428 9.534695
1 -16.860628 -0.590444
1 -14.355639 1.917062
1 -14.577353 1.502864
1 -15.582540 1.058493
1 -16.574440 0.221089
1 -13.845688 1.723169
1 15.094802 1.693114
1 -14.885899 1.288242
1 -15.013928 1.936264
1 -10.982603 7.495824
1 -16.131601 1.778784
1 -14.447097 2.209343
1 -14.474304 1.404878
1 -14.336126 1.526903
1 -13.239658 2.403976
1 -15.255167 1.657023
1 -15.206022 1.711910
1 -16.452797 0.533225
1 -14.987192 1.769092
1 -15.752462 0.691346
1 -15.519908 1.957032
1 -16.947321 1.308601
1 -15.874928 1.416303
1 -16.346640 1.320590
1 -15.432355 0.096280
1 5.185502 11.306146
1 -12.382098 5.919923
1 -15.664286 1.603633
1 -12.230991 -1.875912
1 -15.952009 0.724791
1 5.295943 11.860233
1 -15.024252 0.758609
1 -18.036087 -1.167125
1 -17.291767 -0.806480
1 -16.386616 1.825330
1 -13.852427 3.966637
1 -15.119581 1.460979
1 6.123313 12.199699
1 -15.477942 1.822518
1 -12.966691 -0.535627
1 -15.931407 1.611503
1 -14.465989 1.918054
1 -14.866682 1.988033
1 -12.260280 6.143978
1 -16.411444 1.559548
1 -13.241165 3.210551
1 -11.090616 14.389701
1 -15.024030 2.002824
1 -15.747092 -2.337982
1 -15.716560 2.186584
1 -13.164167 -0.407734
1 5.204353 11.561346
1 -12.771904 -0.278646
1 -12.802319 -0.278218
1 -13.081645 -0.214124
1 5.396807 11.828483
1 -17.409153 4.826553
1 -14.051208 -0.272617
1 -20.007164 -0.382645
1 7.570624 -21.980675
1 7.565199 -22.009560
1 -21.168829 -11.738366
1 14.124535 14.027710
1 -24.760298 -3.447554
1 -12.924247 17.745827
1 12.431734 15.903220
1 7.568868 -21.976580
1 4.358243 20.762600
1 7.568613 -21.978788
1 22.234184 -7.552331
1 7.569018 -21.979523
1 14.668416 -17.557753
1 7.846600 19.823952
1 7.568689 -21.978186
1 21.891584 -8.166405
1 7.569275 -21.978916
1 -23.768015 -3.031252
1 -15.858155 15.542254
1 -20.289745 -13.084226
1 16.528307 11.807709
1 7.569969 -21.980082
1 7.568864 -21.975719
1 7.567709 -21.980047
1 5.334076 11.532331
1 7.571061 -21.979033
1 7.569315 -21.979832
1 7.543220 -21.943998
1 7.568660 -21.974792
1 -22.251265 -9.929936
1 7.569386 -21.977867
1 7.569239 -21.979406
1 7.568750 -21.979616
1 7.569549 -21.988195
1 7.569656 -21.979115
1 22.866007 1.655457
1 7.568424 -21.979362
1 7.567340 -21.980030
1 7.568463 -21.977608
1 7.568299 -21.981279
1 7.566107 -21.980593
1 5.273596 11.544895
1 7.569146 -21.979916
1 7.568991 -21.977751
1 7.575340 -21.977667
1 7.569396 -21.979620
1 7.581415 -21.950460
1 7.567087 -21.977478
1 7.567654 -21.981590
1 7.568905 -21.979059
1 7.569661 -21.979679
1 -11.270081 19.082161
1 7.579178 -22.004753
1 7.553612 -21.970537
1 5.538032 11.712792
1 7.568274 -21.982132
1 -15.081775 1.624771
1 -12.846869 -0.124379
1 5.068242 11.574318
1 -13.020015 -0.265175
1 5.230180 11.595436
1 -11.230061 -0.153286
1 -12.558635 -1.054604
1 -14.077983 7.329685
1 5.187378 11.666297
1 -16.796185 3.032355
1 -14.268366 1.237455
1 5.178757 11.576457
1 -17.321068 -6.322260
1 -11.114699 7.050210
1 -14.415639 -0.336558
1 -13.208627 1.782202
1 -16.388605 0.198431
1 -17.876402 -1.463868
1 -17.654531 -1.673746
1 -16.728327 0.288097
1 15.428583 1.810844
1 2.962037 6.721016
1 -13.037426 0.568977
1 -16.578562 0.420213
1 -15.477402 1.580537
1 -15.593350 1.131420
1 -15.949775 -0.570190
1 9.299497 6.386211
1 -17.093481 -0.205132
1 -16.881842 -0.900775
1 -16.678932 0.025459
1 -13.800000 0.527563
1 -14.275606 0.827555
1 -14.306895 1.449397
1 -14.140517 1.489609
1 -14.397902 2.351794
1 6.710044 8.433008
1 -17.775112 -1.241340
1 -17.367598 -0.844369
1 6.097157 7.655298
1 -16.964170 0.951469
1 -14.014541 1.457950
1 -14.351097 1.401708
1 14.797055 1.854144
1 -17.683981 -1.742212
1 -13.154587 0.980240
1 -12.723102 2.603533
1 -16.337263 1.025216
1 -13.543077 1.819914
1 -14.382544 -0.595076
1 4.296083 10.160453
1 -16.845140 0.175242
1 -16.201895 1.526781
1 -14.473481 7.037392
1 -16.507805 1.037886
1 4.926551 11.850061
1 -16.928938 0.824873
1 -17.417732 -0.044568
1 -17.642683 1.495984
1 1.278483 -14.768388
1 -14.359598 6.671219
1 9.451625 4.748833
1 -16.698753 1.199925
1 -16.418549 2.002137
1 -15.866785 0.362388
1 -17.002398 -0.149166
1 -14.273547 0.891315
1 -14.146332 -2.384708
1 -13.313460 4.091782
1 5.844730 12.761090
1 5.245553 11.867453
1 -15.946927 5.867554
1 -16.125208 1.513607
1 -15.351126 1.850304
1 7.558815 -21.948225
1 -17.795145 -1.378505
1 -16.699640 -0.325801
1 -14.874463 1.369075
1 -16.028311 1.308857
1 -16.870295 1.029447
1 -15.215868 0.989117
1 -14.469673 6.631491
1 -16.379499 1.365553
1 -11.916717 12.940435
1 -12.306677 3.934277
1 -15.135029 1.475600
1 -15.672432 1.865575
1 5.249521 11.477234
1 -17.657269 1.073429
1 -13.087383 -0.285245
1 6.179587 5.301389
1 -14.391027 2.057148
1 -15.036996 1.857064
1 -13.655482 0.165651
1 5.204007 11.865186
1 -16.027359 6.019385
1 -13.089092 0.623937
1 -16.325850 0.480337
1 -16.201479 1.527973
1 -11.684420 -0.325419
1 -11.054370 -0.266395
1 -14.787684 2.353916
1 12.318898 -8.501578
1 -11.758064 -1.706266
1 5.363902 11.641493
1 7.569293 -21.980490
1 7.584646 -22.006403
1 -22.770826 -8.496288
1 5.061196 11.635898
1 7.568260 -21.978361
1 7.570222 -21.979343
1 7.572169 -22.010229
1 7.569954 -21.984016
1 7.568995 -21.978559
1 7.564146 -22.009617
1 7.568376 -21.980513
1 7.568511 -21.979548
1 7.565080 -22.000179
1 7.570926 -21.990650
1 7.567613 -21.977356
1 7.569504 -21.980761
1 7.569114 -21.977365
1 -20.165754 -12.508654
1 7.571625 -21.967722
1 7.613822 -22.057451
1 7.570633 -21.977894
1 5.206933 11.775831
1 7.571367 -21.987457
1 5.272986 11.604827
1 22.742920 -5.901920
1 7.568078 -21.978403
1 7.568564 -21.979464
1 7.566286 -21.978079
1 7.579986 -21.985636
1 5.230050 11.552371
1 15.398301 14.121598
1 16.080112 -16.347343
1 7.548008 -21.946613
1 7.567744 -21.975965
1 7.569390 -21.978920
1 -19.385885 12.252460
1 7.650943 -22.059248
1 21.620745 -9.900200
1 7.569258 -21.979698
1 7.568892 -21.979017
1 7.568775 -21.983217
1 -0.389262 21.951067
1 7.568397 -21.977427
1 7.568285 -21.981890
1 7.578137 -21.999313
1 7.568407 -21.978880
1 -19.442476 10.504428
1 7.568600 -21.979155
1 -17.594292 13.758716
1 -19.982121 10.543710
1 7.537900 -21.957703
1 -23.488108 6.338649
1 7.569545 -21.980486
1 7.569038 -21.979681
1 7.570098 -21.981642
1 7.609068 -22.027790
1 7.568721 -21.981390
1 -17.584255 14.494699
1 7.579015 -21.997984
1 7.569248 -21.978439
1 -24.570145 2.424060
1 -12.738784 -0.164064
1 -12.027592 2.759035
1 -13.698703 0.453167
1 15.287778 4.839396
1 18.815943 -5.245957
1 -7.975441 6.495941
1 5.618749 5.371662
1 -11.604882 1.561298
1 -13.043458 -0.240024
1 -7.260624 7.973136
1 -12.904986 -0.355047
1 -16.590178 5.567769
1 -18.063271 2.230400
1 -12.998936 -0.364813
1 -18.889694 -10.716697
1 5.128165 11.551083
1 15.441715 -10.810392
1 8.349332 7.376428
1 -9.876932 -8.515666
1 7.567813 -21.975826
1 -18.033703 4.178658
1 5.395313 5.765485
1 5.273748 11.598017
1 -13.226278 -0.242310
1 5.144580 11.642161
1 14.567956 1.976899
1 15.171733 1.084913
1 -15.984149 0.233408
1 -12.962413 3.611900
1 3.558682 9.480789
1 -13.066955 3.688077
1 -17.367743 -0.521709
1 -17.624666 -1.206567
1 4.901534 11.444630
1 -12.555021 0.780540
1 -13.374064 -0.237703
1 -16.272205 1.829675
1 -16.533026 0.466320
1 14.306466 -2.259591
1 -17.573484 -1.145341
1 -14.275457 5.468416
1 -16.541946 0.015663
1 -15.814777 1.873380
1 -17.019743 -2.072934
1 -16.699890 0.159304
1 -16.005392 -1.414064
1 -15.737185 0.459770
1 -16.338737 -0.389217
1 4.186141 11.345165
1 -17.800409 -1.535801
1 -16.128284 1.680507
1 -16.051662 -0.297124
1 5.426325 11.690962
1 -17.862562 -1.325370
1 -17.125774 0.442740
1 -13.272117 0.710892
1 -16.470793 -2.003736
1 -14.179880 0.563440
1 -12.915528 1.649655
1 16.416420 -6.815327
1 -17.177193 -0.765047
1 -13.422287 0.330973
1 -16.262156 -0.989465
1 -14.670083 -3.691480
1 5.387792 11.326161
1 5.212709 11.331244
1 15.688584 0.832821
1 15.039917 1.017326
1 15.336335 1.114622
1 15.330550 1.158854
1 -17.087997 0.325762
1 -13.539978 1.053007
1 -14.976451 1.521831
1 5.487749 11.865397
1 -17.924364 -1.489826
1 10.605053 -15.404753
1 10.585692 -15.334013
1 -17.883327 -1.434310
1 -16.906553 -0.365360
1 -17.663593 0.268185
1 -17.025255 0.987271
1 -17.400711 0.383386
1 13.780721 -2.086130
1 -13.315824 1.616970
1 7.510524 6.115938
1 5.067625 11.462755
1 5.318066 11.321019
1 -17.495018 -1.438163
1 -13.415225 3.153628
1 5.463408 11.556742
1 14.835721 1.617687
1 5.131762 11.341378
1 6.300303 8.898706
1 5.652202 11.387753
1 15.952353 1.865940
1 -13.072109 -10.073949
1 4.727114 11.971311
1 5.489275 11.872556
1 -15.051713 1.127376
1 -16.350372 1.553108
1 -11.261952 6.438022
1 -13.636519 0.851131
1 -16.661253 1.095450
1 15.447038 1.069923
1 -15.693448 0.030021
1 5.038481 11.809807
1 -14.578329 6.662259
1 -13.507111 3.198945
1 4.994969 11.051040
1 13.811281 -2.105183
1 -8.704910 -6.087164
1 -17.032190 0.280004
1 -14.334851 -1.034717
1 5.374934 11.979077
1 6.293473 12.704334
1 -17.035355 0.280589
1 -13.366865 1.215658
1 5.218213 11.441424
1 -12.711763 3.238509
1 -13.103031 3.314261
1 5.424880 12.053836
1 -15.386405 1.902586
1 15.077086 0.970183
1 11.002831 -7.787687
1 4.164073 10.894006
1 -14.755415 1.733863
1 -16.517246 0.074831
1 5.205549 10.184382
1 -0.688939 -21.637739
1 -17.396154 1.034378
1 -12.857623 3.776142
1 4.870369 11.892867
1 4.485207 11.684016
1 -8.893350 1.638376
1 7.002075 8.576502
1 -15.986386 -0.020248
1 -12.804610 0.020390
1 4.960392 11.877735
1 6.271707 7.362293
1 15.114354 1.627559
1 13.389410 -0.147468
1 5.398054 11.699165
1 4.872069 -2.965513
1 5.320036 11.637692
1 5.226132 11.694067
1 4.774015 10.935070
1 -17.443300 -12.159097
1 -17.443548 -12.159320
1 13.759678 -2.126173
1 5.863250 7.772785
1 4.970690 11.601562
1 13.613790 -1.964731
1 15.586222 -0.943361
1 5.248735 11.347191
1 14.986260 1.034435
1 5.461102 11.356064
1 5.607554 10.861932
1 6.817078 7.638935
1 14.987452 1.191638
1 5.608925 12.064217
1 -13.187761 -0.509218
1 13.935113 -1.827772
1 5.528894 11.491452
1 5.282912 11.640904
1 5.164001 11.614891
1 -4.651525 -21.030855
1 5.225794 11.687716
1 5.639663 6.012843
1 5.589531 5.504039
1 5.220345 11.286402
1 5.031442 11.477614
1 4.824310 11.394085
1 5.225888 11.722897
1 5.639935 5.531132
1 5.287980 11.799617
1 5.201314 11.439880
1 5.256996 11.694776
1 5.507608 16.225574
1 5.028780 11.782707
1 4.763078 11.304766
1 5.032359 11.755204
1 5.015172 11.598671
1 5.493130 5.334028
1 5.265626 11.512375
1 -14.158215 -11.407249
1 5.582763 5.478073
1 -8.304536 0.598281
1 5.153511 11.677832
1 -13.847808 -15.674863
1 -15.606969 -7.975732
1 4.954777 11.413902
1 5.202630 11.650260
1 5.787337 11.803693
1 -19.086548 -10.326252
1 4.899092 10.705035
1 4.864558 12.188416
1 -10.726822 -0.149292
1 5.665733 5.576356
1 4.994770 11.397615
1 13.924569 -2.085661
1 5.443772 5.401412
1 5.042249 11.271241
1 5.159680 11.672914
1 5.404694 11.574851
1 -11.361699 -0.214840
1 5.245637 11.645991
1 5.339495 11.676839
1 5.354986 5.471453
1 5.269642 11.655272
1 18.204895 6.781353
1 5.233593 11.683917
1 -21.143543 -6.880139
1 5.377917 11.482855
1 5.233673 11.558200
1 -17.977367 -7.338661
1 5.198020 11.596554
1 10.867853 -16.683632
1 5.100983 11.821211
1 5.179363 11.637491
1 5.032058 11.264643
1 5.441221 11.785411
1 5.189547 11.603061
1 -17.956270 -1.578944
1 -15.051763 0.488516
1 -16.110800 1.173687
1 5.849440 10.298279
1 -13.466547 -1.166348
1 -13.049668 1.835603
1 6.223561 9.187327
1 -16.615299 0.355734
1 -16.719427 0.340542
1 -12.931113 4.009843
1 -10.053875 8.138837
1 -17.829672 -1.433542
1 13.940309 -2.080584
1 14.071030 -1.788477
1 10.385733 2.032737
1 -13.220251 0.192163
1 7.566616 -21.961569
1 -17.592102 1.730513
1 5.508265 10.354055
1 6.261132 7.919385
1 -17.095985 0.178228
1 -17.394518 1.037625
1 -16.575611 0.808039
1 6.305668 12.203401
1 -13.596055 1.923995
1 -12.940002 4.193734
1 -12.981197 4.182279
1 -12.842493 3.891521
1 5.830142 8.741904
1 2.900749 6.686081
1 5.277494 9.809127
1 14.379026 -1.771050
1 -16.029001 1.510949
1 -13.174568 0.158065
1 -15.958923 -0.821324
1 4.159716 11.033563
1 -17.740864 -1.508994
1 -15.599619 -1.929585
1 -15.994474 0.509617
1 6.778100 7.252269
1 -13.220052 1.825486
1 -14.920598 -2.075861
1 5.447364 11.690322
1 6.000348 10.999720
1 -13.357261 4.139556
1 -13.656348 -0.164352
1 -16.283035 0.621290
1 -18.121130 0.598832
1 15.279374 0.905863
1 4.088676 10.680072
1 4.358838 11.021293
1 -12.923828 0.644996
1 -13.311732 0.485247
1 -16.903511 -1.858347
1 14.110744 -1.336254
1 -18.091722 -1.620848
1 14.059035 -1.359170
1 -13.148550 -16.040476
1 4.836561 10.926628
1 -14.392892 1.379653
1 -13.469664 0.750032
1 -14.992663 1.325619
1 -17.090199 -1.079660
1 15.327723 1.073808
1 14.125764 -1.957644
1 14.400290 3.626893
1 6.740299 8.750780
1 15.702370 1.083539
1 -16.071878 -0.167870
1 -12.866932 3.457485
1 -15.440785 1.240403
1 6.340478 8.461259
1 -13.437755 1.750445
1 -14.825492 -0.680310
1 -14.660870 6.163044
1 15.599768 0.418624
1 -17.485760 0.686950
1 5.762177 10.159913
1 14.001832 -2.127439
1 6.755173 13.599263
1 -18.068752 -0.117473
1 5.458936 8.487698
1 -14.050065 0.650360
1 5.713180 10.814212
1 4.551576 12.350219
1 4.801986 11.683502
1 15.010011 0.971063
1 6.789032 8.468843
1 -13.262396 1.552114
1 5.531744 5.792256
1 5.326612 11.988450
1 5.695524 11.827302
1 -16.366890 1.862956
1 4.802600 10.740400
1 4.895129 11.187381
1 6.475949 9.178844
1 6.492517 8.519879
1 -13.419857 2.092785
1 6.878228 8.699390
1 17.855728 -1.067958
1 5.808586 8.034441
1 -14.588175 1.478479
1 -13.522075 0.158607
1 14.490627 -0.119419
1 4.869215 11.380041
1 5.219028 11.573725
1 5.994658 12.574456
1 5.361325 11.600937
1 5.236044 11.454019
1 -13.231244 2.078852
1 -14.295077 -0.357726
1 -5.856521 -16.313965
1 -16.670595 0.229668
1 -12.808607 3.954587
1 -13.895915 1.996764
1 -17.395908 1.595969
1 -0.699874 -21.660156
1 -15.449412 1.177999
1 14.498802 3.652127
1 -16.725756 1.200832
1 5.090915 11.736127
1 15.530482 -0.302063
1 -14.084554 1.791389
1 -17.623659 -0.380409
1 12.600560 4.391091
1 5.602549 10.967845
1 -14.189522 1.337342
1 -13.377051 1.771684
1 13.938256 -2.031787
1 20.837759 -4.629376
1 20.771519 -4.700090
1 5.660038 11.411036
1 13.945674 -1.940200
1 -14.747704 -1.903399
1 14.021949 -2.028734
1 14.194238 -1.866598
1 14.860343 1.535310
1 6.668370 10.957204
1 5.307804 11.538300
1 -12.765839 0.018170
1 15.168159 1.568236
1 14.177087 -1.747365
1 -16.435987 0.319350
1 16.233286 -0.477913
1 13.961890 -2.046715
1 4.938082 11.121654
1 5.263216 11.722986
1 14.155949 -1.595233
1 13.963263 -1.997895
1 6.351750 11.287869
1 -16.168266 0.880449
1 13.906473 -1.988978
1 5.176505 11.750087
1 14.002849 -1.883406
1 16.052830 1.136962
1 13.922014 -2.018975
1 14.075894 -2.000277
1 13.947428 -1.908642
1 -18.615549 -6.485725
1 5.630841 11.503726
1 5.135062 11.852410
1 13.931194 -2.007061
1 15.156950 0.631539
1 -18.130898 0.572574
1 5.116942 11.499845
1 4.987448 11.282535
1 13.855143 -2.098173
1 -7.037283 -0.069005
1 14.857629 1.177020
1 13.988657 -2.137367
1 14.097010 -1.836275
1 13.939704 -1.952691
1 -0.538141 17.811974
1 4.892982 11.440893
1 -17.847233 -5.794175
1 5.148930 11.523221
1 -12.953084 -0.125514
1 -12.914426 -0.168690
1 -15.286890 1.881321
1 4.947819 11.649913
1 17.663740 -2.275992
1 -12.991943 -0.158351
1 5.586041 11.645428
1 5.052929 11.575164
1 5.522966 5.374207
1 5.453251 11.505796
1 5.340424 11.876885
1 13.462094 5.845065
1 5.146407 11.852211
1 5.321172 11.664860
1 5.046903 11.469845
1 5.298318 11.589780
1 5.161237 11.552296
1 5.423450 11.451097
1 13.871918 -2.054111
1 -3.078738 -21.279896
1 -22.987398 -2.487006
1 5.238637 11.467577
1 -22.333031 3.277689
1 5.138885 11.540071
1 -5.712060 -13.513369
1 5.087747 11.330080
1 -13.774122 5.588385
1 5.263852 11.756611
1 5.494945 11.212729
1 19.672625 -5.738523
1 17.367571 -3.311628
1 5.185953 10.957040
1 5.171610 11.577688
1 14.271070 1.035187
1 5.042360 11.254240
1 5.240219 11.702438
1 5.183159 11.563589
1 5.553179 11.841486
1 9.866303 -13.283536
1 -13.331919 -0.730465
1 -12.786188 -0.219112
1 5.555208 11.434608
1 16.083500 1.165763
1 15.548257 -15.571743
1 5.110791 11.639161
1 5.394433 11.720402
1 5.175438 11.202985
1 5.357126 11.653344
1 14.935776 0.141714
1 4.276990 12.583647
1 4.914597 11.670181
1 -7.872961 -4.344101
1 -14.120533 1.424336
1 -15.620958 -3.952892
1 -12.067774 3.737697
1 -17.261639 -1.482883
1 6.184824 9.416780
1 -16.688690 -0.161479
1 -16.396475 0.825752
1 4.605356 11.349711
1 -13.660767 0.799379
1 -16.219555 1.077829
1 -16.702057 0.324378
1 -13.003627 3.947000
1 -17.229254 -1.894514
1 15.266646 1.133532
1 -16.720161 -0.691150
1 5.007230 11.350185
1 15.117695 1.620983
1 15.256965 0.751374
1 5.083735 10.331079
1 3.737245 9.921128
1 -14.374993 -0.395716
1 -13.254628 0.452861
1 -18.026869 -1.493915
1 -12.957212 3.812139
1 3.079723 6.840028
1 -13.952628 1.498129
1 6.337395 8.918795
1 -14.245095 -0.632018
1 -13.632899 2.438355
1 -16.645344 0.232535
1 -17.924124 -1.563833
1 -17.899796 -1.590683
1 -12.891867 3.792398
1 -12.349629 -0.028782
1 -16.310118 -0.361736
1 -16.209873 0.621890
1 6.478116 7.593864
1 6.239110 9.296322
1 -15.182268 -0.919069
1 4.026202 9.612674
1 6.529834 7.652303
1 -15.899982 -0.136157
1 -12.985728 1.481750
1 -17.298616 -2.702226
1 -14.160959 1.167211
1 -13.323711 4.193149
1 -14.434713 -0.471335
1 -13.086488 1.608042
1 -12.777276 0.466314
1 13.258180 0.002781
1 -16.630167 -2.071857
1 5.251951 11.467139
1 5.000875 11.587337
1 -15.372317 0.834239
1 -13.261902 1.056911
1 15.843742 1.156702
1 15.429413 1.204830
1 -13.002609 2.768341
1 -17.223488 -0.111830
1 15.463672 1.084018
1 15.408740 0.655957
1 15.299866 1.014823
1 15.010962 1.070931
1 14.824302 1.253101
1 5.561476 11.520724
1 5.888437 6.097331
1 -15.567881 -2.113900
1 -16.963268 1.633734
1 -14.764789 0.418531
1 -13.597631 3.843148
1 -13.561412 2.030296
1 6.040258 9.309204
1 -8.346607 -6.338125
1 -15.240316 1.288194
1 15.558643 1.095769
1 -15.284509 2.005467
1 -17.295530 0.762670
1 -13.576361 0.789144
1 -13.175715 0.396187
1 -15.016912 1.153733
1 15.788893 0.263131
1 15.528177 0.945936
1 10.666416 -15.431831
1 -18.567652 -0.326068
1 15.948678 1.301292
1 16.162996 1.205124
1 -8.241240 -5.234587
1 -12.966349 3.807139
1 -13.255245 4.257469
1 -13.411004 0.383328
1 -13.186552 4.000850
1 4.473056 12.714268
1 5.244718 11.632537
1 -17.830566 0.706501
1 5.335651 11.367911
1 5.015089 11.015475
1 5.303724 11.471940
1 6.496483 8.411840
1 -4.362534 -17.912140
1 -13.735531 -0.174645
1 -16.664162 -0.267640
1 -16.003660 -0.558221
1 -17.321211 0.381814
1 13.934726 -1.792618
1 6.322529 8.546572
1 -17.375093 -1.575956
1 -17.287922 -0.154210
1 15.833386 0.097035
1 15.380635 0.822307
1 -14.910552 1.574008
1 -11.367230 -0.693957
1 5.839005 9.226261
1 5.014618 11.614223
1 4.702379 11.037807
1 4.850763 11.172281
1 6.358319 7.475997
1 5.296275 12.088200
1 6.350515 7.321805
1 5.201188 10.446334
1 15.551804 0.935879
1 5.310919 10.481154
1 -13.960464 1.141305
1 -6.389828 10.549273
1 14.605349 0.646075
1 15.603944 1.792215
1 14.577188 0.683668
1 16.257891 -0.128608
1 -7.030890 10.285640
1 5.318645 11.875145
1 2.288036 15.859061
1 -17.543318 0.265150
1 14.063031 -1.937613
1 -13.191008 1.901786
1 15.704414 0.694513
1 5.470604 11.351882
1 5.574121 11.276069
1 14.200046 -1.372784
1 -15.313141 1.571975
1 2.151041 16.272846
1 -17.478783 0.163307
1 20.814163 -4.708911
1 5.394433 11.453598
1 6.785833 8.459882
1 7.323143 13.435369
1 -16.724085 -0.478169
1 -15.437950 -1.217143
1 5.666975 11.290456
1 -18.112156 -1.444416
1 5.826012 11.349679
1 6.016089 9.950840
1 -7.055164 10.297693
1 5.410127 11.533149
1 5.200483 11.584970
1 4.668912 11.156144
1 11.857479 -7.157338
1 15.694504 0.749770
1 6.392325 10.573879
1 6.860360 8.960463
1 -11.869870 -1.566448
1 5.060889 11.629328
1 16.993082 4.048563
1 4.973772 11.696332
1 8.570250 9.956059
1 15.666922 0.156832
1 -17.446392 -12.160987
1 5.573596 5.782302
1 13.744164 -1.887526
1 4.709146 11.322077
1 4.994719 11.459989
1 14.230192 -1.870349
1 2.313436 16.670393
1 14.068162 -1.813092
1 5.443968 11.447888
1 5.108924 11.371035
1 5.787961 11.824613
1 -14.913446 1.561223
1 5.228578 11.550383
1 17.554300 -2.289829
1 -7.093391 6.621585
1 13.969473 -15.491410
1 5.336108 11.495162
1 5.691312 5.421524
1 4.489723 11.543063
1 -18.878431 -4.268679
1 5.327329 11.662474
1 5.474682 11.603040
1 5.156245 11.639832
1 -15.477997 -8.427938
1 5.145504 11.588840
1 5.098075 11.579949
1 14.237085 0.919332
1 5.265530 11.615460
1 5.294765 11.552011
1 5.190688 11.636148
1 5.457459 5.607973
1 5.053128 11.683184
1 15.283950 -15.885480
1 5.179998 11.818721
1 5.219233 11.462671
1 5.416394 11.156209
1 -9.343326 13.296914
1 5.350373 11.386531
1 13.757602 -1.943309
1 5.468421 5.560770
1 5.543085 5.438495
1 5.337443 11.775192
1 -12.888165 -8.434441
1 -17.454527 3.940475
1 4.860928 11.798938
1 5.149002 11.552527
1 5.232657 11.582349
