1438
1 -14.337208 -0.244463
1 -16.416557 0.316847
1 -14.187495 -0.326197
1 -15.204617 0.239120
1 -16.009752 0.146218
1 -13.680146 -0.322099
1 15.782022 0.548303
1 16.429352 0.045670
1 -15.843087 0.130299
1 -4.420696 10.733888
1 -12.912642 3.592379
1 14.238924 -0.270257
1 15.169794 0.782916
1 6.713769 7.800582
1 -16.719584 -1.301150
1 -16.825077 0.310929
1 -12.924034 3.967551
1 -13.376469 1.417625
1 -6.189484 10.899542
1 13.851336 -2.226463
1 -16.215923 -0.493710
1 -6.323334 10.662806
1 -13.030653 3.617765
1 -16.624268 0.206004
1 -16.147898 0.131879
1 -12.421936 1.203257
1 15.324873 1.103534
1 -13.694258 0.716128
1 17.106464 -2.791471
1 -16.732426 0.049801
1 -17.978895 -1.448163
1 -12.508693 4.030821
1 4.829925 10.110616
1 -17.583313 -1.605797
1 -12.735337 3.992058
1 6.175638 8.687902
1 6.132829 9.161833
1 15.570227 1.897387
1 -13.200368 1.877376
1 -16.093910 -0.781712
1 -13.627715 0.517071
1 6.883891 11.918753
1 -7.469125 -6.700502
1 -6.869203 11.056730
1 -14.939121 0.920421
1 -17.918196 -1.229151
1 15.268906 1.186962
1 -14.210999 1.364157
1 -13.452600 4.001913
1 -7.771024 -6.518346
1 -13.338836 4.952676
1 14.982129 0.702110
1 4.975770 11.748720
1 -13.174075 0.233678
1 6.556920 7.850944
1 15.449192 0.607041
1 4.354429 12.531738
1 -6.001291 10.616387
1 6.937293 7.487462
1 -13.701121 -0.167244
1 -13.140767 0.563278
1 14.067398 -2.015166
1 -16.992470 0.930929
1 -6.649520 10.191545
1 14.204832 2.649338
1 -16.823256 0.334730
1 -14.282674 -0.185377
1 5.485244 11.795014
1 14.351943 -1.813329
1 6.246143 7.739402
1 6.134320 11.314361
1 5.053852 11.450601
1 5.067521 11.517358
1 4.903790 11.460821
1 -16.028740 -0.815489
1 4.193662 12.833699
1 6.236001 9.180690
1 -13.062243 -0.204077
1 -14.748295 1.138456
1 -14.129834 0.418723
1 -5.934428 10.211115
1 -3.004516 10.409041
1 -15.929341 -0.980725
1 -13.376746 0.488477
1 -6.442420 10.614424
1 -15.099449 1.498963
1 4.979926 11.745594
1 -16.478220 -0.111762
1 -17.667292 -1.499332
1 -15.180028 1.250819
1 15.862862 1.552999
1 -17.935423 -1.236345
1 15.049687 0.656035
1 -14.969311 1.871209
1 14.844726 0.927441
1 6.396839 8.869438
1 -13.275007 4.056592
1 16.263281 1.395311
1 -6.525060 10.347373
1 -6.849623 10.276785
1 -6.456098 10.348198
1 5.530324 10.936842
1 5.590921 11.306500
1 -17.399036 -0.350447
1 -13.915220 0.064397
1 -6.544955 10.051409
1 4.422081 12.182852
1 -13.753494 0.225699
1 15.257816 -0.979911
1 5.832646 8.722059
1 6.600822 7.710608
1 4.746321 11.624884
1 -6.350016 10.275234
1 6.396652 9.833060
1 5.261143 11.848819
1 15.134416 0.685220
1 14.360775 0.900130
1 -6.816115 9.887155
1 -13.758748 -1.161515
1 5.620963 12.002254
1 -16.654346 0.278770
1 15.196616 1.203070
1 -6.247263 10.219371
1 -6.131006 10.277481
1 15.260741 1.199146
1 -17.084650 -0.081076
1 -17.746576 -1.646028
1 -6.401655 10.582424
1 15.468349 0.700410
1 4.386539 9.755219
1 -6.712668 10.117382
1 -14.088017 -0.517447
1 -15.922874 -0.132704
1 -16.182684 1.571145
1 6.578381 8.244315
1 -6.117155 10.287251
1 5.338488 10.559146
1 6.454124 9.279567
1 -6.933283 9.962071
1 14.085941 -2.002600
1 4.651336 11.385139
1 -6.404355 9.988660
1 4.330245 11.140611
1 5.542391 11.919608
1 14.111279 -1.774127
1 -16.226206 -0.315925
1 -8.230002 -5.095300
1 5.009192 10.649368
1 -6.518190 9.938165
1 -6.563178 10.427029
1 -6.767607 10.236793
1 5.637771 12.272800
1 -13.159472 0.081086
1 -11.956945 0.025273
1 5.729115 12.388137
1 5.363460 12.224931
1 -6.851204 10.090469
1 15.280112 1.157247
1 13.948302 -2.129972
1 6.422622 10.148493
1 15.098870 1.105355
1 14.970682 1.133361
1 -6.626065 10.297946
1 -6.003667 10.188487
1 5.966761 11.661077
1 -16.997957 -0.267106
1 15.071156 1.344321
1 4.978118 12.009222
1 15.779456 1.123558
1 7.557959 -21.967789
1 0.819820 -3.635192
1 -6.914241 10.506106
1 -18.429399 -0.239734
1 15.665094 0.855870
1 5.579066 10.836290
1 7.269782 10.346272
1 15.404633 0.657942
1 4.968446 11.846690
1 6.053876 11.231156
1 14.937127 0.816588
1 -6.724751 9.817804
1 -6.862243 10.328309
1 -7.063156 10.209305
1 7.084951 11.658252
1 5.594136 11.504971
1 5.498396 11.381407
1 -15.922007 -10.505415
1 4.920691 11.510052
1 5.278356 11.567810
1 -6.484827 10.170631
1 14.101986 -1.942811
1 -6.715078 10.045987
1 -6.587058 10.594369
1 6.406145 9.114673
1 5.101692 11.558761
1 5.388638 11.822535
1 -12.065042 -2.045966
1 15.428740 1.054453
1 -6.426399 10.248351
1 -6.806883 10.438630
1 -6.891028 9.872235
1 -6.839645 9.769805
1 14.193567 -2.093965
1 -6.907885 10.104011
1 4.627669 11.397593
1 -6.776405 9.903958
1 6.143659 7.301589
1 2.189847 -20.322054
1 14.505643 1.008879
1 5.560511 11.557776
1 -6.340585 10.495955
1 -6.896391 9.941178
1 -6.819451 10.057183
1 -8.395042 8.858835
1 -6.419633 10.379176
1 -8.070337 8.771153
1 -6.482433 10.376088
1 5.122825 11.469084
1 4.886551 11.233426
1 15.404119 0.848880
1 14.549310 -1.639568
1 5.426763 11.858559
1 -8.642708 8.433661
1 5.205053 11.656153
1 -16.798006 5.641878
1 -14.112667 0.819307
1 -11.142745 -0.406371
1 5.440729 7.305544
1 5.085875 11.540009
1 -11.520494 -0.633728
1 -6.745956 9.990433
1 -6.635226 10.080535
1 -13.160000 -16.224333
1 -7.053576 9.982441
1 21.226025 2.913065
1 13.593227 2.822079
1 5.168911 11.572519
1 5.300693 11.690003
1 5.849927 3.572297
1 -6.854085 10.007343
1 -12.930636 -0.494255
1 5.350887 11.729806
1 -4.045796 2.466009
1 -18.961458 -6.798431
1 -7.630795 7.893687
1 -7.108718 9.816842
1 5.220432 11.513895
1 -6.877693 9.815739
1 -6.827210 9.594518
1 5.042754 11.679176
1 -16.061882 5.738954
1 -6.693609 10.007087
1 -6.720098 9.912463
1 -7.409533 -19.249681
1 13.539884 9.811071
1 -7.059144 9.878166
1 -6.529788 9.939070
1 5.895245 -19.685513
1 -6.873092 9.587052
1 5.183619 11.682414
1 -12.864875 -17.275434
1 19.252941 4.847465
1 5.258579 11.632530
1 6.756709 5.964186
1 -6.570374 9.888638
1 4.851960 11.632106
1 5.327831 11.358670
1 4.347882 11.746044
1 -4.684427 19.153584
1 -15.259962 -10.158014
1 5.346154 11.610867
1 4.941203 11.233438
1 -6.948862 9.979665
1 4.849338 11.230114
1 -13.885374 2.325680
1 -6.718123 10.165960
1 -10.980658 -0.359300
1 7.790601 10.279537
1 -2.345241 18.519928
1 5.382750 11.604001
1 4.873653 11.682274
1 4.572845 12.611922
1 -5.859657 10.669604
1 -14.601643 -0.041274
1 -14.698545 -0.469702
1 -12.763571 1.042399
1 15.237967 2.284627
1 15.451155 1.803452
1 -5.753647 10.868356
1 6.393014 8.732356
1 14.719281 1.174563
1 14.907576 1.600288
1 15.050465 1.511941
1 -13.096414 3.923829
1 -13.110276 3.593709
1 -12.915807 3.851738
1 -18.002054 -1.492934
1 16.123526 1.509677
1 -17.101301 -0.216104
1 -17.702124 -1.100410
1 -5.825254 10.266509
1 -5.918130 10.725683
1 -5.899096 10.880598
1 15.197475 1.472296
1 -12.496585 0.649640
1 15.906531 -0.568418
1 14.443265 1.373220
1 -11.944405 4.302630
1 -6.361429 10.548230
1 -15.455552 0.752669
1 -15.551201 -0.609993
1 3.761906 9.790843
1 -13.499412 3.250183
1 0.945201 15.447416
1 -16.862303 -0.934112
1 -14.834435 -1.556918
1 -6.026433 10.578927
1 4.942919 9.603506
1 16.233089 -0.615293
1 14.419948 0.754600
1 -13.072778 3.669968
1 -16.414616 0.419290
1 4.606493 11.188003
1 -20.268724 -0.925159
1 -14.186833 1.332108
1 6.064511 8.669460
1 -16.311028 0.269755
1 -13.089423 1.631713
1 16.364563 2.167730
1 -16.463509 -0.091076
1 -13.343285 0.543251
1 12.862722 4.136555
1 -18.052689 -1.554105
1 6.093944 8.257251
1 -18.015530 -1.496410
1 -16.505560 0.167926
1 13.542114 4.028235
1 -12.389495 0.367263
1 -13.303551 4.139163
1 -13.232320 4.075646
1 -13.249692 3.920973
1 -6.199879 10.904202
1 -16.614666 -2.272558
1 -17.612942 -1.515547
1 6.627474 8.104808
1 15.417184 0.727115
1 15.506705 0.852240
1 -13.688697 -0.505852
1 6.616360 6.776717
1 4.369295 9.940789
1 -16.243338 1.513934
1 -6.358316 10.181315
1 -6.062740 10.917905
1 -17.931011 -1.639434
1 15.282422 0.134692
1 3.892179 8.941952
1 5.705445 8.662128
1 -16.270777 0.010694
1 -13.176114 1.820091
1 -17.118690 -0.515165
1 -7.492127 8.937861
1 -1.266745 11.528066
1 -13.957003 1.828192
1 -17.937714 -1.325240
1 -15.759433 0.378029
1 16.217108 2.471688
1 -11.259338 -9.384014
1 -13.029577 1.546292
1 16.609461 -0.330293
1 15.373867 1.419843
1 -6.662949 10.615422
1 3.788573 10.327007
1 -5.870412 10.877580
1 -15.713820 1.652805
1 16.412020 0.211872
1 -13.509630 -1.465644
1 6.355538 9.327875
1 -13.211964 0.712432
1 16.000599 1.385426
1 2.862567 8.389198
1 -5.620916 10.342023
1 16.925322 -0.403856
1 4.648425 10.279241
1 -16.867785 6.280064
1 -6.282559 10.544448
1 13.895060 2.927904
1 -5.703217 10.183466
1 -5.573454 10.171694
1 6.151477 7.695381
1 4.150200 10.750977
1 -12.449809 -2.020722
1 -6.345350 10.749159
1 3.985960 10.526995
1 -6.014866 10.303817
1 15.456059 1.168899
1 -17.061337 -1.539721
1 -16.296707 0.037314
1 6.168902 8.808707
1 6.085950 10.265115
1 4.486444 12.141437
1 -14.812663 -1.359110
1 6.345985 8.131679
1 -6.204629 10.490371
1 -17.046509 -0.872909
1 -13.642382 0.330971
1 4.444877 11.975633
1 4.875580 11.446023
1 15.805677 -1.124976
1 -18.109215 -1.500212
1 -17.664051 -1.025953
1 -15.618707 0.819969
1 -13.699924 -0.199201
1 15.055796 1.173496
1 4.336829 11.204555
1 -5.685696 10.764479
1 -16.142401 -0.448717
1 6.247285 7.020539
1 -5.276587 10.451324
1 -16.785284 0.482073
1 -12.132788 1.987441
1 -12.952328 1.292533
1 -0.048907 15.986862
1 -6.150655 10.532804
1 5.534169 11.889178
1 -5.680624 9.961580
1 -6.449616 10.437016
1 -18.234303 -1.535825
1 -5.941711 10.467064
1 -6.321305 10.772575
1 -17.114845 0.368934
1 13.952936 -1.985151
1 4.602531 10.410428
1 -13.172489 3.968695
1 -6.186691 10.222308
1 -6.185040 10.441496
1 4.649804 11.842398
1 -5.849974 10.229724
1 14.629022 -1.795234
1 -16.300823 5.967675
1 15.484918 0.930836
1 4.796075 12.210266
1 -18.601288 -1.086856
1 -5.910803 10.251261
1 -13.581714 -0.389478
1 5.071935 11.435686
1 -11.833627 4.335549
1 12.934507 3.449629
1 5.087684 11.890710
1 -11.527094 3.582799
1 5.249842 11.687737
1 16.345028 1.313230
1 15.755442 0.418975
1 6.184955 3.626894
1 6.424678 8.799953
1 4.956016 12.032131
1 4.804952 11.873472
1 5.117295 11.652476
1 -13.167183 2.848314
1 -6.300526 9.638228
1 -12.956327 3.698987
1 -7.027989 11.177679
1 14.232106 4.685127
1 15.631080 -0.060811
1 5.171590 11.864903
1 2.885997 9.842643
1 6.454254 8.950109
1 -6.201904 10.276776
1 5.497253 5.662863
1 -17.276314 0.897161
1 5.477890 11.866572
1 -2.527383 -17.748770
1 -6.293662 10.291703
1 13.918786 0.485778
1 -6.918682 9.725758
1 14.341147 0.654567
1 -7.056370 10.195148
1 -5.920170 10.280305
1 5.180973 11.543975
1 -20.068232 -8.806819
1 -6.128358 10.345937
1 5.260778 11.420289
1 4.779062 11.751810
1 4.784883 11.540938
1 5.055188 11.317900
1 17.544430 -2.254502
1 17.537537 -2.169625
1 5.502952 5.563612
1 5.499884 11.590597
1 5.225273 11.487438
1 5.056081 11.663768
1 5.204259 11.720322
1 -14.019724 -16.764547
1 5.236487 11.548585
1 -6.082743 10.024383
1 4.819862 11.690324
1 5.429594 10.942719
1 5.302096 11.533527
1 -14.433673 -14.684032
1 5.222417 11.703846
1 13.873263 -15.531612
1 -11.433610 -0.310825
1 5.132452 11.503452
1 7.426398 5.949100
1 5.063493 11.585974
1 5.383874 11.816146
1 -11.543596 7.476638
1 -18.460646 -9.675391
1 5.251555 11.680084
1 5.114209 11.812910
1 5.365519 11.532204
1 13.180586 5.676105
1 6.085106 6.510830
1 -6.328207 9.899920
1 -5.721087 10.293870
1 -10.570072 1.660929
1 -6.097244 10.077709
1 -11.012671 -0.117631
1 -6.171263 -15.590410
1 4.543540 11.662710
1 5.280254 11.545242
1 -10.468399 -19.037687
1 -5.590674 -15.945536
1 -5.784056 9.967646
1 -6.214643 10.255751
1 -2.687004 17.255486
1 6.382998 5.654746
1 5.429058 11.622304
1 5.136669 11.514092
1 5.618956 11.306655
1 5.412344 11.527000
1 5.123955 11.641178
1 5.541375 11.641385
1 7.375843 11.625043
1 4.636125 12.338664
1 -10.508583 -2.491848
1 -11.860886 -1.542618
1 -16.623404 -0.456335
1 -12.615205 0.414128
1 5.663489 5.685581
1 -16.884373 -1.594358
1 -12.970238 3.675469
1 -13.078722 3.632498
1 4.520054 11.573989
1 -17.951960 -1.392625
1 -13.840632 -0.782422
1 -16.033636 -1.482060
1 -12.331800 0.794527
1 -14.497143 -1.484418
1 -13.512657 -0.098590
1 -18.666372 -0.571566
1 -17.158632 0.900300
1 -13.132124 3.839217
1 11.705244 2.735632
1 4.548113 10.749419
1 -13.132501 0.822949
1 -16.970800 -0.351649
1 -14.189773 3.483658
1 -16.243298 -0.310293
1 6.118416 7.962528
1 -16.476963 -0.166806
1 5.602341 8.629673
1 6.333536 6.351585
1 4.823592 7.909276
1 -14.990971 -0.457436
1 -16.479904 -0.879123
1 6.368612 6.750667
1 -16.730677 -2.180721
1 -13.595664 3.431127
1 -15.016912 1.869185
1 -16.813639 0.599612
1 5.273871 10.744558
1 -14.110387 1.631151
1 -8.215478 -4.261975
1 -13.136594 1.663124
1 -13.262792 -1.856343
1 -14.822933 -0.165200
1 16.144131 1.453059
1 -16.443760 -0.533567
1 -16.060646 -0.759234
1 -13.024769 1.625367
1 -13.169887 1.784365
1 6.537912 7.711581
1 5.513230 11.455254
1 -13.600321 0.156094
1 -18.077568 -1.669301
1 5.543396 10.834146
1 -13.082267 3.810603
1 -17.024733 -2.706810
1 4.030537 9.754400
1 -15.585192 0.226008
1 4.495660 12.498162
1 -16.880772 0.237253
1 -13.710211 3.673830
1 -17.871178 -1.423303
1 -12.859929 1.071839
1 -16.764120 0.272191
1 -12.482259 0.881434
1 -12.981435 3.698580
1 5.862141 8.332878
1 -13.805372 1.944189
1 -14.394808 5.703362
1 -13.287784 0.490363
1 -13.190516 0.385212
1 -17.028025 -1.443781
1 -15.104813 0.490725
1 -12.556083 3.332604
1 -13.052923 3.569549
1 -16.350000 -0.846779
1 -13.450421 1.759295
1 -16.978134 -1.153769
1 -15.518620 0.072659
1 5.011490 11.578789
1 5.573274 11.223984
1 -13.954042 1.912998
1 3.939048 10.077294
1 -12.470259 2.933878
1 -9.419464 -9.680556
1 -16.047127 0.528791
1 -12.170639 4.193592
1 5.648750 11.885626
1 -16.217113 -0.549317
1 -17.507761 1.051311
1 6.426609 8.315395
1 6.217185 7.477874
1 8.283702 10.009245
1 7.467588 7.024462
1 -16.727188 -0.236040
1 -13.070744 0.090199
1 -7.881455 8.535540
1 4.739296 11.210844
1 4.621493 11.142570
1 5.475000 11.513557
1 -1.616600 -13.478961
1 -18.144873 -0.158033
1 -17.820089 -3.154596
1 5.892887 8.893495
1 -11.735331 1.188509
1 0.428690 -12.672493
1 -12.722348 0.583208
1 7.703332 -15.133737
1 18.846352 -5.303917
1 5.878885 10.324260
1 6.861751 7.728731
1 5.861727 7.873137
1 -15.691369 -0.373552
1 6.502595 10.172804
1 5.617348 11.360560
1 -3.904253 -3.168808
1 -15.775723 0.832542
1 4.912966 11.913217
1 12.651288 4.437900
1 5.016768 11.062037
1 14.316389 0.780133
1 4.306916 10.485271
1 5.096074 11.347858
1 5.278877 11.422099
1 4.838871 11.773522
1 5.047107 11.550092
1 -18.099258 -1.642931
1 6.470356 10.450480
1 10.092964 -13.842689
1 -16.125065 -0.719177
1 -14.315269 7.506120
1 -11.505409 -0.248926
1 -16.930382 0.620013
1 -3.609490 -14.139152
1 -17.659639 0.659313
1 5.262517 10.944510
1 7.229067 9.282014
1 5.455179 11.224377
1 -16.001085 0.218669
1 5.216575 11.523240
1 -9.179861 5.662281
1 4.716971 11.343337
1 -12.838544 -0.297119
1 13.670152 -8.904109
1 11.054607 -17.275507
1 5.351907 11.503774
1 -8.941961 16.138453
1 5.226887 11.589963
1 6.036758 7.486927
1 -15.604730 5.109593
1 -12.854190 -0.543078
1 4.886294 11.134547
1 -13.202655 -0.807776
1 5.315817 11.755814
1 8.533951 11.399027
1 5.406652 11.773520
1 -4.442021 -20.708326
1 -10.410502 -14.178662
1 5.388846 11.530712
1 -12.913634 -0.277972
1 5.257649 11.040220
1 -11.725194 -0.285934
1 5.392385 11.511832
1 5.351666 5.539539
1 5.105824 11.711522
1 5.143167 11.636287
1 4.920236 11.324984
1 5.254611 11.376091
1 5.265415 11.505931
1 13.911720 -2.215094
1 13.748596 -2.243811
1 13.862806 -2.023500
1 8.549465 2.020710
1 -11.107584 -0.548140
1 5.073738 11.990901
1 -11.251775 -0.421877
1 5.288234 11.792399
1 5.106651 11.560797
1 14.345286 0.802656
1 17.334433 -7.426542
1 5.205176 11.554177
1 -4.442894 -20.335737
1 5.212883 11.526075
1 5.384869 11.833218
1 -11.459319 0.352808
1 -17.457693 -2.740807
1 -12.387807 0.599906
1 -17.230618 -3.519445
1 -12.648682 3.028983
1 14.953337 1.371803
1 -5.908966 11.103250
1 4.709186 11.405004
1 -7.948192 -4.049789
1 -14.129397 -0.708042
1 3.510870 11.214343
1 -13.990975 3.545630
1 -14.521687 -1.571213
1 -4.389695 10.654560
1 16.586182 -0.342873
1 15.290814 0.401683
1 15.893295 1.868343
1 14.410587 0.861078
1 -5.696517 12.995890
1 -13.279529 3.130472
1 6.240568 6.971591
1 -14.487532 -1.418429
1 15.618916 0.443834
1 -6.488882 10.083030
1 -17.183243 -2.951949
1 -13.034150 0.272530
1 -16.738235 -0.543958
1 -16.775043 0.207170
1 6.813560 6.694171
1 4.355793 12.116544
1 3.906108 9.904470
1 1.735884 -15.346704
1 -5.723051 10.576720
1 -13.128645 3.727881
1 -12.732070 3.763196
1 1.859757 -15.717622
1 -14.523619 -1.590716
1 7.011003 10.349819
1 -3.876152 10.514869
1 -14.891377 -1.790508
1 -16.519264 -0.831820
1 13.258824 -0.125309
1 6.205299 8.466693
1 -3.841325 11.730448
1 15.870620 1.873318
1 15.943029 1.776370
1 -16.131569 0.376067
1 -12.291108 0.672087
1 15.135903 0.551853
1 5.275555 12.069323
1 -16.644876 -0.242884
1 -14.411772 5.413137
1 -17.436213 0.377735
1 -11.220285 -1.323342
1 -15.459558 0.434120
1 2.587667 6.395679
1 16.468618 -1.437931
1 6.587942 7.958916
1 -16.123026 1.357817
1 -7.768135 -4.451234
1 16.203150 -0.974925
1 2.181396 -15.141117
1 6.453520 8.732841
1 -15.789207 -1.123277
1 -13.269047 1.957447
1 -5.176684 10.290937
1 -14.474966 1.784219
1 15.403368 0.686254
1 2.249467 -15.692049
1 -16.807926 0.031856
1 3.397332 10.969196
1 -11.699255 0.489515
1 -13.370767 4.098937
1 -13.127919 3.971365
1 -13.057413 3.788236
1 -12.963054 2.901774
1 -14.836529 -0.870339
1 15.821170 2.083213
1 5.861178 9.605434
1 -12.658274 0.699652
1 15.301271 -0.453430
1 15.387895 0.648970
1 6.217952 8.553796
1 6.389884 8.297668
1 -16.153934 -0.152347
1 -17.989067 0.836621
1 -6.053675 10.763574
1 -5.351777 10.878667
1 1.813763 -16.011717
1 -12.511555 4.080495
1 -3.513077 11.536489
1 -16.814022 -0.873862
1 -6.158717 10.380401
1 16.032288 -0.437266
1 16.427811 -0.582212
1 16.619978 -0.704268
1 -13.475011 -1.938795
1 16.374384 -0.741147
1 -13.638758 1.968518
1 5.998692 10.804868
1 -13.755860 1.917603
1 -11.134459 6.267333
1 15.407027 1.215931
1 -16.484495 -2.275406
1 4.445415 -13.470716
1 4.425521 10.371384
1 3.744889 6.703603
1 5.257843 10.855452
1 1.975786 -15.848577
1 -5.590780 10.368203
1 13.972974 0.021583
1 -12.959414 0.170944
1 4.345095 10.967239
1 2.122977 -15.753523
1 14.536416 -0.558770
1 14.303766 -1.189777
1 -13.137550 0.046555
1 -13.365151 1.377855
1 4.027686 12.087380
1 -16.898203 -1.490334
1 -12.879509 0.830754
1 14.924422 0.933728
1 -5.776121 10.909084
1 -5.943191 10.828937
1 13.838267 0.275519
1 -17.890551 -5.556629
1 -1.893723 -15.285555
1 -17.423126 -2.723415
1 -15.493734 0.443327
1 1.733190 -15.811947
1 -17.353601 1.086478
1 -13.256980 1.737467
1 5.649115 5.831755
1 16.101189 0.381825
1 -12.020602 0.169538
1 6.018333 7.939115
1 2.483488 9.442234
1 7.517977 6.934677
1 -5.902780 11.034718
1 5.005211 11.757912
1 -17.081013 -0.099062
1 -12.777164 3.255640
1 4.767300 11.313244
1 -13.446269 1.847500
1 -13.360622 -0.877931
1 -16.265774 0.279405
1 -6.075797 10.774287
1 -4.817060 10.123309
1 15.119678 1.143165
1 5.869998 8.233713
1 -13.423688 -0.613215
1 12.817190 4.161330
1 15.107206 0.180119
1 -14.766235 0.683395
1 14.321239 -0.186930
1 -6.895094 -15.627069
1 1.879071 -15.692956
1 4.243946 12.647822
1 12.662156 -6.507076
1 -5.669545 10.700052
1 -15.938374 -0.078288
1 2.163643 -15.845551
1 -7.920428 -5.209858
1 -6.544173 11.127982
1 -6.010429 10.667164
1 -5.709788 10.660664
1 -5.996698 10.455182
1 12.751646 9.946794
1 4.953260 11.505698
1 1.619475 -16.235910
1 -5.920801 10.624022
1 -5.756783 10.549479
1 -14.244931 9.486725
1 6.251672 6.097060
1 5.249854 12.429624
1 6.406152 9.624141
1 4.593633 11.365860
1 -6.047526 10.575357
1 -15.683935 0.278045
1 1.411168 -16.103920
1 4.635149 8.820684
1 5.292562 11.998154
1 13.768442 -1.320457
1 -7.491847 9.039147
1 2.307143 -15.566378
1 18.917315 -1.219952
1 4.718210 11.289874
1 5.307098 11.742313
1 4.945677 11.496055
1 13.676085 2.653478
1 2.736813 -15.652163
1 5.581562 10.462123
1 -6.050983 10.906447
1 -12.880897 0.915789
1 6.863585 8.782366
1 15.904689 0.691402
1 -19.330772 0.963603
1 5.358229 12.070101
1 -18.162491 -1.574124
1 6.264829 7.223915
1 14.383674 -0.846876
1 4.540746 11.678491
1 -13.411534 1.672891
1 6.993916 10.875146
1 16.034428 2.067375
1 2.449766 -15.797565
1 1.990885 -15.966106
1 -13.289867 1.573078
1 3.151833 7.611273
1 5.608341 6.921111
1 13.988250 -2.089639
1 6.651732 8.920445
1 6.141145 8.204600
1 4.813416 11.286317
1 -5.870765 10.090146
1 -12.036913 -1.679998
1 2.221472 -15.829378
1 4.800240 11.974893
1 1.695378 -16.509850
1 -13.423946 3.957880
1 -19.760475 -0.919328
1 5.927680 9.977718
1 -12.575446 3.814162
1 -7.531671 -6.823653
1 4.365349 11.475501
1 14.291674 1.025989
1 -13.136703 3.283041
1 -16.411182 -0.302874
1 14.735823 0.262235
1 -6.341288 10.694592
1 -5.909837 10.920565
1 -6.035036 10.308429
1 2.247597 -15.641996
1 1.764978 -16.141632
1 4.801661 11.470175
1 4.947593 11.371681
1 -18.185640 11.853037
1 -1.120054 -14.991480
1 -5.608419 10.588851
1 -17.696163 -11.929281
1 -17.158873 -8.341042
1 -5.909202 10.540659
1 17.542744 -2.142005
1 5.201942 11.541774
1 -6.092110 10.798786
1 5.177791 11.600184
1 -7.247848 7.035576
1 5.238506 11.707812
1 13.765787 -1.974022
1 5.170339 11.706286
1 5.318331 11.569485
1 -11.245366 -0.328017
1 7.593575 -22.003298
1 7.568497 -21.980530
1 7.569024 -21.977335
1 7.559933 -21.968342
1 7.568689 -21.977392
1 7.568402 -21.979891
1 7.570448 -21.973436
1 7.568972 -21.976219
1 -9.468538 6.144689
1 5.284218 11.509429
1 2.820717 -15.052263
1 5.373664 11.692999
1 -14.962782 9.932882
1 -14.658686 -5.859584
1 5.373691 11.634020
1 -6.249542 10.292855
1 -7.085992 7.115514
1 -11.608680 -18.066385
1 13.652269 -16.103968
1 4.973152 12.019485
1 5.218051 11.528049
1 -18.356598 -12.329484
1 -11.415921 -0.358408
1 -11.136967 -0.447111
1 4.730937 11.270883
1 -13.443892 -9.118464
1 5.246764 11.840390
1 5.069138 11.427267
1 14.001913 -1.966539
1 4.877398 12.661392
1 5.164964 11.757303
1 5.072196 11.581412
1 5.196265 11.440908
1 4.699789 11.144650
1 5.502506 11.664449
1 5.243976 11.568732
1 5.165885 11.752779
1 5.352737 11.747862
1 -3.362706 -19.763733
1 -19.372583 -1.752071
1 5.601256 5.577062
1 8.469258 10.271751
1 -6.146616 10.315242
1 5.245426 11.614539
1 -6.157787 10.233120
1 -14.413704 -9.723416
1 20.042521 0.039520
1 -5.684584 10.952402
1 6.254501 8.228812
1 -7.991557 -4.240146
1 -5.346099 10.814002
1 3.932298 9.726833
1 -14.891459 -0.055890
1 17.271465 -0.001369
1 -3.601438 10.564603
1 -5.460773 13.993087
1 -13.802358 -1.041455
1 -12.355118 0.873108
1 -17.298792 -3.807221
1 -12.989352 0.650077
1 15.202111 1.778126
1 -15.734783 -0.460530
1 15.887238 2.297749
1 16.055992 2.340157
1 14.890045 1.488873
1 -12.446015 -0.720616
1 -17.333393 -3.617192
1 -13.336432 -1.371637
1 14.545413 1.027103
1 -13.647756 1.879356
1 -12.644112 1.258314
1 -17.595436 -0.838870
1 -5.086477 10.456014
1 -5.289345 10.327327
1 -17.201454 -3.893854
1 -14.326739 -1.496593
1 -14.398843 0.378942
1 -15.460330 0.618210
1 6.217957 7.684314
1 -3.726719 9.003082
1 -10.841160 -2.053831
1 -12.859837 1.018992
1 -12.971522 0.699936
1 -12.576921 0.402412
1 -13.275661 -1.773788
1 -13.315430 -1.169582
1 -17.661192 -4.154119
1 -5.896047 10.322588
1 -5.570605 10.738859
1 -3.698595 11.182261
1 -12.869881 0.226895
1 -14.563377 0.317470
1 -17.115826 -3.060096
1 15.865076 1.207461
1 -5.227908 11.557558
1 4.225442 12.094531
1 6.642700 7.917197
1 6.713284 8.441692
1 6.344608 8.393422
1 -5.776158 13.628267
1 -5.407722 13.878452
1 -15.355967 -0.263484
1 -5.839623 13.380665
1 -5.169875 14.024239
1 6.681820 7.686587
1 16.085455 0.487234
1 -17.527498 -3.767505
1 -17.449114 -3.706149
1 16.609306 -0.531535
1 5.872953 9.137522
1 -14.252701 0.084977
1 -17.293060 -0.084887
1 1.656399 -15.926026
1 -5.060682 10.408982
1 -17.615072 -4.035740
1 -5.882134 10.078438
1 6.326069 7.704822
1 -5.366530 8.188118
1 -4.086023 10.918870
1 5.976858 10.050942
1 -5.071586 10.713573
1 -3.035616 10.597512
1 -14.668228 -1.324839
1 16.264971 2.668165
1 1.894148 -14.816897
1 4.923688 11.156468
1 5.235671 12.016778
1 -15.214696 -0.343545
1 2.052942 6.510807
1 4.412016 9.806247
1 5.125695 9.352842
1 -15.402300 0.153021
1 -18.495630 -0.859845
1 -12.915203 0.203636
1 -13.595553 -0.968517
1 -6.041373 10.772726
1 -5.357752 13.864865
1 16.425070 -1.299074
1 15.454515 -0.688284
1 -5.490627 14.121718
1 -5.386953 10.273444
1 1.643734 -15.852965
1 6.151950 6.800805
1 15.452405 0.489011
1 14.460385 1.560730
1 -5.372447 13.999183
1 -5.251007 13.988100
1 -16.421608 -1.198948
1 -6.189146 10.627449
1 -16.096981 -0.409158
1 -15.306014 0.638082
1 -12.285171 1.177984
1 15.924849 1.034513
1 -14.282811 -1.607839
1 5.492898 7.864958
1 6.680697 8.191407
1 -12.436918 0.902200
1 -16.816902 -2.589013
1 16.516949 -0.359690
1 5.477368 8.030919
1 -13.222375 3.754175
1 13.681849 0.054741
1 5.182418 11.658425
1 2.039452 -15.906507
1 -5.204020 -9.892682
1 -16.840542 0.322963
1 16.388269 -1.135535
1 4.418343 12.536927
1 -5.417037 13.934080
1 -15.562987 -2.136115
1 -13.546784 3.706164
1 6.387867 8.518619
1 -6.608711 9.955415
1 6.515468 8.141703
1 6.655437 7.930715
1 6.535127 7.702971
1 -5.859154 10.269400
1 -5.358749 13.340905
1 -5.282103 14.016860
1 -5.863651 11.001163
1 -5.673645 13.484526
1 -5.715693 11.235752
1 -4.982018 13.847824
1 -6.111510 10.766668
1 1.711224 -16.039492
1 -17.381205 -0.657242
1 -5.633634 8.393858
1 -16.175480 -0.895603
1 6.507017 7.865316
1 -5.493008 10.379695
1 -5.963295 10.148630
1 -5.070440 13.873487
1 -16.805801 -0.333225
1 6.068776 6.933273
1 15.296566 -0.792669
1 -4.839696 10.195153
1 -4.015937 14.491494
1 -5.177228 9.455485
1 -5.226770 13.937828
1 -15.346070 -6.177747
1 4.543288 9.548677
1 15.681938 -0.087705
1 14.831069 -0.567936
1 -17.006151 -1.127878
1 2.273107 -15.639385
1 14.325987 1.245530
1 14.894290 0.875675
1 5.041831 10.491565
1 0.194733 10.686924
1 -16.802219 -0.490162
1 -5.126292 10.195593
1 -5.009156 10.389277
1 5.398439 11.506130
1 -5.826607 10.601117
1 -5.370723 10.882786
1 -5.532465 13.513791
1 4.867968 9.050035
1 -13.169245 0.431051
1 -12.530588 0.996523
1 -5.522248 10.787742
1 -14.047375 -0.588596
1 -9.631842 -9.206218
1 -5.777453 11.078522
1 -5.114626 10.905950
1 -12.103149 4.071229
1 -13.071939 -0.310336
1 14.327886 -0.929422
1 -12.139910 0.547001
1 -5.611906 10.929818
1 -5.610619 10.938958
1 6.053553 8.709493
1 4.899450 11.710141
1 -5.321150 10.475518
1 -5.440289 13.668939
1 1.890113 -16.462410
1 -17.400293 -3.255653
1 -5.842701 10.499996
1 -5.737371 10.448778
1 -7.941800 -6.994431
1 -5.357435 10.798656
1 -5.529308 10.946109
1 5.775072 7.940881
1 -6.271922 10.693665
1 6.328861 7.072456
1 7.079005 8.186130
1 4.500350 10.467961
1 -5.599843 13.820441
1 5.042210 8.994151
1 -15.164169 -0.193954
1 -5.398598 10.819063
1 -5.888643 10.690682
1 -5.404856 13.866802
1 -15.786169 -0.019411
1 1.820138 -16.198156
1 16.247667 -0.898269
1 6.392564 7.852547
1 -9.721896 -8.401774
1 -7.470474 6.506070
1 17.254272 2.973706
1 5.124674 10.986443
1 -5.316405 11.031610
1 -5.605936 10.848219
1 -8.014849 10.063161
1 8.301132 9.865726
1 -5.504239 13.846256
1 -5.682819 10.597223
1 4.831279 8.661583
1 4.806728 11.993619
1 -5.353706 13.952752
1 -5.347148 14.111794
1 15.848602 2.018564
1 -13.162254 0.718792
1 -5.241981 12.967005
1 -5.387111 10.827120
1 -5.278690 10.812663
1 6.091591 8.527492
1 5.020368 11.421646
1 -14.562538 0.993514
1 -11.409108 1.463320
1 -5.362460 11.016510
1 5.839114 10.578572
1 -6.198452 10.418240
1 -15.537339 0.703056
1 -5.402381 10.524772
1 -5.112678 14.100240
1 -6.072268 10.951076
1 -5.317485 13.911211
1 1.306373 -14.969718
1 -5.821444 10.889322
1 -6.050952 10.673989
1 15.303054 0.499930
1 6.165149 9.441008
1 -11.805859 1.963562
1 -6.364083 10.581788
1 14.030739 -0.184178
1 1.924005 16.442511
1 -5.864590 11.200923
1 6.138909 9.581923
1 4.572193 12.369423
1 4.785330 11.480002
1 -6.565636 10.916921
1 -6.581611 11.188493
1 -5.567893 13.833436
1 -5.538282 13.739459
1 -5.665697 13.694186
1 -5.977867 11.069048
1 -6.203895 10.583455
1 15.543589 -1.235361
1 -5.630421 10.970810
1 -5.814235 10.869954
1 -16.909058 -1.854304
1 -18.131334 2.674088
1 -7.544008 6.491313
1 -12.494955 3.490392
1 -14.815483 1.221476
1 -1.756088 -16.456911
1 -7.206504 8.744758
1 13.856943 0.525288
1 -6.160841 10.359808
1 -5.790855 10.672553
1 -5.469653 10.726304
1 -5.657226 10.436041
1 -5.487865 10.331380
1 -5.313859 10.261335
1 -6.228662 10.888092
1 20.098253 0.066743
1 2.273132 -15.666957
1 -5.641631 10.638695
1 -5.594841 10.937306
1 11.739140 -8.154788
1 6.788903 8.569646
1 -5.174202 11.193856
1 1.893114 -15.967484
1 4.390086 11.678381
1 -5.712216 10.496864
1 2.245733 -15.685418
1 -17.875973 -3.364745
1 -5.028451 10.350959
1 5.604518 9.753555
1 -5.609769 10.196468
1 -5.824904 10.422966
1 -5.671679 11.064487
1 14.422516 -0.088458
1 -16.000879 -0.125811
1 -5.566462 13.875415
1 -13.530250 -0.382716
1 2.160071 -15.665999
1 15.667951 -0.827360
1 14.535048 -1.887662
1 -5.503188 13.896256
1 -6.787668 6.796035
1 -12.047949 -1.390420
1 14.421411 -1.420615
1 2.331395 -15.608797
1 4.756539 11.489696
1 -14.752952 -10.441504
1 -5.476446 10.422056
1 16.763933 8.772236
1 13.334506 -7.784144
1 -10.455617 -15.773869
1 -6.855321 11.585986
1 -5.452516 13.927150
1 -11.293009 -0.269697
1 17.040525 -5.775081
1 -18.590538 -7.900387
1 -5.853837 10.352378
1 14.984953 -1.514403
1 5.620462 11.388425
1 -3.364363 -13.958786
1 15.130974 -1.885489
1 14.624456 -0.798628
1 -5.599719 10.483216
1 14.521790 -1.732490
1 5.201513 11.717722
1 -6.766757 10.154221
1 5.111038 11.889297
1 -15.364150 -12.636350
1 -5.372118 10.610937
1 5.319288 11.633732
1 5.205416 11.627045
1 5.269069 11.525155
1 5.219589 11.690602
1 -5.565764 10.512970
1 -4.979351 15.580348
1 -3.807590 -19.378849
1 5.306374 11.596985
1 5.318151 11.800713
1 16.743973 -11.495993
1 5.174248 11.597615
1 5.346554 11.818611
1 5.593215 10.971663
1 -11.968466 -1.879744
1 -13.089192 -16.880592
1 5.240119 11.687580
1 5.243219 11.791232
1 4.952700 11.725469
1 5.394211 11.546829
1 -11.193590 -0.238839
1 5.311834 11.678988
1 5.151610 11.610949
1 -11.300870 0.006976
1 5.215479 11.564794
1 5.214499 11.664407
1 5.270869 11.702841
1 5.309055 11.589698
1 -12.420249 -16.994349
1 5.316278 11.517416
1 5.236629 11.572772
1 5.238532 11.580369
1 5.318830 11.691861
1 -12.685820 -0.642174
1 20.272692 3.685279
1 -10.610580 -0.555686
1 -12.683014 -0.356483
1 -5.569635 10.616952
1 -5.772333 13.053882
1 5.207603 11.677045
1 5.143819 11.619844
1 -5.680215 10.451849
1 5.100829 11.729121
1 -11.576993 -0.814856
1 5.237648 11.826707
1 -11.085174 -0.514266
1 19.172438 6.323490
1 -5.251682 10.704198
1 5.219594 11.653794
1 5.367729 11.612506
1 4.859745 11.270616
1 -5.577873 10.340015
1 -5.710357 10.793575
1 15.767381 -9.836251
1 5.465684 11.462499
1 5.279270 11.590094
1 -5.804216 10.495209
1 5.165160 11.549189
1 -11.447689 -0.445624
1 5.456645 11.375947
1 -12.739565 -0.529041
1 -4.955268 10.625401
1 -5.509863 10.930729
1 13.968714 0.394046
1 -5.787243 10.354442
1 4.603752 11.288406
1 -12.915045 5.831989
1 -5.754530 10.242166
1 5.325267 11.574729
1 -7.182807 6.837356
1 5.284171 -21.183336
1 -5.824032 10.678697
1 15.803753 9.922913
1 4.553944 11.146777
1 -11.389606 -0.475143
1 -12.831944 -0.369330
1 -5.283195 10.137299
1 5.156028 11.676970
1 5.208947 11.632620
1 5.610065 5.509373
1 -5.619024 10.629123
1 -5.480917 10.397031
1 -4.279945 6.762784
1 5.232813 10.609700
1 -5.168739 10.695728
1 5.238648 11.641361
1 4.726746 11.169267
1 5.256411 11.673417
1 5.314589 11.710725
1 5.278800 11.506394
1 5.417370 5.585671
1 5.200765 11.582287
1 -13.428767 -0.477755
