2034
1 -11.459319 0.352808
1 -17.457693 -2.740807
1 -12.387807 0.599906
1 -17.230618 -3.519445
1 -12.648682 3.028983
1 14.953337 1.371803
1 -5.908966 11.103250
1 4.709186 11.405004
1 -7.948192 -4.049789
1 -14.129397 -0.708042
1 3.510870 11.214343
1 -13.990975 3.545630
1 -14.521687 -1.571213
1 -4.389695 10.654560
1 16.586182 -0.342873
1 15.290814 0.401683
1 15.893295 1.868343
1 14.410587 0.861078
1 -5.696517 12.995890
1 -13.279529 3.130472
1 6.240568 6.971591
1 -14.487532 -1.418429
1 15.618916 0.443834
1 -6.488882 10.083030
1 -17.183243 -2.951949
1 -13.034150 0.272530
1 -16.738235 -0.543958
1 -16.775043 0.207170
1 6.813560 6.694171
1 4.355793 12.116544
1 3.906108 9.904470
1 1.735884 -15.346704
1 -5.723051 10.576720
1 -13.128645 3.727881
1 -12.732070 3.763196
1 1.859757 -15.717622
1 -14.523619 -1.590716
1 7.011003 10.349819
1 -3.876152 10.514869
1 -14.891377 -1.790508
1 -16.519264 -0.831820
1 13.258824 -0.125309
1 6.205299 8.466693
1 -3.841325 11.730448
1 15.870620 1.873318
1 15.943029 1.776370
1 -16.131569 0.376067
1 -12.291108 0.672087
1 15.135903 0.551853
1 5.275555 12.069323
1 -16.644876 -0.242884
1 -14.411772 5.413137
1 -17.436213 0.377735
1 -11.220285 -1.323342
1 -15.459558 0.434120
1 2.587667 6.395679
1 16.468618 -1.437931
1 6.587942 7.958916
1 -16.123026 1.357817
1 -7.768135 -4.451234
1 16.203150 -0.974925
1 2.181396 -15.141117
1 6.453520 8.732841
1 -15.789207 -1.123277
1 -13.269047 1.957447
1 -5.176684 10.290937
1 -14.474966 1.784219
1 15.403368 0.686254
1 2.249467 -15.692049
1 -16.807926 0.031856
1 3.397332 10.969196
1 -11.699255 0.489515
1 -13.370767 4.098937
1 -13.127919 3.971365
1 -13.057413 3.788236
1 -12.963054 2.901774
1 -14.836529 -0.870339
1 15.821170 2.083213
1 5.861178 9.605434
1 -12.658274 0.699652
1 15.301271 -0.453430
1 15.387895 0.648970
1 6.217952 8.553796
1 6.389884 8.297668
1 -16.153934 -0.152347
1 -17.989067 0.836621
1 -6.053675 10.763574
1 -5.351777 10.878667
1 1.813763 -16.011717
1 -12.511555 4.080495
1 -3.513077 11.536489
1 -16.814022 -0.873862
1 -6.158717 10.380401
1 16.032288 -0.437266
1 16.427811 -0.582212
1 16.619978 -0.704268
1 -13.475011 -1.938795
1 16.374384 -0.741147
1 -13.638758 1.968518
1 5.998692 10.804868
1 -13.755860 1.917603
1 -11.134459 6.267333
1 15.407027 1.215931
1 -16.484495 -2.275406
1 4.445415 -13.470716
1 4.425521 10.371384
1 3.744889 6.703603
1 5.257843 10.855452
1 1.975786 -15.848577
1 -5.590780 10.368203
1 13.972974 0.021583
1 -12.959414 0.170944
1 4.345095 10.967239
1 2.122977 -15.753523
1 14.536416 -0.558770
1 14.303766 -1.189777
1 -13.137550 0.046555
1 -13.365151 1.377855
1 4.027686 12.087380
1 -16.898203 -1.490334
1 -12.879509 0.830754
1 14.924422 0.933728
1 -5.776121 10.909084
1 -5.943191 10.828937
1 13.838267 0.275519
1 -17.890551 -5.556629
1 -1.893723 -15.285555
1 -17.423126 -2.723415
1 -15.493734 0.443327
1 1.733190 -15.811947
1 -17.353601 1.086478
1 -13.256980 1.737467
1 5.649115 5.831755
1 16.101189 0.381825
1 -12.020602 0.169538
1 6.018333 7.939115
1 2.483488 9.442234
1 7.517977 6.934677
1 -5.902780 11.034718
1 5.005211 11.757912
1 -17.081013 -0.099062
1 -12.777164 3.255640
1 4.767300 11.313244
1 -13.446269 1.847500
1 -13.360622 -0.877931
1 -16.265774 0.279405
1 -6.075797 10.774287
1 -4.817060 10.123309
1 15.119678 1.143165
1 5.869998 8.233713
1 -13.423688 -0.613215
1 12.817190 4.161330
1 15.107206 0.180119
1 -14.766235 0.683395
1 14.321239 -0.186930
1 -6.895094 -15.627069
1 1.879071 -15.692956
1 4.243946 12.647822
1 12.662156 -6.507076
1 -5.669545 10.700052
1 -15.938374 -0.078288
1 2.163643 -15.845551
1 -7.920428 -5.209858
1 -6.544173 11.127982
1 -6.010429 10.667164
1 -5.709788 10.660664
1 -5.996698 10.455182
1 12.751646 9.946794
1 4.953260 11.505698
1 1.619475 -16.235910
1 -5.920801 10.624022
1 -5.756783 10.549479
1 -14.244931 9.486725
1 6.251672 6.097060
1 5.249854 12.429624
1 6.406152 9.624141
1 4.593633 11.365860
1 -6.047526 10.575357
1 -15.683935 0.278045
1 1.411168 -16.103920
1 4.635149 8.820684
1 5.292562 11.998154
1 13.768442 -1.320457
1 -7.491847 9.039147
1 2.307143 -15.566378
1 18.917315 -1.219952
1 4.718210 11.289874
1 5.307098 11.742313
1 4.945677 11.496055
1 13.676085 2.653478
1 2.736813 -15.652163
1 5.581562 10.462123
1 -6.050983 10.906447
1 -12.880897 0.915789
1 6.863585 8.782366
1 15.904689 0.691402
1 -19.330772 0.963603
1 5.358229 12.070101
1 -18.162491 -1.574124
1 6.264829 7.223915
1 14.383674 -0.846876
1 4.540746 11.678491
1 -13.411534 1.672891
1 6.993916 10.875146
1 16.034428 2.067375
1 2.449766 -15.797565
1 1.990885 -15.966106
1 -13.289867 1.573078
1 3.151833 7.611273
1 5.608341 6.921111
1 13.988250 -2.089639
1 6.651732 8.920445
1 6.141145 8.204600
1 4.813416 11.286317
1 -5.870765 10.090146
1 -12.036913 -1.679998
1 2.221472 -15.829378
1 4.800240 11.974893
1 1.695378 -16.509850
1 -13.423946 3.957880
1 -19.760475 -0.919328
1 5.927680 9.977718
1 -12.575446 3.814162
1 -7.531671 -6.823653
1 4.365349 11.475501
1 14.291674 1.025989
1 -13.136703 3.283041
1 -16.411182 -0.302874
1 14.735823 0.262235
1 -6.341288 10.694592
1 -5.909837 10.920565
1 -6.035036 10.308429
1 2.247597 -15.641996
1 1.764978 -16.141632
1 4.801661 11.470175
1 4.947593 11.371681
1 -18.185640 11.853037
1 -1.120054 -14.991480
1 -5.608419 10.588851
1 -17.696163 -11.929281
1 -17.158873 -8.341042
1 -5.909202 10.540659
1 17.542744 -2.142005
1 5.201942 11.541774
1 -6.092110 10.798786
1 5.177791 11.600184
1 -7.247848 7.035576
1 5.238506 11.707812
1 13.765787 -1.974022
1 5.170339 11.706286
1 5.318331 11.569485
1 -11.245366 -0.328017
1 7.593575 -22.003298
1 7.568497 -21.980530
1 7.569024 -21.977335
1 7.559933 -21.968342
1 7.568689 -21.977392
1 7.568402 -21.979891
1 7.570448 -21.973436
1 7.568972 -21.976219
1 -9.468538 6.144689
1 5.284218 11.509429
1 2.820717 -15.052263
1 5.373664 11.692999
1 -14.962782 9.932882
1 -14.658686 -5.859584
1 5.373691 11.634020
1 -6.249542 10.292855
1 -7.085992 7.115514
1 -11.608680 -18.066385
1 13.652269 -16.103968
1 4.973152 12.019485
1 5.218051 11.528049
1 -18.356598 -12.329484
1 -11.415921 -0.358408
1 -11.136967 -0.447111
1 4.730937 11.270883
1 -13.443892 -9.118464
1 5.246764 11.840390
1 5.069138 11.427267
1 14.001913 -1.966539
1 4.877398 12.661392
1 5.164964 11.757303
1 5.072196 11.581412
1 5.196265 11.440908
1 4.699789 11.144650
1 5.502506 11.664449
1 5.243976 11.568732
1 5.165885 11.752779
1 5.352737 11.747862
1 -3.362706 -19.763733
1 -19.372583 -1.752071
1 5.601256 5.577062
1 8.469258 10.271751
1 -6.146616 10.315242
1 5.245426 11.614539
1 -6.157787 10.233120
1 -14.413704 -9.723416
1 20.042521 0.039520
1 -5.684584 10.952402
1 6.254501 8.228812
1 -7.991557 -4.240146
1 -5.346099 10.814002
1 3.932298 9.726833
1 -14.891459 -0.055890
1 17.271465 -0.001369
1 -3.601438 10.564603
1 -5.460773 13.993087
1 -13.802358 -1.041455
1 -12.355118 0.873108
1 -17.298792 -3.807221
1 -12.989352 0.650077
1 15.202111 1.778126
1 -15.734783 -0.460530
1 15.887238 2.297749
1 16.055992 2.340157
1 14.890045 1.488873
1 -12.446015 -0.720616
1 -17.333393 -3.617192
1 -13.336432 -1.371637
1 14.545413 1.027103
1 -13.647756 1.879356
1 -12.644112 1.258314
1 -17.595436 -0.838870
1 -5.086477 10.456014
1 -5.289345 10.327327
1 -17.201454 -3.893854
1 -14.326739 -1.496593
1 -14.398843 0.378942
1 -15.460330 0.618210
1 6.217957 7.684314
1 -3.726719 9.003082
1 -10.841160 -2.053831
1 -12.859837 1.018992
1 -12.971522 0.699936
1 -12.576921 0.402412
1 -13.275661 -1.773788
1 -13.315430 -1.169582
1 -17.661192 -4.154119
1 -5.896047 10.322588
1 -5.570605 10.738859
1 -3.698595 11.182261
1 -12.869881 0.226895
1 -14.563377 0.317470
1 -17.115826 -3.060096
1 15.865076 1.207461
1 -5.227908 11.557558
1 4.225442 12.094531
1 6.642700 7.917197
1 6.713284 8.441692
1 6.344608 8.393422
1 -5.776158 13.628267
1 -5.407722 13.878452
1 -15.355967 -0.263484
1 -5.839623 13.380665
1 -5.169875 14.024239
1 6.681820 7.686587
1 16.085455 0.487234
1 -17.527498 -3.767505
1 -17.449114 -3.706149
1 16.609306 -0.531535
1 5.872953 9.137522
1 -14.252701 0.084977
1 -17.293060 -0.084887
1 1.656399 -15.926026
1 -5.060682 10.408982
1 -17.615072 -4.035740
1 -5.882134 10.078438
1 6.326069 7.704822
1 -5.366530 8.188118
1 -4.086023 10.918870
1 5.976858 10.050942
1 -5.071586 10.713573
1 -3.035616 10.597512
1 -14.668228 -1.324839
1 16.264971 2.668165
1 1.894148 -14.816897
1 4.923688 11.156468
1 5.235671 12.016778
1 -15.214696 -0.343545
1 2.052942 6.510807
1 4.412016 9.806247
1 5.125695 9.352842
1 -15.402300 0.153021
1 -18.495630 -0.859845
1 -12.915203 0.203636
1 -13.595553 -0.968517
1 -6.041373 10.772726
1 -5.357752 13.864865
1 16.425070 -1.299074
1 15.454515 -0.688284
1 -5.490627 14.121718
1 -5.386953 10.273444
1 1.643734 -15.852965
1 6.151950 6.800805
1 15.452405 0.489011
1 14.460385 1.560730
1 -5.372447 13.999183
1 -5.251007 13.988100
1 -16.421608 -1.198948
1 -6.189146 10.627449
1 -16.096981 -0.409158
1 -15.306014 0.638082
1 -12.285171 1.177984
1 15.924849 1.034513
1 -14.282811 -1.607839
1 5.492898 7.864958
1 6.680697 8.191407
1 -12.436918 0.902200
1 -16.816902 -2.589013
1 16.516949 -0.359690
1 5.477368 8.030919
1 -13.222375 3.754175
1 13.681849 0.054741
1 5.182418 11.658425
1 2.039452 -15.906507
1 -5.204020 -9.892682
1 -16.840542 0.322963
1 16.388269 -1.135535
1 4.418343 12.536927
1 -5.417037 13.934080
1 -15.562987 -2.136115
1 -13.546784 3.706164
1 6.387867 8.518619
1 -6.608711 9.955415
1 6.515468 8.141703
1 6.655437 7.930715
1 6.535127 7.702971
1 -5.859154 10.269400
1 -5.358749 13.340905
1 -5.282103 14.016860
1 -5.863651 11.001163
1 -5.673645 13.484526
1 -5.715693 11.235752
1 -4.982018 13.847824
1 -6.111510 10.766668
1 1.711224 -16.039492
1 -17.381205 -0.657242
1 -5.633634 8.393858
1 -16.175480 -0.895603
1 6.507017 7.865316
1 -5.493008 10.379695
1 -5.963295 10.148630
1 -5.070440 13.873487
1 -16.805801 -0.333225
1 6.068776 6.933273
1 15.296566 -0.792669
1 -4.839696 10.195153
1 -4.015937 14.491494
1 -5.177228 9.455485
1 -5.226770 13.937828
1 -15.346070 -6.177747
1 4.543288 9.548677
1 15.681938 -0.087705
1 14.831069 -0.567936
1 -17.006151 -1.127878
1 2.273107 -15.639385
1 14.325987 1.245530
1 14.894290 0.875675
1 5.041831 10.491565
1 0.194733 10.686924
1 -16.802219 -0.490162
1 -5.126292 10.195593
1 -5.009156 10.389277
1 5.398439 11.506130
1 -5.826607 10.601117
1 -5.370723 10.882786
1 -5.532465 13.513791
1 4.867968 9.050035
1 -13.169245 0.431051
1 -12.530588 0.996523
1 -5.522248 10.787742
1 -14.047375 -0.588596
1 -9.631842 -9.206218
1 -5.777453 11.078522
1 -5.114626 10.905950
1 -12.103149 4.071229
1 -13.071939 -0.310336
1 14.327886 -0.929422
1 -12.139910 0.547001
1 -5.611906 10.929818
1 -5.610619 10.938958
1 6.053553 8.709493
1 4.899450 11.710141
1 -5.321150 10.475518
1 -5.440289 13.668939
1 1.890113 -16.462410
1 -17.400293 -3.255653
1 -5.842701 10.499996
1 -5.737371 10.448778
1 -7.941800 -6.994431
1 -5.357435 10.798656
1 -5.529308 10.946109
1 5.775072 7.940881
1 -6.271922 10.693665
1 6.328861 7.072456
1 7.079005 8.186130
1 4.500350 10.467961
1 -5.599843 13.820441
1 5.042210 8.994151
1 -15.164169 -0.193954
1 -5.398598 10.819063
1 -5.888643 10.690682
1 -5.404856 13.866802
1 -15.786169 -0.019411
1 1.820138 -16.198156
1 16.247667 -0.898269
1 6.392564 7.852547
1 -9.721896 -8.401774
1 -7.470474 6.506070
1 17.254272 2.973706
1 5.124674 10.986443
1 -5.316405 11.031610
1 -5.605936 10.848219
1 -8.014849 10.063161
1 8.301132 9.865726
1 -5.504239 13.846256
1 -5.682819 10.597223
1 4.831279 8.661583
1 4.806728 11.993619
1 -5.353706 13.952752
1 -5.347148 14.111794
1 15.848602 2.018564
1 -13.162254 0.718792
1 -5.241981 12.967005
1 -5.387111 10.827120
1 -5.278690 10.812663
1 6.091591 8.527492
1 5.020368 11.421646
1 -14.562538 0.993514
1 -11.409108 1.463320
1 -5.362460 11.016510
1 5.839114 10.578572
1 -6.198452 10.418240
1 -15.537339 0.703056
1 -5.402381 10.524772
1 -5.112678 14.100240
1 -6.072268 10.951076
1 -5.317485 13.911211
1 1.306373 -14.969718
1 -5.821444 10.889322
1 -6.050952 10.673989
1 15.303054 0.499930
1 6.165149 9.441008
1 -11.805859 1.963562
1 -6.364083 10.581788
1 14.030739 -0.184178
1 1.924005 16.442511
1 -5.864590 11.200923
1 6.138909 9.581923
1 4.572193 12.369423
1 4.785330 11.480002
1 -6.565636 10.916921
1 -6.581611 11.188493
1 -5.567893 13.833436
1 -5.538282 13.739459
1 -5.665697 13.694186
1 -5.977867 11.069048
1 -6.203895 10.583455
1 15.543589 -1.235361
1 -5.630421 10.970810
1 -5.814235 10.869954
1 -16.909058 -1.854304
1 -18.131334 2.674088
1 -7.544008 6.491313
1 -12.494955 3.490392
1 -14.815483 1.221476
1 -1.756088 -16.456911
1 -7.206504 8.744758
1 13.856943 0.525288
1 -6.160841 10.359808
1 -5.790855 10.672553
1 -5.469653 10.726304
1 -5.657226 10.436041
1 -5.487865 10.331380
1 -5.313859 10.261335
1 -6.228662 10.888092
1 20.098253 0.066743
1 2.273132 -15.666957
1 -5.641631 10.638695
1 -5.594841 10.937306
1 11.739140 -8.154788
1 6.788903 8.569646
1 -5.174202 11.193856
1 1.893114 -15.967484
1 4.390086 11.678381
1 -5.712216 10.496864
1 2.245733 -15.685418
1 -17.875973 -3.364745
1 -5.028451 10.350959
1 5.604518 9.753555
1 -5.609769 10.196468
1 -5.824904 10.422966
1 -5.671679 11.064487
1 14.422516 -0.088458
1 -16.000879 -0.125811
1 -5.566462 13.875415
1 -13.530250 -0.382716
1 2.160071 -15.665999
1 15.667951 -0.827360
1 14.535048 -1.887662
1 -5.503188 13.896256
1 -6.787668 6.796035
1 -12.047949 -1.390420
1 14.421411 -1.420615
1 2.331395 -15.608797
1 4.756539 11.489696
1 -14.752952 -10.441504
1 -5.476446 10.422056
1 16.763933 8.772236
1 13.334506 -7.784144
1 -10.455617 -15.773869
1 -6.855321 11.585986
1 -5.452516 13.927150
1 -11.293009 -0.269697
1 17.040525 -5.775081
1 -18.590538 -7.900387
1 -5.853837 10.352378
1 14.984953 -1.514403
1 5.620462 11.388425
1 -3.364363 -13.958786
1 15.130974 -1.885489
1 14.624456 -0.798628
1 -5.599719 10.483216
1 14.521790 -1.732490
1 5.201513 11.717722
1 -6.766757 10.154221
1 5.111038 11.889297
1 -15.364150 -12.636350
1 -5.372118 10.610937
1 5.319288 11.633732
1 5.205416 11.627045
1 5.269069 11.525155
1 5.219589 11.690602
1 -5.565764 10.512970
1 -4.979351 15.580348
1 -3.807590 -19.378849
1 5.306374 11.596985
1 5.318151 11.800713
1 16.743973 -11.495993
1 5.174248 11.597615
1 5.346554 11.818611
1 5.593215 10.971663
1 -11.968466 -1.879744
1 -13.089192 -16.880592
1 5.240119 11.687580
1 5.243219 11.791232
1 4.952700 11.725469
1 5.394211 11.546829
1 -11.193590 -0.238839
1 5.311834 11.678988
1 5.151610 11.610949
1 -11.300870 0.006976
1 5.215479 11.564794
1 5.214499 11.664407
1 5.270869 11.702841
1 5.309055 11.589698
1 -12.420249 -16.994349
1 5.316278 11.517416
1 5.236629 11.572772
1 5.238532 11.580369
1 5.318830 11.691861
1 -12.685820 -0.642174
1 20.272692 3.685279
1 -10.610580 -0.555686
1 -12.683014 -0.356483
1 -5.569635 10.616952
1 -5.772333 13.053882
1 5.207603 11.677045
1 5.143819 11.619844
1 -5.680215 10.451849
1 5.100829 11.729121
1 -11.576993 -0.814856
1 5.237648 11.826707
1 -11.085174 -0.514266
1 19.172438 6.323490
1 -5.251682 10.704198
1 5.219594 11.653794
1 5.367729 11.612506
1 4.859745 11.270616
1 -5.577873 10.340015
1 -5.710357 10.793575
1 15.767381 -9.836251
1 5.465684 11.462499
1 5.279270 11.590094
1 -5.804216 10.495209
1 5.165160 11.549189
1 -11.447689 -0.445624
1 5.456645 11.375947
1 -12.739565 -0.529041
1 -4.955268 10.625401
1 -5.509863 10.930729
1 13.968714 0.394046
1 -5.787243 10.354442
1 4.603752 11.288406
1 -12.915045 5.831989
1 -5.754530 10.242166
1 5.325267 11.574729
1 -7.182807 6.837356
1 5.284171 -21.183336
1 -5.824032 10.678697
1 15.803753 9.922913
1 4.553944 11.146777
1 -11.389606 -0.475143
1 -12.831944 -0.369330
1 -5.283195 10.137299
1 5.156028 11.676970
1 5.208947 11.632620
1 5.610065 5.509373
1 -5.619024 10.629123
1 -5.480917 10.397031
1 -4.279945 6.762784
1 5.232813 10.609700
1 -5.168739 10.695728
1 5.238648 11.641361
1 4.726746 11.169267
1 5.256411 11.673417
1 5.314589 11.710725
1 5.278800 11.506394
1 5.417370 5.585671
1 5.200765 11.582287
1 -13.428767 -0.477755
1 14.400537 0.584990
1 15.343495 -0.115432
1 -5.655997 8.579278
1 -15.708392 -0.752367
1 -7.807217 -4.166934
1 -16.258987 -0.087078
1 2.403952 -15.658146
1 -8.329427 -4.564078
1 4.331276 11.570208
1 -13.026710 -0.674780
1 -12.308649 0.517314
1 -13.286798 -0.496716
1 -12.282962 0.505847
1 -15.261497 -0.109913
1 -12.645305 1.518731
1 -16.524632 0.179059
1 15.354941 2.022682
1 -10.117068 -5.212260
1 -15.293118 -3.626038
1 16.107805 2.772010
1 -16.303068 -0.198562
1 -15.529243 0.450325
1 14.557820 1.411073
1 14.816520 1.560906
1 -12.885733 -1.115233
1 -13.071596 -1.017172
1 -17.563360 -4.091988
1 -11.607965 -4.114537
1 -14.371963 -1.583474
1 16.150640 -1.585412
1 5.615918 10.373275
1 6.693530 -11.361569
1 -15.288987 0.645523
1 -16.678013 0.524659
1 -13.543643 -1.361334
1 14.007758 -0.365573
1 -14.848454 0.162685
1 -13.599552 -0.479458
1 5.490165 -13.930971
1 -13.039763 0.565645
1 -13.636332 3.475388
1 -14.971897 0.191063
1 -15.074300 0.544701
1 -14.888317 0.270713
1 -12.162335 4.376283
1 -17.220758 -4.011314
1 2.015158 -15.422343
1 16.510101 -0.498538
1 -13.926484 -2.897499
1 0.655961 -12.881507
1 5.174918 8.285937
1 -14.469723 0.000395
1 6.221331 9.449155
1 -7.934370 -4.261322
1 16.372412 -0.807843
1 -13.923211 2.869870
1 -17.352560 -3.660910
1 6.315936 7.471427
1 -17.743164 -4.274984
1 16.264267 -0.485197
1 -17.737473 -1.282845
1 6.538005 -11.615242
1 7.657927 -15.282691
1 7.005887 -11.409508
1 -12.191587 4.251452
1 6.623626 -11.455141
1 7.623986 -15.219187
1 -17.957298 -2.199961
1 2.036334 -14.927595
1 5.502865 9.978227
1 -12.399659 5.776747
1 5.832152 -11.895198
1 2.109916 6.806351
1 -5.668594 13.927678
1 6.847542 -11.555883
1 -16.430027 -1.522336
1 14.787538 0.511788
1 14.463539 0.500419
1 -7.965501 -4.392410
1 2.340098 -15.319194
1 15.461337 0.617877
1 14.678158 1.347038
1 -17.442928 -3.790070
1 6.146093 7.174960
1 -15.177140 0.122838
1 -15.582565 -3.879176
1 -15.134447 0.211428
1 4.353013 9.182122
1 -17.796841 -4.332704
1 -12.554388 -0.645228
1 -17.567430 -3.728941
1 -17.363960 -3.670473
1 4.651458 9.807125
1 -11.832231 4.070376
1 -15.508711 -2.082705
1 -12.403065 2.271506
1 4.139569 7.249033
1 -15.755271 -0.528676
1 6.600310 -11.102950
1 0.076150 -12.870315
1 -13.251609 3.183704
1 15.513130 -0.808489
1 -16.069651 -0.852481
1 2.260897 -15.507985
1 6.163881 8.286772
1 -13.611188 0.305200
1 16.232920 -0.914549
1 -17.650938 -0.070942
1 6.264216 9.803930
1 6.850917 -11.719782
1 -12.790833 0.843685
1 -16.375963 -1.094503
1 16.481133 -0.569547
1 -17.524504 -3.856522
1 -15.891919 0.209660
1 6.675227 8.163033
1 7.424018 7.459113
1 -12.899124 -1.138603
1 5.333416 11.021839
1 0.870408 -12.646241
1 6.382048 10.615306
1 -15.135070 -1.384677
1 13.630599 -0.506465
1 -15.539817 0.076776
1 16.426668 -0.353407
1 -13.252702 -1.188308
1 -15.247198 0.194900
1 -13.011928 3.570164
1 -2.910255 -1.091023
1 14.643117 0.968487
1 4.664973 11.214928
1 -15.518714 0.253877
1 -8.216282 -6.251676
1 -11.735290 4.477184
1 -15.496554 -0.314271
1 -12.835522 3.734831
1 7.433706 -11.853696
1 -12.028523 1.139867
1 4.887128 11.944847
1 6.779491 -11.651070
1 5.719294 10.005778
1 -7.962593 -6.409888
1 15.425562 -1.043848
1 -12.122276 -1.899635
1 1.854447 -8.626258
1 5.566801 -11.316571
1 6.960458 -11.564240
1 -12.147327 2.914620
1 6.612039 7.506159
1 6.696027 -11.333483
1 6.300718 8.558635
1 13.946435 0.323212
1 6.200147 8.973543
1 1.722144 -9.166825
1 6.615134 7.779983
1 -14.710140 -1.645950
1 -13.158174 0.668404
1 15.790136 0.109178
1 -11.666547 -4.171865
1 -11.678905 -1.309752
1 5.796237 8.029775
1 6.657326 -11.617494
1 -12.558280 14.867711
1 7.095061 -11.808818
1 5.206349 11.861116
1 4.447573 12.209747
1 6.118459 8.673007
1 -13.525226 -0.734004
1 -15.374649 0.347107
1 1.503376 -9.222978
1 -16.042543 -0.957391
1 -15.752349 0.679824
1 16.152414 -0.409120
1 -14.849762 -1.510914
1 -17.622391 -3.927557
1 6.232332 8.416753
1 -7.126379 18.578777
1 6.426052 7.793678
1 6.506571 9.210999
1 -7.240438 6.878673
1 5.009834 11.611229
1 14.698977 0.807339
1 14.633769 0.978292
1 14.833106 -0.414364
1 5.791811 11.139056
1 6.959192 -11.467922
1 7.022233 -11.531723
1 -4.498762 14.209215
1 5.180888 8.395110
1 5.246581 8.832097
1 2.009350 -15.223719
1 7.189876 -11.281374
1 15.986897 0.916368
1 -14.055122 -0.877222
1 -17.504013 -3.475614
1 -16.036493 -0.956878
1 2.210674 -15.887465
1 2.559509 -15.495244
1 6.374609 -11.525209
1 5.244813 11.872046
1 6.811924 -11.572418
1 2.122013 -15.819452
1 6.933612 -11.436113
1 6.971563 -11.273341
1 7.034534 -11.526026
1 -13.933497 -0.202584
1 6.110348 9.462125
1 6.543972 7.561319
1 14.387449 -0.519747
1 6.039821 7.748596
1 5.136341 9.061364
1 6.959968 -11.391924
1 7.647300 -15.223120
1 6.589334 -11.417315
1 -11.208306 0.336559
1 7.327906 -11.694495
1 6.806683 -11.385572
1 6.637426 -12.200478
1 6.566534 -11.217706
1 5.476211 11.409309
1 13.705195 -0.679352
1 7.044601 -11.696424
1 -11.685715 1.935376
1 -14.489360 -10.383228
1 -13.542960 2.183701
1 7.435627 -11.936633
1 6.739352 -11.900318
1 7.307857 -11.607941
1 7.564832 -21.949812
1 2.646654 -15.560977
1 6.721282 -11.594212
1 2.429513 -15.516397
1 7.188484 -12.065672
1 7.233655 -12.015594
1 6.904292 -11.683252
1 7.480317 -11.988265
1 2.171572 -15.758352
1 5.239211 11.609716
1 -17.037809 -1.169035
1 -13.476933 1.428979
1 2.017105 -15.872134
1 15.874970 -0.676046
1 6.945655 -11.604036
1 7.309640 -11.519400
1 16.005453 1.263295
1 6.969394 -11.251698
1 6.969447 -11.589158
1 6.086637 -11.359773
1 -2.460365 -9.791742
1 -11.753746 17.299702
1 7.032527 -11.504395
1 6.897274 -11.456886
1 7.029791 -11.313743
1 6.885464 -11.242716
1 5.312958 11.080268
1 7.539867 -11.970571
1 6.755855 -11.402939
1 2.402221 -15.559778
1 19.891766 2.956741
1 7.458446 -11.510524
1 14.326821 1.081647
1 7.097330 -11.683166
1 6.970584 -11.412902
1 6.613871 -11.555246
1 6.836335 -11.501439
1 15.113290 -0.811491
1 6.533234 -11.525125
1 6.913637 -11.856175
1 5.167414 11.961062
1 5.086808 11.422246
1 -7.584726 -16.226980
1 5.090864 11.395530
1 5.131173 11.482443
1 6.939462 -11.355236
1 0.499275 -10.165806
1 0.410009 -13.050152
1 8.068361 -11.121394
1 -6.772536 -14.377481
1 7.136467 -11.601794
1 7.126120 -11.744267
1 6.821361 -11.472221
1 6.754247 -11.529916
1 7.007236 -11.676176
1 6.864769 -11.353936
1 7.298584 -11.563615
1 13.971566 -2.009989
1 7.251489 -11.335480
1 -7.658427 18.822577
1 6.884145 -11.241819
1 6.424952 -11.966559
1 7.112710 -11.412776
1 12.795177 4.170287
1 7.002858 -11.246597
1 6.688892 -11.389192
1 -19.661844 9.204429
1 7.489340 -12.156461
1 6.913962 -11.347802
1 -18.716883 9.845650
1 6.828411 -11.502846
1 5.603261 11.185398
1 7.305580 -11.806618
1 7.242099 -11.012444
1 15.966107 -1.341022
1 -17.300375 0.103118
1 7.221460 -11.789760
1 6.750342 -11.331114
1 5.176361 11.530407
1 -22.680128 3.811106
1 -11.808414 -1.844427
1 -10.961020 -0.384807
1 16.861088 -11.767583
1 17.541878 -2.172686
1 -18.199293 -13.203835
1 5.145515 11.607399
1 4.039392 18.503174
1 5.102437 11.603571
1 -4.979350 2.138659
1 -7.193594 -18.873356
1 5.459644 5.342579
1 14.098242 1.143230
1 5.356717 11.459396
1 -19.809656 -10.277492
1 5.590043 5.726285
1 5.190255 -12.435231
1 5.189708 11.630497
1 5.616474 5.662185
1 5.279567 11.649045
1 5.313825 11.631640
1 5.170343 11.668802
1 -4.413456 2.767967
1 4.984554 11.851899
1 5.251513 11.718740
1 5.205647 11.754585
1 5.648050 11.682579
1 5.078642 11.634564
1 5.196264 11.864424
1 5.193063 11.681973
1 5.266479 11.542219
1 5.202705 11.564873
1 5.330314 11.721977
1 4.179058 11.566806
1 5.104377 11.466757
1 5.582383 5.391819
1 -3.101636 15.389729
1 -16.610506 -6.870009
1 5.188777 11.688025
1 5.603570 5.401145
1 5.076205 11.552709
1 -9.461191 -19.790882
1 -16.397795 3.791536
1 14.949811 9.616515
1 5.171051 11.608156
1 5.451913 11.581322
1 5.266535 11.613667
1 5.366587 11.438253
1 5.534326 11.849540
1 -7.187841 6.876366
1 -13.571101 -14.877097
1 5.229680 11.752943
1 5.176435 11.676102
1 5.162650 11.440028
1 5.125436 11.431013
1 5.742435 5.490006
1 2.404555 -15.237331
1 5.402372 11.851995
1 -13.140381 -0.566247
1 5.089032 11.219879
1 5.232391 11.681294
1 5.727851 11.946927
1 6.454222 6.975820
1 7.889794 -15.434361
1 5.218798 11.615436
1 4.909186 11.296533
1 -7.190246 6.916320
1 5.164805 11.602286
1 5.183353 11.506664
1 -11.053362 -0.170408
1 5.426730 11.531659
1 5.233347 11.660772
1 13.858101 -1.983152
1 -20.513023 0.259815
1 -14.706017 0.419944
1 -12.027582 -0.100074
1 -11.105056 -0.315474
1 5.132165 11.653487
1 5.171498 11.720166
1 7.573210 -21.976587
1 -7.402341 -5.047563
1 5.366023 11.199291
1 -11.059657 0.541028
1 5.076038 11.503726
1 0.671130 11.768057
1 5.123014 11.524947
1 5.234016 11.805888
1 -5.680944 10.096544
1 -7.678034 -3.931362
1 -15.227810 -0.083789
1 -11.432887 1.554310
1 4.314421 9.527589
1 -4.326548 15.707303
1 -4.855237 14.226467
1 -11.580487 -1.138693
1 -12.212020 0.858665
1 -13.038004 -0.608069
1 -10.708823 2.973488
1 6.163065 8.174583
1 -13.120120 3.026462
1 -12.287820 2.379020
1 15.446432 2.122479
1 -14.374324 0.192116
1 -11.820312 1.364389
1 1.244004 -11.950034
1 -16.668823 -2.582562
1 -16.760126 -2.692095
1 -5.407060 8.020420
1 -5.384337 8.747797
1 -17.323130 -3.577951
1 -17.751862 -4.349000
1 16.037493 1.220326
1 15.894475 1.774890
1 -14.931953 -0.981423
1 -16.068201 -0.973669
1 -13.040919 -1.015185
1 -13.497523 2.016736
1 -14.642964 -1.664201
1 -14.525043 -1.620509
1 -16.085575 -0.273700
1 6.680744 6.424543
1 -15.450809 0.451378
1 5.331387 8.444779
1 -12.838022 -0.236660
1 -13.262478 -4.502075
1 -8.008009 -4.366098
1 15.288000 -0.787817
1 6.152449 7.972035
1 15.595071 2.538422
1 4.609475 9.767004
1 -13.354075 4.155057
1 -13.076043 4.180655
1 -15.344189 -0.144636
1 -5.179378 13.935034
1 7.787350 5.925704
1 -10.850366 -2.102314
1 15.512119 0.173699
1 -13.286337 -0.409743
1 2.130417 -15.422264
1 -4.190102 14.276675
1 -3.461236 10.898993
1 7.193307 6.836914
1 -11.883426 1.624822
1 -17.171566 -3.619730
1 -17.214354 -3.625451
1 1.973037 -15.292509
1 -14.823668 -0.187544
1 -13.753175 2.886708
1 -10.259633 -2.897476
1 -10.250470 -2.720107
1 -3.317292 11.254503
1 13.041338 0.169411
1 5.341167 8.361043
1 4.020666 9.687468
1 5.719867 7.016340
1 6.921509 -11.510350
1 5.693326 8.117873
1 -4.393092 11.141722
1 -16.242331 0.017751
1 -16.429161 -1.533781
1 -11.929842 1.077327
1 1.642322 -14.526234
1 14.759654 1.118618
1 -2.928613 10.073749
1 -14.261020 -0.657218
1 -14.340726 5.323930
1 -17.321196 -3.949373
1 -5.441156 14.160979
1 1.981962 -15.786335
1 7.820951 -15.374900
1 -16.537836 -2.481614
1 3.891884 10.290513
1 1.814404 -15.754064
1 5.630996 -12.329310
1 7.191403 -11.449028
1 2.284719 7.263184
1 13.635694 0.200062
1 13.537658 -0.147946
1 -12.696038 3.609969
1 15.130302 1.195240
1 2.259673 -8.602603
1 -11.037489 2.606290
1 -5.659122 8.888620
1 -5.400821 10.156098
1 -16.244032 -0.828833
1 14.759186 0.517319
1 15.199509 0.103666
1 14.810600 0.616091
1 4.108551 9.581927
1 -8.141739 -4.492791
1 -5.102772 14.016057
1 -4.296572 15.364318
1 -5.002291 14.048808
1 -4.902231 13.881218
1 -4.636348 14.480280
1 2.234863 -14.886415
1 -17.783653 -4.402823
1 16.716755 -0.412572
1 16.596558 -0.538348
1 -15.101766 0.174307
1 5.907807 8.622505
1 6.877858 7.756550
1 13.016629 3.981233
1 -16.411863 1.103132
1 6.281839 -11.787251
1 6.376708 8.658847
1 6.995834 6.787752
1 1.902920 -14.669205
1 -15.507862 -1.399682
1 -12.128405 4.341048
1 6.727908 7.152948
1 -13.574472 3.815538
1 -4.565079 14.106810
1 15.361523 0.659163
1 14.456538 1.217335
1 14.897796 0.869933
1 2.134213 -15.746292
1 -14.193434 3.724977
1 16.462650 -1.210038
1 -16.750937 -2.863451
1 -14.693892 -0.958505
1 -16.697933 0.227271
1 -5.285890 14.145835
1 -5.315282 10.473341
1 -13.051378 1.869718
1 -12.848083 2.137996
1 -0.783465 -16.885693
1 1.398757 -15.962358
1 -5.332881 13.433213
1 -5.118895 13.964054
1 -5.368474 13.127137
1 -11.618773 0.268132
1 -15.866598 -0.281108
1 -16.036312 -1.775320
1 -14.736599 2.259865
1 -8.546063 -4.725552
1 16.485367 -1.369885
1 -14.539744 -1.683593
1 -15.538257 0.094516
1 -15.478189 -0.021844
1 6.243332 7.298799
1 6.680916 7.723593
1 6.732481 7.644384
1 -13.631127 3.863285
1 -13.986957 3.977363
1 -12.704342 3.823098
1 -5.136305 10.332682
1 6.652821 -10.638794
1 5.339076 10.124981
1 5.022592 10.801661
1 5.252962 11.481760
1 -12.012455 1.182151
1 -13.963903 -0.501937
1 4.443531 9.846618
1 4.956062 8.449186
1 -14.260614 0.303064
1 -5.871895 10.485431
1 7.967166 10.226686
1 -4.898640 14.340880
1 -12.079997 4.330810
1 -13.765423 1.926520
1 14.547655 1.318465
1 -13.182602 3.395945
1 10.641511 9.966554
1 -13.930967 5.427335
1 5.510100 -12.393463
1 -16.289282 -1.415967
1 6.878591 -11.288352
1 6.947489 -11.867623
1 -17.742729 -3.887395
1 -5.210048 14.361663
1 -12.392909 0.401131
1 15.237212 0.361642
1 -5.571321 11.086497
1 6.482290 7.085748
1 -5.311126 14.027810
1 -16.910128 6.177197
1 -6.309425 11.422886
1 13.203017 -0.236220
1 -17.512314 1.523887
1 6.676210 -11.225063
1 -4.276183 14.905208
1 -5.279641 10.802742
1 7.175577 -11.714033
1 -11.624126 4.890429
1 -15.041783 0.049067
1 1.994013 -15.058086
1 2.358755 -15.242213
1 2.058940 -14.399501
1 5.498049 8.826056
1 -5.146612 13.808273
1 -17.480867 -3.791352
1 4.314534 9.453949
1 6.163284 -11.715559
1 5.200285 11.742239
1 4.974953 11.912953
1 5.077286 11.860534
1 6.999163 -11.209814
1 16.758144 -0.617213
1 4.409092 12.179838
1 6.845375 7.847981
1 6.065652 8.509308
1 1.252661 8.528291
1 -15.677480 0.055620
1 2.004420 -15.433929
1 -5.546279 10.727742
1 6.921221 -11.937499
1 6.821944 -11.445391
1 -16.208580 -2.238401
1 -17.184076 -2.044250
1 -17.881302 -1.813306
1 6.225641 7.720118
1 6.901742 -11.127763
1 -16.358240 -2.552039
1 -5.459279 13.722202
1 4.987499 11.472128
1 4.758276 10.485862
1 2.239788 -15.247992
1 7.415657 7.315505
1 6.808833 7.551830
1 7.109564 -11.784945
1 6.307186 8.338660
1 6.054946 7.915589
1 5.550043 7.500403
1 -14.130191 -0.728030
1 5.864588 6.759326
1 -16.476919 -3.529160
1 -5.382604 10.750954
1 2.147681 6.625956
1 -4.767255 14.073371
1 6.789970 -11.235420
1 -4.942386 14.196858
1 -5.040332 14.192532
1 4.722805 8.483918
1 -6.361868 13.194795
1 -5.463506 10.694857
1 6.719728 -11.735276
1 6.855870 9.556149
1 16.579357 -0.301255
1 -11.246023 -0.071286
1 -5.619524 9.075571
1 7.263398 -11.263542
1 6.482307 7.448333
1 5.783137 8.250027
1 -17.897404 -0.275506
1 7.779672 8.380555
1 -5.315494 10.951341
1 -5.763161 10.871417
1 5.163659 11.995954
1 6.388847 8.128247
1 -5.696548 10.567556
1 -12.168507 -1.691614
1 14.963604 1.442050
1 14.691949 0.337533
1 1.890834 -15.910629
1 -5.804610 10.683306
1 7.137598 -11.366797
1 6.712419 7.760554
1 14.328533 -2.218409
1 -16.086180 2.237326
1 7.320431 -11.723973
1 6.156091 -11.463405
1 -13.225167 1.183050
1 14.649595 0.568373
1 6.958939 -10.975260
1 7.567769 -21.948029
1 -13.584968 4.160623
1 2.891366 8.539165
1 5.558039 9.153761
1 6.688282 -11.510084
1 -5.398488 10.460169
1 -16.816761 0.118990
1 -7.652029 6.875614
1 2.022617 -15.054455
1 16.353176 -0.935909
1 -5.713029 13.674460
1 6.926202 -11.316266
1 7.019055 -11.889730
1 5.676333 8.229814
1 -5.657362 10.991375
1 6.848158 -11.323600
1 9.056655 -11.304428
1 0.069315 -16.414598
1 5.803060 10.279037
1 -12.760889 4.249960
1 15.324361 1.296513
1 -5.283779 13.880882
1 -5.429778 10.859729
1 -5.169284 14.124144
1 7.321559 -11.536935
1 -6.080267 10.519899
1 16.115196 -0.915053
1 6.870278 -11.443196
1 6.898768 -11.468100
1 7.077094 -11.625230
1 7.027505 -11.564857
1 -12.145281 3.046361
1 7.627249 -11.813960
1 -15.944317 1.508140
1 6.869431 -11.370388
1 6.800909 -11.391311
1 -5.279720 14.237813
1 4.886822 11.192208
1 15.681718 -0.210185
1 -7.625521 7.493201
1 6.685770 -11.479903
1 -6.894195 11.031842
1 6.172492 7.620714
1 -14.344780 5.274007
1 -4.528033 10.305417
1 -5.681664 13.276031
1 -5.293500 10.907119
1 4.162070 12.436151
1 6.554377 -11.380658
1 5.229566 11.657886
1 -16.978365 -2.430908
1 7.046484 -11.770854
1 6.787112 -11.413301
1 -15.833128 5.956024
1 4.945139 11.466280
1 -2.448154 8.880399
1 1.981848 -15.627625
1 6.759227 -11.475420
1 7.216634 -11.170293
1 7.091140 -11.529671
1 6.670963 -11.509666
1 6.933295 -11.364220
1 -5.323935 10.642056
1 6.927667 -11.282784
1 -0.228321 -16.657808
1 6.695547 -11.462647
1 4.772922 11.588317
1 5.101713 11.507901
1 2.267614 -15.447065
1 6.751858 -11.245594
1 4.341074 8.845382
1 6.390612 7.027445
1 -5.836220 10.947729
1 8.195343 5.946449
1 7.452716 -11.515252
1 2.043823 -15.300826
1 17.621593 6.041770
1 5.585677 5.609187
1 6.920832 -11.456526
1 1.834314 -16.099157
1 7.303748 -11.353116
1 6.979467 -11.386181
1 5.134537 11.459075
1 5.133369 11.567375
1 5.394401 11.602048
1 7.131268 -11.567514
1 6.510591 -11.620056
1 -4.998817 14.357566
1 6.918570 -11.588204
1 -6.050560 10.220992
1 6.937129 -11.446306
1 6.738275 -11.324875
1 13.995580 -0.456031
1 7.220755 8.116054
1 -4.351880 -7.064321
1 7.090382 -11.590752
1 6.820856 -12.113601
1 6.839580 -11.467172
1 18.505548 -6.984652
1 1.837063 -16.100056
1 16.367884 -1.478958
1 7.080493 -11.536330
1 11.590281 -7.709097
1 -4.892780 14.643512
1 -17.569281 8.863534
1 -5.279028 14.155853
1 -4.000513 15.625943
1 6.817720 -11.670788
1 6.917152 -11.316700
1 -5.540770 10.396494
1 7.159583 -11.647554
1 5.434813 11.269043
1 7.243126 -11.175905
1 7.809308 -11.870630
1 7.033170 -11.422368
1 6.918675 -11.546595
1 0.287582 -17.545811
1 6.973541 -11.228477
1 7.254057 -11.558312
1 7.158491 -11.387354
1 -11.715654 -0.257763
1 6.528218 -11.484267
1 6.525112 8.998321
1 7.063208 -11.705442
1 -15.148376 -12.281152
1 -5.568628 10.140121
1 6.908352 -11.396476
1 7.261115 -11.743035
1 4.823390 11.992107
1 6.741125 -11.393443
1 -5.552343 10.350546
1 6.940609 -11.636549
1 -3.463749 14.738711
1 2.093278 -15.962440
1 -10.984561 -0.362898
1 -11.184509 -0.660965
1 6.557539 -16.941175
1 20.931671 -1.977406
1 5.175560 11.737020
1 5.090791 11.410835
1 1.099381 2.371720
1 12.834189 0.389109
1 -8.092978 14.495003
1 5.223802 11.528259
1 5.441007 11.456407
1 -13.893580 -16.241673
1 -10.010367 13.304509
1 5.142399 11.485517
1 20.349459 -4.268680
1 5.131636 11.611534
1 -11.123858 -0.543842
1 -8.471131 4.734261
1 5.271704 11.584260
1 -16.581814 -6.390707
1 -13.504606 14.062780
1 5.404269 11.719790
1 5.364528 11.549397
1 -5.473341 14.238656
1 5.365449 11.693525
1 5.692960 5.368535
1 5.666238 5.512737
1 -12.177196 0.826865
1 1.765937 14.458160
1 -11.148635 -0.545630
1 14.271503 0.940414
1 -5.545952 10.349885
1 -23.035236 1.616276
1 0.992647 16.582916
1 5.224826 11.703661
1 5.208607 11.603261
1 13.569708 -16.114731
1 5.198158 11.676668
1 -11.327077 -0.153291
1 5.306998 11.717932
1 -11.753693 -0.765127
1 5.233719 11.552184
1 5.373466 11.803861
1 5.173858 11.664938
1 -17.671289 -10.956762
1 5.413808 11.698025
1 -16.479671 6.249327
1 5.284716 11.609881
1 -3.330522 -17.700480
1 5.841079 11.301441
1 5.175153 11.593582
1 5.940203 11.181815
1 5.134439 11.631518
1 5.237954 11.393349
1 8.849286 -17.227898
1 4.356773 6.934152
1 4.934378 11.369624
1 1.575646 10.799034
1 5.273249 11.783764
1 5.194322 11.633873
1 5.142027 11.700292
1 -5.450750 10.425634
1 5.232186 -12.548335
1 -1.202772 -20.189768
1 -11.052979 -0.465785
1 -11.125934 -0.511300
1 16.893572 -11.823114
1 -22.917576 3.978087
1 5.743040 5.987401
1 1.134312 -14.967997
1 5.270353 11.689065
1 -18.832243 -9.597897
1 6.880098 -11.329170
1 5.445217 5.583531
1 5.449380 11.669619
1 -22.824034 -5.975953
1 13.254715 -15.659463
1 5.289222 11.442216
1 -4.589122 2.157132
1 -18.246773 0.325243
1 5.541263 5.581943
1 -5.623703 10.529712
1 5.500609 11.393491
1 -18.717148 4.215795
1 5.294884 11.764822
1 -11.090026 -0.650780
1 5.105839 11.806545
1 -16.593853 -6.312499
1 5.281175 11.742080
1 5.367283 11.603239
1 -3.615641 15.227994
1 11.698442 3.462756
1 -16.264494 -7.452792
1 5.287228 11.601151
1 15.334066 0.771517
1 -12.115223 0.668864
1 5.978819 10.723248
1 -7.924699 -4.252868
1 -15.791876 -0.314718
1 -15.984476 -0.289710
1 -16.189283 -2.333685
1 -16.132475 -1.967111
1 7.067802 -11.990044
1 -11.269703 -2.144439
1 6.908359 -11.815973
1 -16.106815 -1.739666
1 4.078003 12.598036
1 -13.714611 2.000378
1 -14.540997 -4.475296
1 -16.661909 0.676920
1 1.044545 -16.293591
1 -13.502446 -0.608983
1 -12.854301 -0.965998
1 -4.994544 1.716646
1 3.130912 9.804632
1 6.632899 -11.504083
1 6.916665 -11.473083
1 -15.628261 -0.960717
1 -13.190415 -0.980579
1 -17.594954 -4.139975
1 -11.386799 -7.449233
1 6.363448 -12.039495
1 15.966091 1.983499
1 -15.405665 -0.234905
1 -15.154802 -0.799584
1 -17.351004 -0.719924
1 -17.733494 -0.551707
1 -6.012123 14.661625
1 -15.803445 0.438259
1 -15.016978 0.482326
1 6.618153 -11.539845
1 -12.324581 0.381429
1 -8.004504 -4.308953
1 15.028883 1.093531
1 13.574457 -0.824541
1 -12.504889 1.019722
1 -17.684986 1.310614
1 -15.508737 -0.730138
1 -10.958735 -1.944666
1 13.637844 -0.612872
1 4.434494 9.679646
1 15.195356 -0.093572
1 -13.474474 -1.882043
1 -13.330889 -1.476420
1 5.763919 9.273706
1 16.209969 -0.507397
1 3.093073 -10.985625
1 -16.062359 -1.138062
1 -12.468622 -0.501661
1 -12.537421 -0.405660
1 15.136370 0.436447
1 15.015919 0.605250
1 -12.165597 1.530739
1 -15.184461 -0.590434
1 -0.385734 1.051500
1 1.835286 -15.680660
1 -13.667852 -0.770430
1 6.573183 -11.375338
1 5.548588 8.222989
1 -17.721687 0.578725
1 -16.489910 -0.435007
1 -16.356443 -2.727588
1 6.866124 -11.430490
1 16.191963 -1.253353
1 -16.254175 -3.366022
1 6.639453 -11.724280
1 6.377313 7.502237
1 -12.873855 3.677253
1 7.026055 -11.727284
1 -16.174713 -1.396381
1 -13.505331 -1.497661
1 -14.148491 -0.693242
1 -17.114220 -4.041598
1 -4.826611 10.385411
1 4.492187 11.437712
1 -15.368343 -0.591270
1 -14.066212 -1.501546
1 5.478987 8.319401
1 6.908892 7.751796
1 1.537524 6.843931
1 5.789190 -11.960922
1 -13.167697 3.081818
1 14.988360 2.050678
1 -5.944835 8.019125
1 -14.029989 3.860600
1 -14.323874 -0.397641
1 2.302888 -15.525963
1 14.881475 0.659124
1 16.765039 -0.504727
1 -14.738558 -0.996642
1 14.725980 1.270644
1 16.347757 -1.399722
1 7.051667 -11.467816
1 14.370950 -0.324086
1 14.267752 0.341756
1 -12.146589 2.057447
1 -17.240225 -3.876685
1 -14.363743 -0.131343
1 1.788636 11.838379
1 1.100595 11.828217
1 -12.199748 2.496702
1 -15.471985 -1.145657
1 -13.188462 1.475123
1 -15.141245 -0.041571
1 -15.188580 0.454752
1 7.235966 7.780375
1 6.528742 -11.158300
1 6.804235 -11.930620
1 -12.421240 0.607994
1 1.689432 -16.075169
1 -12.363322 5.792174
1 -13.192100 0.194927
1 -17.076914 0.175846
1 15.518561 1.906236
1 4.139918 -10.370641
1 5.783625 -12.593141
1 -12.661489 1.541324
1 -3.193649 11.636832
1 -3.539219 11.930725
1 -12.814440 2.993163
1 -15.064714 -0.230142
1 -14.683166 -1.675100
1 -8.117674 0.205844
1 16.363171 -0.655119
1 -12.608643 4.226381
1 -17.414577 -9.231405
1 6.603218 -11.577307
1 4.477856 9.373050
1 2.078292 -15.222578
1 -12.700199 3.510787
1 6.083177 -12.337027
1 -12.090746 -0.330309
1 6.277458 7.699140
1 5.512767 8.127777
1 6.158721 -12.644368
1 -14.177823 -1.197929
1 5.949691 -11.636580
1 6.878207 -11.298649
1 4.302333 9.978009
1 1.898435 -15.034095
1 7.345018 -11.244877
1 15.456545 -1.130165
1 6.541212 -11.585036
1 14.763658 1.061561
1 16.256104 -0.694562
1 16.338415 -0.979886
1 5.759864 12.324423
1 5.238911 10.064714
1 4.856700 10.779494
1 -4.929747 10.467018
1 6.557763 -11.532970
1 7.125842 -12.068289
1 16.497215 1.529659
1 16.295130 -0.923420
1 -15.370140 -0.229987
1 6.973526 -11.819884
1 1.970495 -14.995740
1 6.575365 -11.879110
1 14.498084 0.442521
1 16.276438 -1.117289
1 -15.444697 -0.218690
1 4.549238 11.456964
1 7.003207 -11.557572
1 6.792778 -11.729956
1 -13.611456 1.781424
1 3.745016 9.815484
1 4.853930 12.055092
1 6.512347 -11.647805
1 -16.218708 -2.104184
1 4.354476 12.295650
1 -12.252661 0.122405
1 6.141634 8.170088
1 7.584775 7.419892
1 5.848361 12.264073
1 -3.975993 12.031754
1 -2.613715 12.027698
1 -14.549973 -1.668028
1 -13.263646 -1.242263
1 6.263589 8.308642
1 6.971241 -11.529603
1 16.187630 2.312136
1 6.689738 9.317501
1 4.346721 11.548175
1 5.555243 -13.652622
1 -12.256085 0.190075
1 6.714065 -11.659534
1 -18.818655 7.115512
1 15.060289 1.021321
1 -13.611334 1.758375
1 1.815327 -15.713814
1 16.625618 -0.943399
1 1.786713 -14.994086
1 -5.182194 13.893720
1 -5.057977 11.095207
1 5.167031 8.638431
1 5.213589 12.013879
1 2.177816 -15.484361
1 -15.997831 10.889740
1 6.714301 -11.611741
1 1.888504 -16.024820
1 7.350718 8.135672
1 14.859251 0.774735
1 -7.678099 3.088348
1 3.897830 10.805114
1 6.631891 -11.827823
1 6.544056 -11.276048
1 5.601140 9.635015
1 1.660035 -15.961956
1 16.316902 -0.613474
1 4.776164 11.596472
1 6.625454 -11.292791
1 7.687769 -11.628424
1 6.579583 -11.621058
1 6.843465 -11.436637
1 7.479218 -11.896266
1 5.282012 -12.726711
1 16.327616 1.429405
1 6.613334 8.444890
1 1.269528 -15.090000
1 5.150222 8.916384
1 -15.773296 12.262120
1 5.203491 11.321391
1 -4.609647 8.531066
1 -4.921642 12.226784
1 5.091640 8.192983
1 6.862936 -11.586572
1 7.562903 -21.918873
1 -2.984808 12.152570
1 6.633480 -11.302673
1 6.895499 -11.480080
1 6.395299 -11.614719
1 -13.457611 1.987674
1 6.592292 -11.763927
1 4.967537 8.446692
1 2.306402 -15.658156
1 2.066119 -15.228827
1 -17.070171 -4.170520
1 14.877984 1.133283
1 -17.850683 10.639523
1 4.740538 8.160368
1 6.896309 -11.467829
1 6.404354 -11.712098
1 -16.533588 -1.920374
1 6.072239 9.503836
1 6.900403 -11.780530
1 6.942754 -11.528574
1 4.993603 11.369441
1 6.953267 -11.648066
1 1.089081 -15.743266
1 6.510902 -11.252213
1 2.106415 -15.472914
1 -3.370576 12.340273
1 -12.088004 -1.899388
1 13.754013 2.303316
1 7.029739 -11.578562
1 5.282895 -12.464912
1 -13.446145 0.046253
1 15.539176 0.396776
1 2.292512 -15.436205
1 6.745709 -11.387042
1 14.087505 -0.886546
1 4.798389 11.973206
1 7.953146 -11.313409
1 -18.499678 8.905658
1 7.238904 -11.643978
1 6.529884 -11.521034
1 7.055261 -11.705580
1 4.599042 11.158116
1 4.391159 10.847291
1 6.763086 -11.640797
1 5.428745 -12.425386
1 6.701895 -11.624326
1 6.883278 -11.603392
1 1.876006 19.665218
1 6.839220 -11.407969
1 6.424562 -11.740141
1 6.997427 -11.502351
1 2.120456 -15.493049
1 7.158865 -11.594781
1 0.275227 -10.857329
1 6.580716 -11.545559
1 6.688531 -11.344049
1 5.107975 11.566215
1 6.690862 -12.142295
1 7.105102 -11.724954
1 6.647106 -11.391796
1 2.564110 -15.598364
1 6.661983 -11.446424
1 6.536575 -11.537899
1 6.739597 -11.566242
1 6.882885 -11.704377
1 6.580359 -11.582859
1 7.065133 -11.260192
1 6.283166 9.185843
1 -0.885652 -1.599378
1 6.902473 -11.728775
1 7.199431 -11.790800
1 -0.371296 -16.757534
1 6.951735 -11.509758
1 0.686302 -16.807976
1 6.500970 -11.719717
1 6.628603 -11.841681
1 4.933279 11.374596
1 6.783721 -11.323750
1 2.192972 -15.623509
1 6.961489 -11.594957
1 -2.763765 12.099088
1 2.210785 -15.400464
1 7.217607 -11.612786
1 6.928329 -11.470236
1 -21.606543 3.740302
1 6.839136 -11.406688
1 6.483284 -11.407675
1 5.293698 -12.540388
1 5.212434 11.615987
1 -11.237347 -0.510253
1 5.279469 11.608832
1 -3.522751 6.453734
1 -10.098269 2.855953
1 5.592083 11.682068
1 -2.857318 20.427507
1 9.138859 12.163697
1 5.094857 11.420340
1 5.495159 11.781553
1 5.208216 11.514329
1 7.837797 10.642462
1 -13.110507 -0.218100
1 -12.831522 -0.437292
1 -7.127384 6.872133
1 -10.231533 16.270235
1 -13.023103 -0.413359
1 5.494182 11.433343
1 8.289280 7.471958
1 5.292873 11.479983
1 4.957164 11.342802
1 -11.219441 -0.494232
1 -11.025593 -0.518322
1 9.117372 -16.745958
1 5.170695 11.585496
1 4.995797 11.854052
1 13.762158 -2.163208
1 -19.061270 -0.581618
1 5.673807 5.421778
1 -11.332908 -0.330660
1 6.237108 -17.382954
1 1.352725 -14.953562
1 -11.652973 -1.817510
1 11.057370 -17.476067
1 5.144551 11.621346
1 4.886962 12.229295
1 5.266450 11.517018
1 5.263075 11.590669
1 5.316398 11.750729
1 6.368388 6.854240
1 6.645769 -11.250435
1 9.375592 4.825233
1 -7.251096 6.853668
1 -10.094253 -16.712223
1 5.138002 11.742540
1 5.234055 11.538985
1 5.254552 11.606663
1 -11.098772 -0.402312
1 -20.422638 0.612663
1 16.498840 -13.348194
1 7.034674 -11.341678
1 -15.668248 -11.760448
1 5.117614 11.643414
1 -7.321407 7.807989
1 11.318754 -15.501503
1 5.209443 11.729759
1 -18.568413 -4.645391
1 -11.033399 -0.343884
1 -18.287130 -11.113544
1 5.015452 11.432261
1 5.183932 11.647889
1 5.212007 11.631345
1 -16.557055 -1.065877
1 5.530368 5.822834
1 7.518678 -21.923561
1 5.216599 11.599569
1 5.186769 12.007554
1 6.826441 -11.195961
1 13.947878 -2.188696
1 4.660337 11.559520
1 5.089492 11.267221
1 5.248429 11.536910
1 5.376028 11.455119
1 -17.343826 -8.843349
1 14.010809 0.809663
1 4.813590 11.301251
1 1.204533 -20.583632
1 5.205699 -12.590519
1 5.105405 11.584701
1 5.980384 11.250239
1 -11.849437 -1.193064
1 5.138860 11.570895
1 -15.096940 -7.352208
1 -13.707656 14.172566
1 5.318149 11.880712
1 5.307868 11.762753
1 5.247383 11.566598
1 5.067175 11.900974
1 5.181461 11.696202
1 5.365580 11.564212
1 5.691568 5.820732
1 -8.142354 -18.555569
