28
1 17.549402 -2.189099
1 -17.618145 -10.776752
1 2.534506 13.018125
1 5.424776 11.923854
1 5.848995 9.152533
1 7.569242 -21.926928
1 5.745314 9.677131
1 -9.809831 -8.498516
1 -13.721565 2.111251
1 6.060244 6.107452
1 14.865152 0.948365
1 -14.327944 7.271088
1 -14.149429 6.891129
1 -7.515592 -6.450742
1 15.062651 0.948712
1 -12.408454 8.238234
1 12.002836 4.737368
1 -13.353334 7.031769
1 15.122877 1.841893
1 -8.305987 5.149106
1 6.233247 8.163445
1 -14.704576 7.012255
1 -12.080438 -9.033309
1 5.220208 5.251572
1 -7.255779 -6.862054
1 5.354770 5.672923
1 5.632096 7.118343
1 5.540155 5.558498
