2539
1 14.400537 0.584990
1 15.343495 -0.115432
1 -5.655997 8.579278
1 -15.708392 -0.752367
1 -7.807217 -4.166934
1 -16.258987 -0.087078
1 2.403952 -15.658146
1 -8.329427 -4.564078
1 4.331276 11.570208
1 -13.026710 -0.674780
1 -12.308649 0.517314
1 -13.286798 -0.496716
1 -12.282962 0.505847
1 -15.261497 -0.109913
1 -12.645305 1.518731
1 -16.524632 0.179059
1 15.354941 2.022682
1 -10.117068 -5.212260
1 -15.293118 -3.626038
1 16.107805 2.772010
1 -16.303068 -0.198562
1 -15.529243 0.450325
1 14.557820 1.411073
1 14.816520 1.560906
1 -12.885733 -1.115233
1 -13.071596 -1.017172
1 -17.563360 -4.091988
1 -11.607965 -4.114537
1 -14.371963 -1.583474
1 16.150640 -1.585412
1 5.615918 10.373275
1 6.693530 -11.361569
1 -15.288987 0.645523
1 -16.678013 0.524659
1 -13.543643 -1.361334
1 14.007758 -0.365573
1 -14.848454 0.162685
1 -13.599552 -0.479458
1 5.490165 -13.930971
1 -13.039763 0.565645
1 -13.636332 3.475388
1 -14.971897 0.191063
1 -15.074300 0.544701
1 -14.888317 0.270713
1 -12.162335 4.376283
1 -17.220758 -4.011314
1 2.015158 -15.422343
1 16.510101 -0.498538
1 -13.926484 -2.897499
1 0.655961 -12.881507
1 5.174918 8.285937
1 -14.469723 0.000395
1 6.221331 9.449155
1 -7.934370 -4.261322
1 16.372412 -0.807843
1 -13.923211 2.869870
1 -17.352560 -3.660910
1 6.315936 7.471427
1 -17.743164 -4.274984
1 16.264267 -0.485197
1 -17.737473 -1.282845
1 6.538005 -11.615242
1 7.657927 -15.282691
1 7.005887 -11.409508
1 -12.191587 4.251452
1 6.623626 -11.455141
1 7.623986 -15.219187
1 -17.957298 -2.199961
1 2.036334 -14.927595
1 5.502865 9.978227
1 -12.399659 5.776747
1 5.832152 -11.895198
1 2.109916 6.806351
1 -5.668594 13.927678
1 6.847542 -11.555883
1 -16.430027 -1.522336
1 14.787538 0.511788
1 14.463539 0.500419
1 -7.965501 -4.392410
1 2.340098 -15.319194
1 15.461337 0.617877
1 14.678158 1.347038
1 -17.442928 -3.790070
1 6.146093 7.174960
1 -15.177140 0.122838
1 -15.582565 -3.879176
1 -15.134447 0.211428
1 4.353013 9.182122
1 -17.796841 -4.332704
1 -12.554388 -0.645228
1 -17.567430 -3.728941
1 -17.363960 -3.670473
1 4.651458 9.807125
1 -11.832231 4.070376
1 -15.508711 -2.082705
1 -12.403065 2.271506
1 4.139569 7.249033
1 -15.755271 -0.528676
1 6.600310 -11.102950
1 0.076150 -12.870315
1 -13.251609 3.183704
1 15.513130 -0.808489
1 -16.069651 -0.852481
1 2.260897 -15.507985
1 6.163881 8.286772
1 -13.611188 0.305200
1 16.232920 -0.914549
1 -17.650938 -0.070942
1 6.264216 9.803930
1 6.850917 -11.719782
1 -12.790833 0.843685
1 -16.375963 -1.094503
1 16.481133 -0.569547
1 -17.524504 -3.856522
1 -15.891919 0.209660
1 6.675227 8.163033
1 7.424018 7.459113
1 -12.899124 -1.138603
1 5.333416 11.021839
1 0.870408 -12.646241
1 6.382048 10.615306
1 -15.135070 -1.384677
1 13.630599 -0.506465
1 -15.539817 0.076776
1 16.426668 -0.353407
1 -13.252702 -1.188308
1 -15.247198 0.194900
1 -13.011928 3.570164
1 -2.910255 -1.091023
1 14.643117 0.968487
1 4.664973 11.214928
1 -15.518714 0.253877
1 -8.216282 -6.251676
1 -11.735290 4.477184
1 -15.496554 -0.314271
1 -12.835522 3.734831
1 7.433706 -11.853696
1 -12.028523 1.139867
1 4.887128 11.944847
1 6.779491 -11.651070
1 5.719294 10.005778
1 -7.962593 -6.409888
1 15.425562 -1.043848
1 -12.122276 -1.899635
1 1.854447 -8.626258
1 5.566801 -11.316571
1 6.960458 -11.564240
1 -12.147327 2.914620
1 6.612039 7.506159
1 6.696027 -11.333483
1 6.300718 8.558635
1 13.946435 0.323212
1 6.200147 8.973543
1 1.722144 -9.166825
1 6.615134 7.779983
1 -14.710140 -1.645950
1 -13.158174 0.668404
1 15.790136 0.109178
1 -11.666547 -4.171865
1 -11.678905 -1.309752
1 5.796237 8.029775
1 6.657326 -11.617494
1 -12.558280 14.867711
1 7.095061 -11.808818
1 5.206349 11.861116
1 4.447573 12.209747
1 6.118459 8.673007
1 -13.525226 -0.734004
1 -15.374649 0.347107
1 1.503376 -9.222978
1 -16.042543 -0.957391
1 -15.752349 0.679824
1 16.152414 -0.409120
1 -14.849762 -1.510914
1 -17.622391 -3.927557
1 6.232332 8.416753
1 -7.126379 18.578777
1 6.426052 7.793678
1 6.506571 9.210999
1 -7.240438 6.878673
1 5.009834 11.611229
1 14.698977 0.807339
1 14.633769 0.978292
1 14.833106 -0.414364
1 5.791811 11.139056
1 6.959192 -11.467922
1 7.022233 -11.531723
1 -4.498762 14.209215
1 5.180888 8.395110
1 5.246581 8.832097
1 2.009350 -15.223719
1 7.189876 -11.281374
1 15.986897 0.916368
1 -14.055122 -0.877222
1 -17.504013 -3.475614
1 -16.036493 -0.956878
1 2.210674 -15.887465
1 2.559509 -15.495244
1 6.374609 -11.525209
1 5.244813 11.872046
1 6.811924 -11.572418
1 2.122013 -15.819452
1 6.933612 -11.436113
1 6.971563 -11.273341
1 7.034534 -11.526026
1 -13.933497 -0.202584
1 6.110348 9.462125
1 6.543972 7.561319
1 14.387449 -0.519747
1 6.039821 7.748596
1 5.136341 9.061364
1 6.959968 -11.391924
1 7.647300 -15.223120
1 6.589334 -11.417315
1 -11.208306 0.336559
1 7.327906 -11.694495
1 6.806683 -11.385572
1 6.637426 -12.200478
1 6.566534 -11.217706
1 5.476211 11.409309
1 13.705195 -0.679352
1 7.044601 -11.696424
1 -11.685715 1.935376
1 -14.489360 -10.383228
1 -13.542960 2.183701
1 7.435627 -11.936633
1 6.739352 -11.900318
1 7.307857 -11.607941
1 7.564832 -21.949812
1 2.646654 -15.560977
1 6.721282 -11.594212
1 2.429513 -15.516397
1 7.188484 -12.065672
1 7.233655 -12.015594
1 6.904292 -11.683252
1 7.480317 -11.988265
1 2.171572 -15.758352
1 5.239211 11.609716
1 -17.037809 -1.169035
1 -13.476933 1.428979
1 2.017105 -15.872134
1 15.874970 -0.676046
1 6.945655 -11.604036
1 7.309640 -11.519400
1 16.005453 1.263295
1 6.969394 -11.251698
1 6.969447 -11.589158
1 6.086637 -11.359773
1 -2.460365 -9.791742
1 -11.753746 17.299702
1 7.032527 -11.504395
1 6.897274 -11.456886
1 7.029791 -11.313743
1 6.885464 -11.242716
1 5.312958 11.080268
1 7.539867 -11.970571
1 6.755855 -11.402939
1 2.402221 -15.559778
1 19.891766 2.956741
1 7.458446 -11.510524
1 14.326821 1.081647
1 7.097330 -11.683166
1 6.970584 -11.412902
1 6.613871 -11.555246
1 6.836335 -11.501439
1 15.113290 -0.811491
1 6.533234 -11.525125
1 6.913637 -11.856175
1 5.167414 11.961062
1 5.086808 11.422246
1 -7.584726 -16.226980
1 5.090864 11.395530
1 5.131173 11.482443
1 6.939462 -11.355236
1 0.499275 -10.165806
1 0.410009 -13.050152
1 8.068361 -11.121394
1 -6.772536 -14.377481
1 7.136467 -11.601794
1 7.126120 -11.744267
1 6.821361 -11.472221
1 6.754247 -11.529916
1 7.007236 -11.676176
1 6.864769 -11.353936
1 7.298584 -11.563615
1 13.971566 -2.009989
1 7.251489 -11.335480
1 -7.658427 18.822577
1 6.884145 -11.241819
1 6.424952 -11.966559
1 7.112710 -11.412776
1 12.795177 4.170287
1 7.002858 -11.246597
1 6.688892 -11.389192
1 -19.661844 9.204429
1 7.489340 -12.156461
1 6.913962 -11.347802
1 -18.716883 9.845650
1 6.828411 -11.502846
1 5.603261 11.185398
1 7.305580 -11.806618
1 7.242099 -11.012444
1 15.966107 -1.341022
1 -17.300375 0.103118
1 7.221460 -11.789760
1 6.750342 -11.331114
1 5.176361 11.530407
1 -22.680128 3.811106
1 -11.808414 -1.844427
1 -10.961020 -0.384807
1 16.861088 -11.767583
1 17.541878 -2.172686
1 -18.199293 -13.203835
1 5.145515 11.607399
1 4.039392 18.503174
1 5.102437 11.603571
1 -4.979350 2.138659
1 -7.193594 -18.873356
1 5.459644 5.342579
1 14.098242 1.143230
1 5.356717 11.459396
1 -19.809656 -10.277492
1 5.590043 5.726285
1 5.190255 -12.435231
1 5.189708 11.630497
1 5.616474 5.662185
1 5.279567 11.649045
1 5.313825 11.631640
1 5.170343 11.668802
1 -4.413456 2.767967
1 4.984554 11.851899
1 5.251513 11.718740
1 5.205647 11.754585
1 5.648050 11.682579
1 5.078642 11.634564
1 5.196264 11.864424
1 5.193063 11.681973
1 5.266479 11.542219
1 5.202705 11.564873
1 5.330314 11.721977
1 4.179058 11.566806
1 5.104377 11.466757
1 5.582383 5.391819
1 -3.101636 15.389729
1 -16.610506 -6.870009
1 5.188777 11.688025
1 5.603570 5.401145
1 5.076205 11.552709
1 -9.461191 -19.790882
1 -16.397795 3.791536
1 14.949811 9.616515
1 5.171051 11.608156
1 5.451913 11.581322
1 5.266535 11.613667
1 5.366587 11.438253
1 5.534326 11.849540
1 -7.187841 6.876366
1 -13.571101 -14.877097
1 5.229680 11.752943
1 5.176435 11.676102
1 5.162650 11.440028
1 5.125436 11.431013
1 5.742435 5.490006
1 2.404555 -15.237331
1 5.402372 11.851995
1 -13.140381 -0.566247
1 5.089032 11.219879
1 5.232391 11.681294
1 5.727851 11.946927
1 6.454222 6.975820
1 7.889794 -15.434361
1 5.218798 11.615436
1 4.909186 11.296533
1 -7.190246 6.916320
1 5.164805 11.602286
1 5.183353 11.506664
1 -11.053362 -0.170408
1 5.426730 11.531659
1 5.233347 11.660772
1 13.858101 -1.983152
1 -20.513023 0.259815
1 -14.706017 0.419944
1 -12.027582 -0.100074
1 -11.105056 -0.315474
1 5.132165 11.653487
1 5.171498 11.720166
1 7.573210 -21.976587
1 -7.402341 -5.047563
1 5.366023 11.199291
1 -11.059657 0.541028
1 5.076038 11.503726
1 0.671130 11.768057
1 5.123014 11.524947
1 5.234016 11.805888
1 -5.680944 10.096544
1 -7.678034 -3.931362
1 -15.227810 -0.083789
1 -11.432887 1.554310
1 4.314421 9.527589
1 -4.326548 15.707303
1 -4.855237 14.226467
1 -11.580487 -1.138693
1 -12.212020 0.858665
1 -13.038004 -0.608069
1 -10.708823 2.973488
1 6.163065 8.174583
1 -13.120120 3.026462
1 -12.287820 2.379020
1 15.446432 2.122479
1 -14.374324 0.192116
1 -11.820312 1.364389
1 1.244004 -11.950034
1 -16.668823 -2.582562
1 -16.760126 -2.692095
1 -5.407060 8.020420
1 -5.384337 8.747797
1 -17.323130 -3.577951
1 -17.751862 -4.349000
1 16.037493 1.220326
1 15.894475 1.774890
1 -14.931953 -0.981423
1 -16.068201 -0.973669
1 -13.040919 -1.015185
1 -13.497523 2.016736
1 -14.642964 -1.664201
1 -14.525043 -1.620509
1 -16.085575 -0.273700
1 6.680744 6.424543
1 -15.450809 0.451378
1 5.331387 8.444779
1 -12.838022 -0.236660
1 -13.262478 -4.502075
1 -8.008009 -4.366098
1 15.288000 -0.787817
1 6.152449 7.972035
1 15.595071 2.538422
1 4.609475 9.767004
1 -13.354075 4.155057
1 -13.076043 4.180655
1 -15.344189 -0.144636
1 -5.179378 13.935034
1 7.787350 5.925704
1 -10.850366 -2.102314
1 15.512119 0.173699
1 -13.286337 -0.409743
1 2.130417 -15.422264
1 -4.190102 14.276675
1 -3.461236 10.898993
1 7.193307 6.836914
1 -11.883426 1.624822
1 -17.171566 -3.619730
1 -17.214354 -3.625451
1 1.973037 -15.292509
1 -14.823668 -0.187544
1 -13.753175 2.886708
1 -10.259633 -2.897476
1 -10.250470 -2.720107
1 -3.317292 11.254503
1 13.041338 0.169411
1 5.341167 8.361043
1 4.020666 9.687468
1 5.719867 7.016340
1 6.921509 -11.510350
1 5.693326 8.117873
1 -4.393092 11.141722
1 -16.242331 0.017751
1 -16.429161 -1.533781
1 -11.929842 1.077327
1 1.642322 -14.526234
1 14.759654 1.118618
1 -2.928613 10.073749
1 -14.261020 -0.657218
1 -14.340726 5.323930
1 -17.321196 -3.949373
1 -5.441156 14.160979
1 1.981962 -15.786335
1 7.820951 -15.374900
1 -16.537836 -2.481614
1 3.891884 10.290513
1 1.814404 -15.754064
1 5.630996 -12.329310
1 7.191403 -11.449028
1 2.284719 7.263184
1 13.635694 0.200062
1 13.537658 -0.147946
1 -12.696038 3.609969
1 15.130302 1.195240
1 2.259673 -8.602603
1 -11.037489 2.606290
1 -5.659122 8.888620
1 -5.400821 10.156098
1 -16.244032 -0.828833
1 14.759186 0.517319
1 15.199509 0.103666
1 14.810600 0.616091
1 4.108551 9.581927
1 -8.141739 -4.492791
1 -5.102772 14.016057
1 -4.296572 15.364318
1 -5.002291 14.048808
1 -4.902231 13.881218
1 -4.636348 14.480280
1 2.234863 -14.886415
1 -17.783653 -4.402823
1 16.716755 -0.412572
1 16.596558 -0.538348
1 -15.101766 0.174307
1 5.907807 8.622505
1 6.877858 7.756550
1 13.016629 3.981233
1 -16.411863 1.103132
1 6.281839 -11.787251
1 6.376708 8.658847
1 6.995834 6.787752
1 1.902920 -14.669205
1 -15.507862 -1.399682
1 -12.128405 4.341048
1 6.727908 7.152948
1 -13.574472 3.815538
1 -4.565079 14.106810
1 15.361523 0.659163
1 14.456538 1.217335
1 14.897796 0.869933
1 2.134213 -15.746292
1 -14.193434 3.724977
1 16.462650 -1.210038
1 -16.750937 -2.863451
1 -14.693892 -0.958505
1 -16.697933 0.227271
1 -5.285890 14.145835
1 -5.315282 10.473341
1 -13.051378 1.869718
1 -12.848083 2.137996
1 -0.783465 -16.885693
1 1.398757 -15.962358
1 -5.332881 13.433213
1 -5.118895 13.964054
1 -5.368474 13.127137
1 -11.618773 0.268132
1 -15.866598 -0.281108
1 -16.036312 -1.775320
1 -14.736599 2.259865
1 -8.546063 -4.725552
1 16.485367 -1.369885
1 -14.539744 -1.683593
1 -15.538257 0.094516
1 -15.478189 -0.021844
1 6.243332 7.298799
1 6.680916 7.723593
1 6.732481 7.644384
1 -13.631127 3.863285
1 -13.986957 3.977363
1 -12.704342 3.823098
1 -5.136305 10.332682
1 6.652821 -10.638794
1 5.339076 10.124981
1 5.022592 10.801661
1 5.252962 11.481760
1 -12.012455 1.182151
1 -13.963903 -0.501937
1 4.443531 9.846618
1 4.956062 8.449186
1 -14.260614 0.303064
1 -5.871895 10.485431
1 7.967166 10.226686
1 -4.898640 14.340880
1 -12.079997 4.330810
1 -13.765423 1.926520
1 14.547655 1.318465
1 -13.182602 3.395945
1 10.641511 9.966554
1 -13.930967 5.427335
1 5.510100 -12.393463
1 -16.289282 -1.415967
1 6.878591 -11.288352
1 6.947489 -11.867623
1 -17.742729 -3.887395
1 -5.210048 14.361663
1 -12.392909 0.401131
1 15.237212 0.361642
1 -5.571321 11.086497
1 6.482290 7.085748
1 -5.311126 14.027810
1 -16.910128 6.177197
1 -6.309425 11.422886
1 13.203017 -0.236220
1 -17.512314 1.523887
1 6.676210 -11.225063
1 -4.276183 14.905208
1 -5.279641 10.802742
1 7.175577 -11.714033
1 -11.624126 4.890429
1 -15.041783 0.049067
1 1.994013 -15.058086
1 2.358755 -15.242213
1 2.058940 -14.399501
1 5.498049 8.826056
1 -5.146612 13.808273
1 -17.480867 -3.791352
1 4.314534 9.453949
1 6.163284 -11.715559
1 5.200285 11.742239
1 4.974953 11.912953
1 5.077286 11.860534
1 6.999163 -11.209814
1 16.758144 -0.617213
1 4.409092 12.179838
1 6.845375 7.847981
1 6.065652 8.509308
1 1.252661 8.528291
1 -15.677480 0.055620
1 2.004420 -15.433929
1 -5.546279 10.727742
1 6.921221 -11.937499
1 6.821944 -11.445391
1 -16.208580 -2.238401
1 -17.184076 -2.044250
1 -17.881302 -1.813306
1 6.225641 7.720118
1 6.901742 -11.127763
1 -16.358240 -2.552039
1 -5.459279 13.722202
1 4.987499 11.472128
1 4.758276 10.485862
1 2.239788 -15.247992
1 7.415657 7.315505
1 6.808833 7.551830
1 7.109564 -11.784945
1 6.307186 8.338660
1 6.054946 7.915589
1 5.550043 7.500403
1 -14.130191 -0.728030
1 5.864588 6.759326
1 -16.476919 -3.529160
1 -5.382604 10.750954
1 2.147681 6.625956
1 -4.767255 14.073371
1 6.789970 -11.235420
1 -4.942386 14.196858
1 -5.040332 14.192532
1 4.722805 8.483918
1 -6.361868 13.194795
1 -5.463506 10.694857
1 6.719728 -11.735276
1 6.855870 9.556149
1 16.579357 -0.301255
1 -11.246023 -0.071286
1 -5.619524 9.075571
1 7.263398 -11.263542
1 6.482307 7.448333
1 5.783137 8.250027
1 -17.897404 -0.275506
1 7.779672 8.380555
1 -5.315494 10.951341
1 -5.763161 10.871417
1 5.163659 11.995954
1 6.388847 8.128247
1 -5.696548 10.567556
1 -12.168507 -1.691614
1 14.963604 1.442050
1 14.691949 0.337533
1 1.890834 -15.910629
1 -5.804610 10.683306
1 7.137598 -11.366797
1 6.712419 7.760554
1 14.328533 -2.218409
1 -16.086180 2.237326
1 7.320431 -11.723973
1 6.156091 -11.463405
1 -13.225167 1.183050
1 14.649595 0.568373
1 6.958939 -10.975260
1 7.567769 -21.948029
1 -13.584968 4.160623
1 2.891366 8.539165
1 5.558039 9.153761
1 6.688282 -11.510084
1 -5.398488 10.460169
1 -16.816761 0.118990
1 -7.652029 6.875614
1 2.022617 -15.054455
1 16.353176 -0.935909
1 -5.713029 13.674460
1 6.926202 -11.316266
1 7.019055 -11.889730
1 5.676333 8.229814
1 -5.657362 10.991375
1 6.848158 -11.323600
1 9.056655 -11.304428
1 0.069315 -16.414598
1 5.803060 10.279037
1 -12.760889 4.249960
1 15.324361 1.296513
1 -5.283779 13.880882
1 -5.429778 10.859729
1 -5.169284 14.124144
1 7.321559 -11.536935
1 -6.080267 10.519899
1 16.115196 -0.915053
1 6.870278 -11.443196
1 6.898768 -11.468100
1 7.077094 -11.625230
1 7.027505 -11.564857
1 -12.145281 3.046361
1 7.627249 -11.813960
1 -15.944317 1.508140
1 6.869431 -11.370388
1 6.800909 -11.391311
1 -5.279720 14.237813
1 4.886822 11.192208
1 15.681718 -0.210185
1 -7.625521 7.493201
1 6.685770 -11.479903
1 -6.894195 11.031842
1 6.172492 7.620714
1 -14.344780 5.274007
1 -4.528033 10.305417
1 -5.681664 13.276031
1 -5.293500 10.907119
1 4.162070 12.436151
1 6.554377 -11.380658
1 5.229566 11.657886
1 -16.978365 -2.430908
1 7.046484 -11.770854
1 6.787112 -11.413301
1 -15.833128 5.956024
1 4.945139 11.466280
1 -2.448154 8.880399
1 1.981848 -15.627625
1 6.759227 -11.475420
1 7.216634 -11.170293
1 7.091140 -11.529671
1 6.670963 -11.509666
1 6.933295 -11.364220
1 -5.323935 10.642056
1 6.927667 -11.282784
1 -0.228321 -16.657808
1 6.695547 -11.462647
1 4.772922 11.588317
1 5.101713 11.507901
1 2.267614 -15.447065
1 6.751858 -11.245594
1 4.341074 8.845382
1 6.390612 7.027445
1 -5.836220 10.947729
1 8.195343 5.946449
1 7.452716 -11.515252
1 2.043823 -15.300826
1 17.621593 6.041770
1 5.585677 5.609187
1 6.920832 -11.456526
1 1.834314 -16.099157
1 7.303748 -11.353116
1 6.979467 -11.386181
1 5.134537 11.459075
1 5.133369 11.567375
1 5.394401 11.602048
1 7.131268 -11.567514
1 6.510591 -11.620056
1 -4.998817 14.357566
1 6.918570 -11.588204
1 -6.050560 10.220992
1 6.937129 -11.446306
1 6.738275 -11.324875
1 13.995580 -0.456031
1 7.220755 8.116054
1 -4.351880 -7.064321
1 7.090382 -11.590752
1 6.820856 -12.113601
1 6.839580 -11.467172
1 18.505548 -6.984652
1 1.837063 -16.100056
1 16.367884 -1.478958
1 7.080493 -11.536330
1 11.590281 -7.709097
1 -4.892780 14.643512
1 -17.569281 8.863534
1 -5.279028 14.155853
1 -4.000513 15.625943
1 6.817720 -11.670788
1 6.917152 -11.316700
1 -5.540770 10.396494
1 7.159583 -11.647554
1 5.434813 11.269043
1 7.243126 -11.175905
1 7.809308 -11.870630
1 7.033170 -11.422368
1 6.918675 -11.546595
1 0.287582 -17.545811
1 6.973541 -11.228477
1 7.254057 -11.558312
1 7.158491 -11.387354
1 -11.715654 -0.257763
1 6.528218 -11.484267
1 6.525112 8.998321
1 7.063208 -11.705442
1 -15.148376 -12.281152
1 -5.568628 10.140121
1 6.908352 -11.396476
1 7.261115 -11.743035
1 4.823390 11.992107
1 6.741125 -11.393443
1 -5.552343 10.350546
1 6.940609 -11.636549
1 -3.463749 14.738711
1 2.093278 -15.962440
1 -10.984561 -0.362898
1 -11.184509 -0.660965
1 6.557539 -16.941175
1 20.931671 -1.977406
1 5.175560 11.737020
1 5.090791 11.410835
1 1.099381 2.371720
1 12.834189 0.389109
1 -8.092978 14.495003
1 5.223802 11.528259
1 5.441007 11.456407
1 -13.893580 -16.241673
1 -10.010367 13.304509
1 5.142399 11.485517
1 20.349459 -4.268680
1 5.131636 11.611534
1 -11.123858 -0.543842
1 -8.471131 4.734261
1 5.271704 11.584260
1 -16.581814 -6.390707
1 -13.504606 14.062780
1 5.404269 11.719790
1 5.364528 11.549397
1 -5.473341 14.238656
1 5.365449 11.693525
1 5.692960 5.368535
1 5.666238 5.512737
1 -12.177196 0.826865
1 1.765937 14.458160
1 -11.148635 -0.545630
1 14.271503 0.940414
1 -5.545952 10.349885
1 -23.035236 1.616276
1 0.992647 16.582916
1 5.224826 11.703661
1 5.208607 11.603261
1 13.569708 -16.114731
1 5.198158 11.676668
1 -11.327077 -0.153291
1 5.306998 11.717932
1 -11.753693 -0.765127
1 5.233719 11.552184
1 5.373466 11.803861
1 5.173858 11.664938
1 -17.671289 -10.956762
1 5.413808 11.698025
1 -16.479671 6.249327
1 5.284716 11.609881
1 -3.330522 -17.700480
1 5.841079 11.301441
1 5.175153 11.593582
1 5.940203 11.181815
1 5.134439 11.631518
1 5.237954 11.393349
1 8.849286 -17.227898
1 4.356773 6.934152
1 4.934378 11.369624
1 1.575646 10.799034
1 5.273249 11.783764
1 5.194322 11.633873
1 5.142027 11.700292
1 -5.450750 10.425634
1 5.232186 -12.548335
1 -1.202772 -20.189768
1 -11.052979 -0.465785
1 -11.125934 -0.511300
1 16.893572 -11.823114
1 -22.917576 3.978087
1 5.743040 5.987401
1 1.134312 -14.967997
1 5.270353 11.689065
1 -18.832243 -9.597897
1 6.880098 -11.329170
1 5.445217 5.583531
1 5.449380 11.669619
1 -22.824034 -5.975953
1 13.254715 -15.659463
1 5.289222 11.442216
1 -4.589122 2.157132
1 -18.246773 0.325243
1 5.541263 5.581943
1 -5.623703 10.529712
1 5.500609 11.393491
1 -18.717148 4.215795
1 5.294884 11.764822
1 -11.090026 -0.650780
1 5.105839 11.806545
1 -16.593853 -6.312499
1 5.281175 11.742080
1 5.367283 11.603239
1 -3.615641 15.227994
1 11.698442 3.462756
1 -16.264494 -7.452792
1 5.287228 11.601151
1 15.334066 0.771517
1 -12.115223 0.668864
1 5.978819 10.723248
1 -7.924699 -4.252868
1 -15.791876 -0.314718
1 -15.984476 -0.289710
1 -16.189283 -2.333685
1 -16.132475 -1.967111
1 7.067802 -11.990044
1 -11.269703 -2.144439
1 6.908359 -11.815973
1 -16.106815 -1.739666
1 4.078003 12.598036
1 -13.714611 2.000378
1 -14.540997 -4.475296
1 -16.661909 0.676920
1 1.044545 -16.293591
1 -13.502446 -0.608983
1 -12.854301 -0.965998
1 -4.994544 1.716646
1 3.130912 9.804632
1 6.632899 -11.504083
1 6.916665 -11.473083
1 -15.628261 -0.960717
1 -13.190415 -0.980579
1 -17.594954 -4.139975
1 -11.386799 -7.449233
1 6.363448 -12.039495
1 15.966091 1.983499
1 -15.405665 -0.234905
1 -15.154802 -0.799584
1 -17.351004 -0.719924
1 -17.733494 -0.551707
1 -6.012123 14.661625
1 -15.803445 0.438259
1 -15.016978 0.482326
1 6.618153 -11.539845
1 -12.324581 0.381429
1 -8.004504 -4.308953
1 15.028883 1.093531
1 13.574457 -0.824541
1 -12.504889 1.019722
1 -17.684986 1.310614
1 -15.508737 -0.730138
1 -10.958735 -1.944666
1 13.637844 -0.612872
1 4.434494 9.679646
1 15.195356 -0.093572
1 -13.474474 -1.882043
1 -13.330889 -1.476420
1 5.763919 9.273706
1 16.209969 -0.507397
1 3.093073 -10.985625
1 -16.062359 -1.138062
1 -12.468622 -0.501661
1 -12.537421 -0.405660
1 15.136370 0.436447
1 15.015919 0.605250
1 -12.165597 1.530739
1 -15.184461 -0.590434
1 -0.385734 1.051500
1 1.835286 -15.680660
1 -13.667852 -0.770430
1 6.573183 -11.375338
1 5.548588 8.222989
1 -17.721687 0.578725
1 -16.489910 -0.435007
1 -16.356443 -2.727588
1 6.866124 -11.430490
1 16.191963 -1.253353
1 -16.254175 -3.366022
1 6.639453 -11.724280
1 6.377313 7.502237
1 -12.873855 3.677253
1 7.026055 -11.727284
1 -16.174713 -1.396381
1 -13.505331 -1.497661
1 -14.148491 -0.693242
1 -17.114220 -4.041598
1 -4.826611 10.385411
1 4.492187 11.437712
1 -15.368343 -0.591270
1 -14.066212 -1.501546
1 5.478987 8.319401
1 6.908892 7.751796
1 1.537524 6.843931
1 5.789190 -11.960922
1 -13.167697 3.081818
1 14.988360 2.050678
1 -5.944835 8.019125
1 -14.029989 3.860600
1 -14.323874 -0.397641
1 2.302888 -15.525963
1 14.881475 0.659124
1 16.765039 -0.504727
1 -14.738558 -0.996642
1 14.725980 1.270644
1 16.347757 -1.399722
1 7.051667 -11.467816
1 14.370950 -0.324086
1 14.267752 0.341756
1 -12.146589 2.057447
1 -17.240225 -3.876685
1 -14.363743 -0.131343
1 1.788636 11.838379
1 1.100595 11.828217
1 -12.199748 2.496702
1 -15.471985 -1.145657
1 -13.188462 1.475123
1 -15.141245 -0.041571
1 -15.188580 0.454752
1 7.235966 7.780375
1 6.528742 -11.158300
1 6.804235 -11.930620
1 -12.421240 0.607994
1 1.689432 -16.075169
1 -12.363322 5.792174
1 -13.192100 0.194927
1 -17.076914 0.175846
1 15.518561 1.906236
1 4.139918 -10.370641
1 5.783625 -12.593141
1 -12.661489 1.541324
1 -3.193649 11.636832
1 -3.539219 11.930725
1 -12.814440 2.993163
1 -15.064714 -0.230142
1 -14.683166 -1.675100
1 -8.117674 0.205844
1 16.363171 -0.655119
1 -12.608643 4.226381
1 -17.414577 -9.231405
1 6.603218 -11.577307
1 4.477856 9.373050
1 2.078292 -15.222578
1 -12.700199 3.510787
1 6.083177 -12.337027
1 -12.090746 -0.330309
1 6.277458 7.699140
1 5.512767 8.127777
1 6.158721 -12.644368
1 -14.177823 -1.197929
1 5.949691 -11.636580
1 6.878207 -11.298649
1 4.302333 9.978009
1 1.898435 -15.034095
1 7.345018 -11.244877
1 15.456545 -1.130165
1 6.541212 -11.585036
1 14.763658 1.061561
1 16.256104 -0.694562
1 16.338415 -0.979886
1 5.759864 12.324423
1 5.238911 10.064714
1 4.856700 10.779494
1 -4.929747 10.467018
1 6.557763 -11.532970
1 7.125842 -12.068289
1 16.497215 1.529659
1 16.295130 -0.923420
1 -15.370140 -0.229987
1 6.973526 -11.819884
1 1.970495 -14.995740
1 6.575365 -11.879110
1 14.498084 0.442521
1 16.276438 -1.117289
1 -15.444697 -0.218690
1 4.549238 11.456964
1 7.003207 -11.557572
1 6.792778 -11.729956
1 -13.611456 1.781424
1 3.745016 9.815484
1 4.853930 12.055092
1 6.512347 -11.647805
1 -16.218708 -2.104184
1 4.354476 12.295650
1 -12.252661 0.122405
1 6.141634 8.170088
1 7.584775 7.419892
1 5.848361 12.264073
1 -3.975993 12.031754
1 -2.613715 12.027698
1 -14.549973 -1.668028
1 -13.263646 -1.242263
1 6.263589 8.308642
1 6.971241 -11.529603
1 16.187630 2.312136
1 6.689738 9.317501
1 4.346721 11.548175
1 5.555243 -13.652622
1 -12.256085 0.190075
1 6.714065 -11.659534
1 -18.818655 7.115512
1 15.060289 1.021321
1 -13.611334 1.758375
1 1.815327 -15.713814
1 16.625618 -0.943399
1 1.786713 -14.994086
1 -5.182194 13.893720
1 -5.057977 11.095207
1 5.167031 8.638431
1 5.213589 12.013879
1 2.177816 -15.484361
1 -15.997831 10.889740
1 6.714301 -11.611741
1 1.888504 -16.024820
1 7.350718 8.135672
1 14.859251 0.774735
1 -7.678099 3.088348
1 3.897830 10.805114
1 6.631891 -11.827823
1 6.544056 -11.276048
1 5.601140 9.635015
1 1.660035 -15.961956
1 16.316902 -0.613474
1 4.776164 11.596472
1 6.625454 -11.292791
1 7.687769 -11.628424
1 6.579583 -11.621058
1 6.843465 -11.436637
1 7.479218 -11.896266
1 5.282012 -12.726711
1 16.327616 1.429405
1 6.613334 8.444890
1 1.269528 -15.090000
1 5.150222 8.916384
1 -15.773296 12.262120
1 5.203491 11.321391
1 -4.609647 8.531066
1 -4.921642 12.226784
1 5.091640 8.192983
1 6.862936 -11.586572
1 7.562903 -21.918873
1 -2.984808 12.152570
1 6.633480 -11.302673
1 6.895499 -11.480080
1 6.395299 -11.614719
1 -13.457611 1.987674
1 6.592292 -11.763927
1 4.967537 8.446692
1 2.306402 -15.658156
1 2.066119 -15.228827
1 -17.070171 -4.170520
1 14.877984 1.133283
1 -17.850683 10.639523
1 4.740538 8.160368
1 6.896309 -11.467829
1 6.404354 -11.712098
1 -16.533588 -1.920374
1 6.072239 9.503836
1 6.900403 -11.780530
1 6.942754 -11.528574
1 4.993603 11.369441
1 6.953267 -11.648066
1 1.089081 -15.743266
1 6.510902 -11.252213
1 2.106415 -15.472914
1 -3.370576 12.340273
1 -12.088004 -1.899388
1 13.754013 2.303316
1 7.029739 -11.578562
1 5.282895 -12.464912
1 -13.446145 0.046253
1 15.539176 0.396776
1 2.292512 -15.436205
1 6.745709 -11.387042
1 14.087505 -0.886546
1 4.798389 11.973206
1 7.953146 -11.313409
1 -18.499678 8.905658
1 7.238904 -11.643978
1 6.529884 -11.521034
1 7.055261 -11.705580
1 4.599042 11.158116
1 4.391159 10.847291
1 6.763086 -11.640797
1 5.428745 -12.425386
1 6.701895 -11.624326
1 6.883278 -11.603392
1 1.876006 19.665218
1 6.839220 -11.407969
1 6.424562 -11.740141
1 6.997427 -11.502351
1 2.120456 -15.493049
1 7.158865 -11.594781
1 0.275227 -10.857329
1 6.580716 -11.545559
1 6.688531 -11.344049
1 5.107975 11.566215
1 6.690862 -12.142295
1 7.105102 -11.724954
1 6.647106 -11.391796
1 2.564110 -15.598364
1 6.661983 -11.446424
1 6.536575 -11.537899
1 6.739597 -11.566242
1 6.882885 -11.704377
1 6.580359 -11.582859
1 7.065133 -11.260192
1 6.283166 9.185843
1 -0.885652 -1.599378
1 6.902473 -11.728775
1 7.199431 -11.790800
1 -0.371296 -16.757534
1 6.951735 -11.509758
1 0.686302 -16.807976
1 6.500970 -11.719717
1 6.628603 -11.841681
1 4.933279 11.374596
1 6.783721 -11.323750
1 2.192972 -15.623509
1 6.961489 -11.594957
1 -2.763765 12.099088
1 2.210785 -15.400464
1 7.217607 -11.612786
1 6.928329 -11.470236
1 -21.606543 3.740302
1 6.839136 -11.406688
1 6.483284 -11.407675
1 5.293698 -12.540388
1 5.212434 11.615987
1 -11.237347 -0.510253
1 5.279469 11.608832
1 -3.522751 6.453734
1 -10.098269 2.855953
1 5.592083 11.682068
1 -2.857318 20.427507
1 9.138859 12.163697
1 5.094857 11.420340
1 5.495159 11.781553
1 5.208216 11.514329
1 7.837797 10.642462
1 -13.110507 -0.218100
1 -12.831522 -0.437292
1 -7.127384 6.872133
1 -10.231533 16.270235
1 -13.023103 -0.413359
1 5.494182 11.433343
1 8.289280 7.471958
1 5.292873 11.479983
1 4.957164 11.342802
1 -11.219441 -0.494232
1 -11.025593 -0.518322
1 9.117372 -16.745958
1 5.170695 11.585496
1 4.995797 11.854052
1 13.762158 -2.163208
1 -19.061270 -0.581618
1 5.673807 5.421778
1 -11.332908 -0.330660
1 6.237108 -17.382954
1 1.352725 -14.953562
1 -11.652973 -1.817510
1 11.057370 -17.476067
1 5.144551 11.621346
1 4.886962 12.229295
1 5.266450 11.517018
1 5.263075 11.590669
1 5.316398 11.750729
1 6.368388 6.854240
1 6.645769 -11.250435
1 9.375592 4.825233
1 -7.251096 6.853668
1 -10.094253 -16.712223
1 5.138002 11.742540
1 5.234055 11.538985
1 5.254552 11.606663
1 -11.098772 -0.402312
1 -20.422638 0.612663
1 16.498840 -13.348194
1 7.034674 -11.341678
1 -15.668248 -11.760448
1 5.117614 11.643414
1 -7.321407 7.807989
1 11.318754 -15.501503
1 5.209443 11.729759
1 -18.568413 -4.645391
1 -11.033399 -0.343884
1 -18.287130 -11.113544
1 5.015452 11.432261
1 5.183932 11.647889
1 5.212007 11.631345
1 -16.557055 -1.065877
1 5.530368 5.822834
1 7.518678 -21.923561
1 5.216599 11.599569
1 5.186769 12.007554
1 6.826441 -11.195961
1 13.947878 -2.188696
1 4.660337 11.559520
1 5.089492 11.267221
1 5.248429 11.536910
1 5.376028 11.455119
1 -17.343826 -8.843349
1 14.010809 0.809663
1 4.813590 11.301251
1 1.204533 -20.583632
1 5.205699 -12.590519
1 5.105405 11.584701
1 5.980384 11.250239
1 -11.849437 -1.193064
1 5.138860 11.570895
1 -15.096940 -7.352208
1 -13.707656 14.172566
1 5.318149 11.880712
1 5.307868 11.762753
1 5.247383 11.566598
1 5.067175 11.900974
1 5.181461 11.696202
1 5.365580 11.564212
1 5.691568 5.820732
1 -8.142354 -18.555569
1 6.676069 -11.330253
1 5.717811 9.417195
1 5.689936 9.736297
1 -4.577331 9.406546
1 21.113981 -0.743926
1 -7.595614 -4.001479
1 -7.952034 -4.215935
1 -15.679948 -0.271140
1 6.722335 -11.589342
1 1.946424 -15.515126
1 -15.246667 0.680619
1 -15.210958 -1.130341
1 -14.587220 3.904392
1 -10.900044 3.121267
1 -12.170759 0.655503
1 -5.416978 13.518857
1 -4.561822 11.274468
1 1.962315 -15.488897
1 16.471172 1.556438
1 -16.105055 -2.271176
1 -16.574074 -2.958387
1 -11.865195 0.332191
1 -4.307038 14.155829
1 16.409584 0.165985
1 -13.048770 -1.045630
1 -16.488831 0.887474
1 -17.732994 -4.369842
1 -12.097428 3.589393
1 -15.536351 -1.174321
1 3.394773 -9.059131
1 -12.654284 2.784400
1 -12.651378 2.639148
1 2.666677 -15.444090
1 -18.051279 -1.850038
1 -16.860018 -2.196497
1 15.526413 -0.918954
1 -14.363948 3.911436
1 -14.200334 -1.692396
1 5.262390 10.910142
1 16.755301 -0.482809
1 16.589264 -0.351347
1 -12.242142 -0.711660
1 -12.175028 0.631043
1 -12.196153 0.581305
1 16.266983 -1.488933
1 -5.488112 11.483264
1 13.950936 -0.743393
1 -17.781559 -4.369945
1 -17.774349 -4.384912
1 12.211674 -0.795257
1 -13.625972 -0.214195
1 15.531325 2.511896
1 -12.638765 1.024689
1 7.187641 8.636195
1 -4.573292 13.831424
1 -12.592624 2.181961
1 5.674024 -11.764032
1 5.238482 -11.930638
1 -5.341757 14.015713
1 -13.496867 3.609632
1 13.480972 -0.452794
1 6.974201 7.452874
1 4.839411 8.891601
1 1.258406 -11.945298
1 -16.215088 -1.292727
1 2.114896 -14.252316
1 1.416614 -15.980881
1 1.557842 -16.220415
1 7.031011 -11.289321
1 4.211125 12.735582
1 -7.999873 -4.278738
1 -16.540993 -0.358930
1 -2.750663 10.444633
1 2.232771 -14.829594
1 16.059807 -0.637243
1 -4.899314 9.174280
1 -4.823204 14.417868
1 -5.082801 14.060155
1 -8.040236 -4.104146
1 -14.025959 -0.779073
1 -12.123642 1.466499
1 -5.008360 13.443297
1 5.829213 -11.437537
1 6.216595 -11.571446
1 -13.114927 0.076038
1 -13.704319 -0.191743
1 6.498581 -11.521617
1 5.096086 -10.953512
1 13.601699 -0.308660
1 -11.002875 -1.953205
1 15.731080 -2.031177
1 6.818817 -11.472126
1 -4.558278 13.004820
1 -17.652346 -4.438056
1 6.631670 -11.588865
1 -2.845398 10.522837
1 1.518714 -15.495548
1 -12.132526 0.801249
1 6.974036 -11.327573
1 -4.910006 11.509688
1 2.011163 -14.971585
1 2.430893 -14.007880
1 5.141663 12.256391
1 -16.150686 -0.919928
1 -11.606391 1.404453
1 -17.170673 -4.021109
1 -17.243864 -0.542937
1 1.388431 -15.612291
1 6.491238 -11.652563
1 6.690505 -11.389385
1 -14.652126 -1.420871
1 1.332968 15.714147
1 -4.708521 11.318469
1 -13.416218 3.136328
1 7.033115 -11.577568
1 -14.580396 0.718197
1 -5.095287 12.871678
1 2.025326 -15.427452
1 5.569695 9.824436
1 -5.056175 11.098821
1 -4.702075 11.094895
1 -11.576636 -4.076056
1 14.048645 1.816702
1 2.687312 6.740875
1 -5.569003 14.273204
1 -4.366096 11.172644
1 -5.386528 14.175755
1 -7.918963 -4.120469
1 15.854252 -0.698059
1 -5.603666 13.123339
1 -4.869095 13.949393
1 -5.692975 11.265782
1 -5.604526 11.692102
1 -12.594483 -0.617900
1 -5.375373 14.070128
1 -5.695590 14.274770
1 -5.663087 13.923837
1 -5.438395 13.985726
1 -4.925141 14.057840
1 -4.431601 14.401084
1 -17.190706 -4.159577
1 4.811571 -2.881961
1 -11.651833 2.010015
1 3.396215 -10.130931
1 -16.675589 0.307589
1 -12.227542 1.956007
1 -4.465275 10.242581
1 -4.971234 14.240131
1 -16.588333 -3.413685
1 -6.386564 8.836844
1 -10.920434 2.761639
1 6.701393 -11.620035
1 1.947916 6.363239
1 6.884352 -11.641500
1 6.078673 -6.104860
1 1.921519 -15.263845
1 -13.666974 3.766435
1 3.779967 9.338553
1 1.725483 -16.112495
1 6.480179 -12.110476
1 1.687729 -15.761940
1 2.009057 -15.192309
1 -5.141531 13.937420
1 6.981853 -11.329064
1 -3.674688 11.374806
1 -4.619694 10.686023
1 -13.666397 -0.360162
1 4.199676 12.421494
1 -13.263795 -1.297588
1 1.650245 -16.238226
1 -16.321140 -0.249503
1 5.629141 11.481221
1 -4.989941 13.243225
1 -4.303866 12.687975
1 6.429058 -10.768000
1 -16.567989 -2.606735
1 -14.092360 3.959983
1 -14.111975 3.730397
1 -14.487947 0.517125
1 1.546137 -15.300315
1 4.804496 9.833040
1 -16.359549 0.331383
1 2.335937 -15.575521
1 -5.440770 11.659597
1 6.621833 -11.443065
1 -3.499049 12.226505
1 0.870042 -16.148924
1 -5.632376 14.230823
1 6.227538 8.268885
1 16.222952 -1.287031
1 7.138318 -11.567688
1 -4.911491 11.402307
1 -3.740929 11.139469
1 13.468628 -0.691060
1 -12.264347 2.981728
1 16.609364 -0.762955
1 -5.047866 14.233851
1 13.401141 -0.632780
1 2.064538 -15.580833
1 6.085984 -11.432893
1 16.333529 -1.232573
1 -11.982159 0.169132
1 6.145439 -11.639532
1 5.114449 11.034423
1 -17.933262 0.189406
1 -4.642179 10.706754
1 -4.445935 11.223207
1 -11.764782 1.805094
1 5.557532 11.537177
1 6.898092 -11.537972
1 -14.332937 3.936837
1 -5.761866 14.373319
1 -5.505699 14.139797
1 0.396391 -10.837295
1 -5.207075 13.838758
1 13.231467 -1.047316
1 14.867829 0.494972
1 -4.742314 13.237335
1 -3.477872 10.962074
1 -0.260016 -9.042323
1 -12.093209 4.252514
1 -15.622977 -0.201277
1 -15.814906 -0.492540
1 6.689938 -11.716586
1 2.346404 -15.532283
1 -5.338353 10.356392
1 5.579763 11.452059
1 -8.856530 17.872972
1 -4.769934 14.103808
1 6.934204 -11.591680
1 -12.323408 3.270567
1 -4.545802 10.626025
1 -5.528561 11.582831
1 15.084109 -1.399367
1 6.436402 -11.344491
1 -3.342147 9.227471
1 -5.171896 11.562344
1 -5.243248 11.589929
1 -4.561298 11.617247
1 -5.584960 10.612726
1 5.171476 11.446470
1 -13.855916 -1.326046
1 2.201215 -15.352590
1 5.308272 -12.489606
1 -5.165039 13.935270
1 -12.268749 0.698187
1 -17.347979 -3.736145
1 -5.003632 14.314939
1 6.495302 10.861319
1 6.946185 -11.608054
1 14.579837 0.889798
1 -0.421925 -8.744143
1 7.071481 -11.605230
1 -17.397650 -4.026574
1 2.171160 -15.229561
1 -3.601562 10.857820
1 -9.201714 17.555256
1 4.510375 10.863023
1 6.699076 -11.236372
1 14.375230 -1.194899
1 6.791335 -11.488165
1 -17.369148 -3.813552
1 5.036582 11.216645
1 -5.016733 11.195528
1 6.719929 -11.265764
1 -14.083334 -4.287893
1 6.685195 -11.404290
1 -5.446994 11.727109
1 2.367222 -15.546069
1 -4.537279 11.447464
1 4.091163 9.609768
1 -4.633162 11.127269
1 -4.762882 13.915578
1 5.098597 11.788542
1 -4.942162 8.876423
1 1.654191 -14.918469
1 1.614869 -15.106795
1 1.567764 -15.405265
1 6.925568 -11.554915
1 5.894588 -11.885336
1 1.817036 -15.177436
1 1.616005 -15.014689
1 7.038668 -11.782277
1 -16.457577 -2.605078
1 -4.647990 10.379673
1 -4.870289 14.459859
1 1.897434 -15.297895
1 6.732159 -11.746469
1 -10.825264 2.859815
1 -3.355008 10.898862
1 6.571302 -11.622525
1 6.892416 -11.639497
1 6.949256 -11.824838
1 6.491917 -11.366106
1 2.099019 -15.476334
1 7.076511 -11.878977
1 14.057429 -2.084205
1 2.220445 -15.010239
1 0.462470 -7.022561
1 16.629984 -1.431131
1 6.993648 -11.291349
1 0.516782 -13.497440
1 -8.171824 -4.242234
1 6.624419 -11.430984
1 -4.870417 10.286282
1 -5.178636 11.379638
1 5.048483 12.335338
1 6.867857 -11.172727
1 -18.118948 -1.790005
1 -4.363199 11.240302
1 16.854650 -0.508758
1 -4.932404 11.036303
1 -12.229871 4.321306
1 2.056449 -15.042419
1 -3.608090 11.999417
1 6.319783 -12.647593
1 7.093741 -11.188275
1 5.222887 10.228001
1 2.110768 -15.363950
1 1.969143 -15.269269
1 6.906800 -10.960192
1 14.441542 0.961134
1 5.275560 6.165708
1 2.800308 -15.039536
1 15.143107 1.262764
1 6.814269 -12.147539
1 2.108572 -15.015624
1 15.558712 1.244964
1 2.168252 -14.362940
1 2.233851 -15.050881
1 -4.296410 11.176147
1 1.926891 -15.301869
1 7.076175 -11.452769
1 6.823928 -11.333000
1 -4.541913 11.423376
1 6.181815 -11.600622
1 -15.782990 -2.079136
1 -4.438986 11.320383
1 6.420665 -11.698852
1 4.942433 -13.368502
1 -17.012638 -4.051260
1 1.763777 -15.104131
1 4.457088 12.788598
1 6.273500 -11.673204
1 -4.910905 11.378368
1 -2.045568 10.615872
1 15.591851 0.369886
1 6.939369 -11.647497
1 5.229820 11.768703
1 4.569139 11.624935
1 -14.526978 -1.754022
1 4.786914 12.348351
1 6.486695 -11.405125
1 6.882985 -11.617172
1 -5.393187 10.547103
1 6.712644 -11.506248
1 6.912777 -11.257593
1 15.410127 0.666501
1 6.643774 -11.593984
1 6.688087 -11.485313
1 7.071209 -11.770653
1 -5.158379 11.938516
1 7.030245 -11.888450
1 6.424744 -10.965721
1 2.191161 -15.264173
1 -5.412477 14.361824
1 1.475208 -14.869846
1 -11.020917 -0.228600
1 6.882433 -11.642248
1 5.341494 11.946251
1 -5.081012 13.909642
1 2.328319 -15.577726
1 6.935436 -11.603247
1 -9.753005 16.340145
1 6.896153 -11.247470
1 16.270292 -0.772032
1 6.826881 -11.232745
1 6.934601 -11.335143
1 -5.166435 11.100044
1 6.821255 -11.275636
1 7.281579 -11.857886
1 7.369989 -11.807326
1 6.834189 -11.449434
1 5.835663 -12.907345
1 16.180777 -1.282834
1 -6.177990 13.697603
1 7.136545 -11.197086
1 2.046293 -15.288844
1 5.558903 11.284462
1 6.906954 -11.422720
1 6.676139 -11.433587
1 7.095789 -12.012239
1 -3.082340 12.604967
1 15.500985 -1.865789
1 -5.210405 14.318782
1 7.051917 -11.229468
1 7.115042 -12.135646
1 4.881659 12.140961
1 4.845552 12.200858
1 7.727014 -11.820347
1 6.470805 -11.623870
1 16.069521 2.039840
1 1.736087 -15.921472
1 6.820504 -11.465904
1 16.769903 -0.559177
1 7.243381 8.036772
1 7.549506 -21.950541
1 19.151140 3.200331
1 16.349333 -0.546237
1 6.981294 -11.509475
1 6.789174 -11.294611
1 -4.486588 11.700715
1 6.347133 -11.762461
1 6.985988 -12.019361
1 7.017560 -11.563988
1 -4.909499 10.109331
1 7.305929 -12.240558
1 1.993267 -15.659913
1 -4.525810 11.728309
1 -5.282386 11.506921
1 7.086408 -11.568829
1 2.388757 -15.470366
1 -6.397207 14.484762
1 2.325725 -15.395986
1 -4.525715 14.957161
1 6.923508 -11.491643
1 20.119087 1.188708
1 6.574803 -11.559780
1 2.210996 -15.467432
1 6.483138 11.124603
1 6.680387 -11.625171
1 2.200078 -15.539144
1 -5.465596 14.206275
1 7.076314 -11.380853
1 14.521435 1.129547
1 7.102384 -12.137604
1 6.849897 -11.463049
1 -12.938558 0.337609
1 1.924279 -15.279806
1 6.874313 -11.696464
1 2.483667 -14.845421
1 -4.190012 11.384944
1 7.064320 -11.161764
1 6.797917 -11.571368
1 6.699744 -11.226274
1 15.365623 0.340844
1 1.583988 -15.137793
1 8.012816 -11.938848
1 6.411358 -11.347170
1 1.659291 -15.882507
1 1.723125 -15.792175
1 -11.899516 -0.912072
1 6.971066 -11.335902
1 6.715433 -11.567286
1 7.048532 -11.629954
1 -2.221881 0.923090
1 6.971656 -11.498933
1 7.238253 -12.351213
1 2.382644 -15.741706
1 6.540924 -11.607453
1 6.478815 -11.447892
1 7.390824 -11.764765
1 6.949549 -11.339234
1 -18.220541 -7.350503
1 5.441528 12.406277
1 5.397520 12.110901
1 5.631441 12.478615
1 7.084641 -11.519364
1 6.978982 -11.452373
1 6.706616 -11.862772
1 6.812654 -11.568055
1 4.801532 11.900866
1 6.396411 -11.628104
1 4.166713 12.003618
1 6.906988 -11.260514
1 -4.859298 11.643507
1 6.315268 -11.478381
1 15.949199 -1.180475
1 4.871669 11.082583
1 6.858075 -11.256322
1 -13.851660 1.563663
1 -5.364127 10.881855
1 16.277685 -0.900084
1 14.493271 0.787934
1 -5.968163 5.686174
1 5.685617 11.171575
1 4.470046 11.351779
1 -4.549224 11.859849
1 6.915403 -11.632316
1 -4.660058 11.513584
1 6.893300 -11.532137
1 6.979191 -11.680801
1 6.863844 -11.149753
1 6.637033 -11.460607
1 6.620098 -11.317349
1 6.974998 -11.502436
1 7.459749 -11.752397
1 6.888269 -11.406754
1 -11.929686 5.522472
1 6.955641 -11.239014
1 -4.339360 10.088840
1 6.839622 -11.394915
1 6.381916 -11.274892
1 7.138932 -11.494113
1 2.292593 -15.313884
1 7.500745 -21.845806
1 20.705576 -0.607012
1 17.936848 -7.297531
1 7.079908 -11.323339
1 4.897756 11.236547
1 15.503447 -0.600928
1 6.738991 -11.307106
1 6.640083 -11.514056
1 6.889345 -11.670645
1 6.997084 -11.405407
1 6.786871 -11.657773
1 1.492816 -16.277967
1 6.668898 -11.404166
1 -4.450291 15.485973
1 6.965292 -11.444335
1 5.904323 8.096989
1 6.816639 -11.386770
1 5.015906 11.796530
1 -7.580708 -16.953268
1 -11.824303 2.187164
1 5.228303 11.578218
1 -13.425895 0.654671
1 -17.388422 -13.515148
1 5.243567 11.462559
1 5.262520 11.724485
1 -12.864562 -0.450510
1 -5.818981 6.028380
1 5.040137 11.917680
1 14.331622 0.888509
1 7.568368 -21.980875
1 5.306603 11.505788
1 18.947332 -9.812141
1 -18.328159 -11.183550
1 7.534779 -21.902571
1 2.550260 -15.436411
1 4.847776 11.414467
1 -15.704124 -7.372128
1 5.012671 11.780327
1 -3.159713 14.954394
1 -11.172337 -0.516232
1 -15.721223 -7.122702
1 6.482728 -11.476977
1 -14.142033 -2.474381
1 5.547117 5.260451
1 7.568502 -21.981588
1 6.804940 -11.147217
1 5.286668 11.614146
1 5.244009 -12.520930
1 5.233683 11.627145
1 -11.143801 -0.499095
1 4.944999 11.507016
1 20.402582 3.903373
1 5.655788 10.599810
1 4.929785 11.498400
1 14.664195 -8.685226
1 5.368710 11.695634
1 5.169307 11.492438
1 5.333169 11.588575
1 18.576801 6.008241
1 -14.621611 2.449073
1 22.586361 -4.203264
1 6.831952 -11.161552
1 1.074300 -14.939556
1 -11.172766 -0.470913
1 16.774088 -12.667856
1 5.454544 11.491784
1 -7.908262 -2.771008
1 17.639627 7.536374
1 5.227855 11.688650
1 -7.259233 -19.332771
1 17.831879 -6.673781
1 -23.644226 -3.036572
1 5.153934 11.548769
1 5.366932 11.625773
1 -13.793633 -16.901182
1 6.862744 -11.641213
1 5.011917 11.606851
1 15.755611 10.030605
1 -13.915035 -1.999783
1 13.803691 -2.072544
1 -18.971642 -0.289532
1 7.560843 -21.954010
1 5.234727 11.742766
1 1.392162 -15.058020
1 12.536628 -16.562485
1 15.010671 -15.061629
1 13.886848 -1.539524
1 5.122907 11.586569
1 7.570556 -21.981894
1 -10.770796 0.129821
1 5.134082 11.633963
1 6.824444 -11.512564
1 2.366328 -13.849866
1 3.078558 10.057912
1 6.264146 8.498969
1 7.558677 -21.929731
1 2.075773 -15.373478
1 7.027855 6.891873
1 -4.185574 -0.459859
1 5.733054 0.688667
1 -4.826039 13.134331
1 -4.564666 13.978271
1 -4.271742 11.540248
1 1.302980 -11.930852
1 9.627082 6.963784
1 -4.396362 13.810404
1 12.541560 -0.729037
1 14.143490 -1.731812
1 -15.968188 -1.460092
1 -12.102551 2.630070
1 -12.411981 2.548333
1 -12.712276 2.950798
1 -12.272957 2.528756
1 -3.608546 8.858395
1 2.663550 8.213479
1 6.704046 7.123219
1 -7.902381 -4.091615
1 -7.423012 -3.996546
1 -12.235357 0.501845
1 -12.053374 0.719655
1 15.898181 2.400181
1 -11.432911 4.507150
1 -4.483519 14.003672
1 6.846291 -11.341227
1 -15.672389 -0.003420
1 -13.989336 -1.664123
1 -15.078857 -1.073670
1 -16.051373 1.257852
1 -11.865767 1.416065
1 -4.769174 10.308574
1 6.719234 -11.331826
1 1.027702 7.674362
1 6.294091 -10.853468
1 6.813365 -11.427187
1 -5.540666 14.161510
1 -14.747917 -0.944577
1 10.825420 -8.572658
1 13.216849 -0.895772
1 13.573555 -0.565303
1 -13.300717 0.277065
1 -6.876498 -4.191817
1 15.781338 2.315779
1 15.535188 2.480786
1 15.905780 2.448068
1 15.248021 -2.502333
1 -15.119019 -0.737991
1 -15.147916 -0.699144
1 -12.498974 1.022365
1 7.031998 6.995131
1 2.080024 -14.951031
1 4.332581 10.011301
1 -11.925616 -0.297898
1 -12.579993 1.708593
1 -14.015577 0.993383
1 -3.707569 8.927391
1 4.774236 9.217468
1 1.992112 -15.257236
1 -10.966585 2.299160
1 -12.585604 3.198861
1 -12.053961 0.072079
1 -4.549536 10.358239
1 2.640946 -15.046274
1 -14.599218 -1.618836
1 6.571437 -11.882512
1 5.471430 -11.832783
1 -15.344991 -0.117021
1 -14.667277 -1.476944
1 -13.905762 -0.274341
1 6.752896 -11.388278
1 -3.617313 9.205529
1 -3.644979 9.422964
1 -13.537815 -1.712113
1 -8.598733 -3.652580
1 1.527138 11.019435
1 -4.318381 14.031074
1 -4.038982 10.890523
1 -3.673859 11.034019
1 5.512666 6.039345
1 -4.678097 10.732966
1 15.285676 -2.457067
1 -2.943879 11.067319
1 -15.481339 -1.389070
1 3.337573 11.552765
1 -15.716910 0.317738
1 -5.967298 8.350228
1 -12.410870 -0.486675
1 -12.086173 0.714681
1 5.441456 -12.248892
1 7.037787 7.030759
1 6.573295 7.929497
1 6.545032 -11.393587
1 5.973477 8.658272
1 -4.832958 10.370756
1 -16.111721 0.037666
1 -16.096344 -2.800270
1 -4.479994 10.401361
1 6.086441 -12.501975
1 16.427725 -1.231571
1 7.094184 6.419058
1 -4.185030 12.442362
1 -4.477626 13.806473
1 -11.767608 0.183948
1 -12.212073 0.753924
1 -4.897618 10.186049
1 -5.811729 11.688349
1 -15.825603 -1.376279
1 5.806433 7.904180
1 -5.510201 14.245281
1 6.526513 -11.616437
1 -13.448779 3.423422
1 -4.753043 11.293825
1 0.594343 -0.408935
1 5.219424 10.684015
1 -16.941093 -3.079916
1 16.376648 -1.074925
1 -15.674641 -0.780651
1 -15.245302 -0.811452
1 -15.233716 0.390736
1 -16.388269 -0.834619
1 -13.226686 3.118289
1 -16.322329 1.881653
1 6.235786 -11.245872
1 -15.775736 -0.539296
1 -3.941601 11.090373
1 -15.143822 -1.036579
1 5.445025 11.375084
1 7.122204 -11.742836
1 8.167390 -11.221882
1 5.486071 -13.436801
1 -16.010084 1.125800
1 16.313625 -0.778378
1 6.431890 8.318256
1 5.469779 10.751805
1 2.186486 -15.512157
1 1.963607 -15.524312
1 -5.734044 12.738512
1 6.712568 -11.662250
1 -4.492487 14.052763
1 -14.151625 3.717717
1 -12.156741 1.918090
1 3.842073 9.536490
1 2.015909 -15.974221
1 13.233663 -0.677532
1 4.606499 10.503404
1 -11.313385 -1.316106
1 -3.911306 10.000898
1 6.247199 -11.174555
1 -13.684232 -1.937025
1 14.521775 0.942394
1 -14.669339 4.056925
1 5.089935 11.118279
1 3.125088 11.188363
1 4.377412 10.986445
1 4.396751 11.848475
1 -13.675204 -0.675556
1 -14.321699 3.980477
1 -4.443569 11.279483
1 14.263544 -1.512537
1 14.595263 -0.954253
1 5.867163 12.405891
1 -5.248868 13.054395
1 -13.575521 -0.545711
1 -3.433934 11.063939
1 5.782896 7.923172
1 7.392100 -10.156418
1 7.356273 -12.150409
1 16.202343 -1.040357
1 5.598057 11.291293
1 4.183822 12.620682
1 4.432686 12.499230
1 17.031950 -0.916174
1 -14.080809 -1.028587
1 -14.378923 0.722506
1 -15.258893 -1.333211
1 6.576642 -11.296324
1 14.310093 -0.183765
1 5.773735 11.721048
1 4.171452 12.078870
1 6.201032 -11.465512
1 -14.676879 1.727749
1 1.883391 -15.697976
1 6.894553 -11.533689
1 6.752458 -11.625373
1 6.852425 -11.522415
1 4.499596 11.884614
1 -13.688831 3.787071
1 1.910299 -15.104692
1 -12.887013 2.905910
1 -4.097440 -0.661181
1 16.413622 -0.462584
1 -2.279506 12.267664
1 -14.569534 -1.787600
1 -5.125528 13.397196
1 -14.380270 -0.858114
1 -11.790053 -4.063004
1 -3.962180 11.423018
1 -4.407303 11.190889
1 -17.578764 -4.328411
1 -16.991035 -3.637915
1 -4.179299 14.174328
1 -4.651648 13.869911
1 -3.818201 12.004412
1 5.688776 5.793532
1 16.427729 -0.668872
1 1.690682 -16.191120
1 13.539101 -1.388717
1 5.876812 11.111176
1 -4.266922 11.282901
1 6.248583 -11.560415
1 -3.853974 11.486513
1 -5.500304 11.768053
1 12.730259 1.847398
1 14.136976 -2.004384
1 5.120032 8.314666
1 5.539459 8.314850
1 7.575006 -21.902565
1 4.282944 10.151469
1 -15.509893 0.349750
1 -4.483992 11.989703
1 2.200270 -15.694762
1 4.980623 10.496394
1 3.928719 9.659690
1 1.585488 -16.017012
1 1.314906 -15.171656
1 1.835172 -15.214051
1 1.813247 -15.621671
1 6.334419 -11.243698
1 15.188807 0.940924
1 0.829155 10.759247
1 -12.005340 1.934024
1 -12.910259 1.327600
1 -4.533197 11.772699
1 -4.668081 11.846087
1 6.627438 -11.626326
1 6.796805 -11.524071
1 -13.143683 -0.514701
1 -5.340556 12.043944
1 -16.278860 -0.588338
1 5.519125 5.786787
1 -5.402438 11.810759
1 -2.619972 11.841585
1 6.387736 8.628863
1 16.557571 -0.745797
1 7.502129 -11.571289
1 7.022925 -11.473662
1 16.676270 -0.726526
1 5.214270 11.513008
1 12.524194 -0.503722
1 6.762605 -11.353342
1 5.355714 11.488026
1 15.338831 -0.170188
1 -8.258722 -4.484350
1 2.016864 -15.378386
1 6.837180 -11.410094
1 1.435152 -15.221859
1 7.115926 -11.621900
1 6.850752 -11.549911
1 -10.962308 2.945754
1 6.820379 -10.957330
1 5.615337 9.581328
1 5.245688 10.461493
1 2.033489 -14.463062
1 -3.548398 1.213221
1 3.574231 8.639520
1 1.143730 10.672028
1 -4.136933 10.409183
1 1.968363 -15.481210
1 -3.801033 11.807867
1 -5.083384 11.449224
1 2.013519 -15.848055
1 -15.347184 -0.071582
1 -15.164591 -0.185849
1 -3.144397 11.892958
1 4.591776 11.905479
1 16.693495 -0.518566
1 4.824303 10.920763
1 4.144973 9.579369
1 4.335000 9.457675
1 7.184415 -11.957503
1 4.683894 -10.932516
1 5.990089 -11.970055
1 7.018235 -11.346851
1 -11.246593 15.704487
1 -17.036066 -2.684858
1 5.366955 5.495774
1 0.783055 -14.041067
1 5.179753 12.123878
1 13.948025 -1.922304
1 6.221859 -11.438558
1 -5.280072 10.990266
1 -4.699966 11.393704
1 -2.966108 12.100510
1 2.060497 -14.836494
1 6.815521 -11.440675
1 6.465984 -11.217583
1 13.501307 -1.718508
1 -9.602070 16.099049
1 -16.551138 -2.289603
1 -4.453536 11.025189
1 15.551776 -0.675134
1 6.424297 -11.543655
1 -4.922381 11.229121
1 6.838036 7.756931
1 -1.747488 7.408120
1 6.638084 7.440486
1 1.535104 -16.009398
1 1.815768 -15.334203
1 6.808614 -11.655834
1 -11.966228 -1.610968
1 2.178154 -15.608294
1 16.350389 -1.021517
1 4.813198 8.038113
1 6.903831 -11.430931
1 4.098429 10.925444
1 3.964405 11.205196
1 1.786144 -16.196835
1 -3.347409 11.669334
1 4.631185 12.243097
1 5.535397 -12.289932
1 6.987590 6.563246
1 5.584950 10.090698
1 6.565027 -11.466326
1 2.309013 -15.359067
1 -4.473509 11.075508
1 -2.826602 12.041867
1 5.704025 -11.433223
1 -3.837369 11.532345
1 14.093766 -0.258891
1 4.652796 7.219838
1 -5.225367 12.812308
1 -4.087536 11.338590
1 6.629103 -11.425583
1 6.486816 -11.347857
1 -4.936206 11.383296
1 2.281171 -15.018644
1 6.506998 -11.454245
1 16.889193 5.971638
1 14.674383 1.188121
1 0.164466 -16.393322
1 6.733617 -11.275456
1 -12.885617 -0.514196
1 6.828323 9.845264
1 -3.397444 12.052876
1 14.588587 0.082062
1 2.119747 -15.430755
1 4.302573 11.000910
1 1.941438 -15.720779
1 6.250997 8.128072
1 6.771574 -11.549006
1 6.401851 -11.234179
1 6.922745 -11.441124
1 -3.982777 11.636684
1 6.960410 7.725293
1 5.123171 11.850518
1 3.284001 9.654978
1 -4.033407 10.471283
1 6.581712 -11.630232
1 14.801975 -1.812658
1 6.765000 -11.409250
1 13.862932 -1.991171
1 8.275744 7.539414
1 16.749851 -0.565248
1 6.527777 -11.542592
1 15.694872 2.272662
1 6.745294 -11.424862
1 1.816155 -15.301872
1 -3.918708 11.845962
1 6.820420 -11.490310
1 14.574592 -0.878837
1 1.538509 -15.110614
1 -17.698475 1.106995
1 5.032609 11.386121
1 6.367490 7.644420
1 0.907756 -16.009634
1 4.527563 11.609618
1 6.446213 -11.510886
1 -4.915561 10.379326
1 6.775000 -11.410299
1 5.926412 -11.656346
1 6.775518 -11.343402
1 -3.880078 11.749713
1 -4.957516 11.874607
1 16.875162 -0.815640
1 4.531040 12.600143
1 1.899189 -15.392815
1 13.939468 2.299517
1 6.058124 -12.091846
1 -4.512998 11.307493
1 6.093686 -11.196461
1 6.995955 -11.508646
1 6.554391 -11.442317
1 5.722871 -14.126354
1 1.703436 -16.219425
1 -4.939926 11.204596
1 7.096091 -11.974833
1 6.952433 -11.401920
1 2.849864 -14.920073
1 6.718858 -11.298018
1 2.467125 -14.946415
1 2.236349 -15.178681
1 16.132290 -0.927567
1 1.588910 -15.638833
1 2.190277 -15.486165
1 6.167343 -11.861462
1 5.229068 11.339386
1 6.800678 -11.467295
1 6.926431 9.711226
1 -22.598732 -0.759539
1 4.448036 10.498158
1 -4.438235 11.732368
1 14.169807 -1.249718
1 15.009365 -1.496727
1 14.150214 2.008693
1 -0.648994 -16.155010
1 15.790428 -1.219259
1 2.067525 -15.360170
1 5.145736 -12.479783
1 -14.812516 -0.983718
1 -5.388737 14.113208
1 7.241189 -12.026183
1 -4.318883 11.887374
1 -2.770116 12.301337
1 -3.007825 11.991231
1 4.988369 11.078368
1 6.897079 -11.602825
1 -3.389869 12.323565
1 -16.834917 -3.143249
1 -5.414608 11.309020
1 -2.537413 -6.741081
1 -6.365290 -2.992853
1 20.429193 0.283676
1 14.022302 -1.501504
1 1.922809 -15.870972
1 -5.033657 11.420394
1 6.653607 -11.443764
1 2.182820 -15.461113
1 -3.995937 11.429752
1 1.786460 -16.278650
1 6.847487 -11.259397
1 4.427496 11.404300
1 15.730682 -1.493374
1 -10.998636 -0.735648
1 6.774461 -11.634748
1 18.924345 4.165230
1 6.682954 -11.561560
1 1.243742 -15.015680
1 6.781080 -11.400958
1 7.435163 -11.926006
1 2.128160 -15.315773
1 6.631975 -11.438865
1 6.436882 -11.821944
1 6.803729 -11.241731
1 6.506048 -11.367086
1 6.850273 -11.336195
1 6.781522 -11.386744
1 6.511120 -11.417640
1 -14.011886 3.477567
1 6.649122 -11.345160
1 6.856024 -11.481379
1 6.733136 -11.296487
1 -6.730080 11.468243
1 2.280446 -15.377678
1 -4.889901 10.975155
1 14.416532 -1.631597
1 -3.337414 11.999565
1 -3.273650 12.174876
1 6.465410 -11.375572
1 2.604000 -15.903485
1 6.953467 -11.493927
1 6.837698 -11.218333
1 2.373510 -15.470648
1 7.578514 -11.938285
1 5.007913 11.668612
1 5.275883 11.593111
1 13.675800 -2.138242
1 3.103087 7.170489
1 6.767106 -11.629707
1 -19.055477 7.006045
1 6.975191 -11.254475
1 7.208578 -11.815851
1 6.649448 -11.587694
1 0.948583 -15.115726
1 5.485999 11.245173
1 5.959985 -11.228705
1 20.157400 -3.901002
1 6.571723 -11.507452
1 -13.236321 1.300778
1 7.528085 -21.896719
1 -3.007383 11.879888
1 -3.054475 11.456561
1 6.357758 -11.833113
1 -3.499056 11.947692
1 5.896209 -11.709889
1 20.333193 -0.138690
1 -5.227380 11.462779
1 6.707071 -11.336831
1 -4.341774 10.792433
1 6.725497 -11.495297
1 6.836935 -11.273619
1 0.574844 -16.414948
1 -17.406063 1.756672
1 -5.707239 10.547882
1 -3.260168 -19.289248
1 0.100672 -11.805518
1 5.055340 11.927342
1 7.431843 10.712802
1 6.495583 -11.500322
1 6.968461 -11.331486
1 7.133397 -11.424572
1 8.302761 7.219197
1 5.184279 10.943496
1 -5.186718 13.838453
1 6.225862 -11.750116
1 6.794670 -11.372137
1 6.653530 -11.471816
1 6.566325 -11.337003
1 6.433318 -11.913202
1 5.336122 11.611969
1 6.981478 -11.260964
1 6.551981 -11.535114
1 14.097045 -1.717454
1 7.092671 -11.557153
1 6.835533 -11.579652
1 0.656841 -8.576692
1 6.223887 -12.184588
1 -14.976533 13.087639
1 6.591662 -11.406289
1 6.652568 -11.224154
1 6.383364 -11.486555
1 -5.751575 13.196614
1 -3.681466 12.051424
1 4.478463 -16.554602
1 2.716579 -15.486089
1 -4.770175 1.897631
1 6.654742 -11.465652
1 16.122282 1.127883
1 -4.201137 11.508384
1 2.189188 -15.534038
1 6.893878 -11.632701
1 7.110043 -11.926124
1 6.779860 -11.463188
1 4.598616 11.291484
1 5.324802 11.524012
1 17.640263 -2.303782
1 5.328059 -12.486007
1 -11.220679 -0.548855
1 -14.311481 0.153855
1 16.728943 -13.814500
1 -12.983139 -0.687644
1 13.027747 -15.382870
1 -12.668614 -0.297306
1 5.284061 11.460050
1 -11.028246 -0.498129
1 -3.492669 -21.335823
1 5.425785 -12.474192
1 -19.456247 -3.943291
1 14.256754 0.946057
1 5.451717 5.473581
1 5.292704 11.578882
1 7.568811 -21.979309
1 -13.173577 -0.466010
1 5.426016 5.476206
1 5.252213 11.728859
1 7.561629 -21.975832
1 5.267862 11.524105
1 -3.325923 11.829704
1 -11.692121 0.060961
1 4.548527 11.506509
1 5.270808 11.828855
1 4.702298 11.151120
1 -19.864779 -9.127285
1 5.214199 11.704211
1 -11.055900 -0.582652
1 4.852509 11.361760
1 -17.139866 -6.069093
1 4.421434 11.040132
1 -10.580186 1.656163
1 5.332983 5.468658
1 7.566425 -21.977787
1 5.634595 12.253219
1 -11.105224 -0.564747
1 -14.712159 11.947211
1 7.569496 -21.980309
1 1.253920 -15.142371
1 4.722870 11.444976
1 5.260513 11.618376
1 5.218109 11.561153
1 5.090552 11.689371
1 -5.268523 14.295310
1 -10.238235 -13.287140
1 5.074683 10.729350
1 5.180548 11.625639
1 7.847669 17.176046
1 5.233586 11.669816
1 -16.971083 -5.879152
1 5.324491 11.731586
1 4.494678 11.300698
1 5.104200 11.359756
1 5.025284 11.757336
1 6.011593 11.354872
1 5.677774 5.440818
1 -11.116698 -0.313684
1 5.124472 11.573605
1 4.501822 11.513889
1 5.274348 11.734603
1 -16.078003 14.945402
1 14.048313 -2.169407
1 5.245905 11.847220
1 -11.123923 -0.344559
1 1.184939 -15.075653
1 14.139366 1.037331
1 13.742838 -2.119999
1 -12.962784 -0.488728
1 -12.849720 -0.328944
1 5.178752 11.546227
1 -12.931033 -0.381675
1 13.999953 -9.493641
1 5.237270 11.764338
1 5.403661 11.956102
1 -11.049574 -0.576450
1 5.138060 11.621238
1 5.238927 11.586598
