4190
1 6.824444 -11.512564
1 2.366328 -13.849866
1 3.078558 10.057912
1 6.264146 8.498969
1 7.558677 -21.929731
1 2.075773 -15.373478
1 7.027855 6.891873
1 -4.185574 -0.459859
1 5.733054 0.688667
1 -4.826039 13.134331
1 -4.564666 13.978271
1 -4.271742 11.540248
1 1.302980 -11.930852
1 9.627082 6.963784
1 -4.396362 13.810404
1 12.541560 -0.729037
1 14.143490 -1.731812
1 -15.968188 -1.460092
1 -12.102551 2.630070
1 -12.411981 2.548333
1 -12.712276 2.950798
1 -12.272957 2.528756
1 -3.608546 8.858395
1 2.663550 8.213479
1 6.704046 7.123219
1 -7.902381 -4.091615
1 -7.423012 -3.996546
1 -12.235357 0.501845
1 -12.053374 0.719655
1 15.898181 2.400181
1 -11.432911 4.507150
1 -4.483519 14.003672
1 6.846291 -11.341227
1 -15.672389 -0.003420
1 -13.989336 -1.664123
1 -15.078857 -1.073670
1 -16.051373 1.257852
1 -11.865767 1.416065
1 -4.769174 10.308574
1 6.719234 -11.331826
1 1.027702 7.674362
1 6.294091 -10.853468
1 6.813365 -11.427187
1 -5.540666 14.161510
1 -14.747917 -0.944577
1 10.825420 -8.572658
1 13.216849 -0.895772
1 13.573555 -0.565303
1 -13.300717 0.277065
1 -6.876498 -4.191817
1 15.781338 2.315779
1 15.535188 2.480786
1 15.905780 2.448068
1 15.248021 -2.502333
1 -15.119019 -0.737991
1 -15.147916 -0.699144
1 -12.498974 1.022365
1 7.031998 6.995131
1 2.080024 -14.951031
1 4.332581 10.011301
1 -11.925616 -0.297898
1 -12.579993 1.708593
1 -14.015577 0.993383
1 -3.707569 8.927391
1 4.774236 9.217468
1 1.992112 -15.257236
1 -10.966585 2.299160
1 -12.585604 3.198861
1 -12.053961 0.072079
1 -4.549536 10.358239
1 2.640946 -15.046274
1 -14.599218 -1.618836
1 6.571437 -11.882512
1 5.471430 -11.832783
1 -15.344991 -0.117021
1 -14.667277 -1.476944
1 -13.905762 -0.274341
1 6.752896 -11.388278
1 -3.617313 9.205529
1 -3.644979 9.422964
1 -13.537815 -1.712113
1 -8.598733 -3.652580
1 1.527138 11.019435
1 -4.318381 14.031074
1 -4.038982 10.890523
1 -3.673859 11.034019
1 5.512666 6.039345
1 -4.678097 10.732966
1 15.285676 -2.457067
1 -2.943879 11.067319
1 -15.481339 -1.389070
1 3.337573 11.552765
1 -15.716910 0.317738
1 -5.967298 8.350228
1 -12.410870 -0.486675
1 -12.086173 0.714681
1 5.441456 -12.248892
1 7.037787 7.030759
1 6.573295 7.929497
1 6.545032 -11.393587
1 5.973477 8.658272
1 -4.832958 10.370756
1 -16.111721 0.037666
1 -16.096344 -2.800270
1 -4.479994 10.401361
1 6.086441 -12.501975
1 16.427725 -1.231571
1 7.094184 6.419058
1 -4.185030 12.442362
1 -4.477626 13.806473
1 -11.767608 0.183948
1 -12.212073 0.753924
1 -4.897618 10.186049
1 -5.811729 11.688349
1 -15.825603 -1.376279
1 5.806433 7.904180
1 -5.510201 14.245281
1 6.526513 -11.616437
1 -13.448779 3.423422
1 -4.753043 11.293825
1 0.594343 -0.408935
1 5.219424 10.684015
1 -16.941093 -3.079916
1 16.376648 -1.074925
1 -15.674641 -0.780651
1 -15.245302 -0.811452
1 -15.233716 0.390736
1 -16.388269 -0.834619
1 -13.226686 3.118289
1 -16.322329 1.881653
1 6.235786 -11.245872
1 -15.775736 -0.539296
1 -3.941601 11.090373
1 -15.143822 -1.036579
1 5.445025 11.375084
1 7.122204 -11.742836
1 8.167390 -11.221882
1 5.486071 -13.436801
1 -16.010084 1.125800
1 16.313625 -0.778378
1 6.431890 8.318256
1 5.469779 10.751805
1 2.186486 -15.512157
1 1.963607 -15.524312
1 -5.734044 12.738512
1 6.712568 -11.662250
1 -4.492487 14.052763
1 -14.151625 3.717717
1 -12.156741 1.918090
1 3.842073 9.536490
1 2.015909 -15.974221
1 13.233663 -0.677532
1 4.606499 10.503404
1 -11.313385 -1.316106
1 -3.911306 10.000898
1 6.247199 -11.174555
1 -13.684232 -1.937025
1 14.521775 0.942394
1 -14.669339 4.056925
1 5.089935 11.118279
1 3.125088 11.188363
1 4.377412 10.986445
1 4.396751 11.848475
1 -13.675204 -0.675556
1 -14.321699 3.980477
1 -4.443569 11.279483
1 14.263544 -1.512537
1 14.595263 -0.954253
1 5.867163 12.405891
1 -5.248868 13.054395
1 -13.575521 -0.545711
1 -3.433934 11.063939
1 5.782896 7.923172
1 7.392100 -10.156418
1 7.356273 -12.150409
1 16.202343 -1.040357
1 5.598057 11.291293
1 4.183822 12.620682
1 4.432686 12.499230
1 17.031950 -0.916174
1 -14.080809 -1.028587
1 -14.378923 0.722506
1 -15.258893 -1.333211
1 6.576642 -11.296324
1 14.310093 -0.183765
1 5.773735 11.721048
1 4.171452 12.078870
1 6.201032 -11.465512
1 -14.676879 1.727749
1 1.883391 -15.697976
1 6.894553 -11.533689
1 6.752458 -11.625373
1 6.852425 -11.522415
1 4.499596 11.884614
1 -13.688831 3.787071
1 1.910299 -15.104692
1 -12.887013 2.905910
1 -4.097440 -0.661181
1 16.413622 -0.462584
1 -2.279506 12.267664
1 -14.569534 -1.787600
1 -5.125528 13.397196
1 -14.380270 -0.858114
1 -11.790053 -4.063004
1 -3.962180 11.423018
1 -4.407303 11.190889
1 -17.578764 -4.328411
1 -16.991035 -3.637915
1 -4.179299 14.174328
1 -4.651648 13.869911
1 -3.818201 12.004412
1 5.688776 5.793532
1 16.427729 -0.668872
1 1.690682 -16.191120
1 13.539101 -1.388717
1 5.876812 11.111176
1 -4.266922 11.282901
1 6.248583 -11.560415
1 -3.853974 11.486513
1 -5.500304 11.768053
1 12.730259 1.847398
1 14.136976 -2.004384
1 5.120032 8.314666
1 5.539459 8.314850
1 7.575006 -21.902565
1 4.282944 10.151469
1 -15.509893 0.349750
1 -4.483992 11.989703
1 2.200270 -15.694762
1 4.980623 10.496394
1 3.928719 9.659690
1 1.585488 -16.017012
1 1.314906 -15.171656
1 1.835172 -15.214051
1 1.813247 -15.621671
1 6.334419 -11.243698
1 15.188807 0.940924
1 0.829155 10.759247
1 -12.005340 1.934024
1 -12.910259 1.327600
1 -4.533197 11.772699
1 -4.668081 11.846087
1 6.627438 -11.626326
1 6.796805 -11.524071
1 -13.143683 -0.514701
1 -5.340556 12.043944
1 -16.278860 -0.588338
1 5.519125 5.786787
1 -5.402438 11.810759
1 -2.619972 11.841585
1 6.387736 8.628863
1 16.557571 -0.745797
1 7.502129 -11.571289
1 7.022925 -11.473662
1 16.676270 -0.726526
1 5.214270 11.513008
1 12.524194 -0.503722
1 6.762605 -11.353342
1 5.355714 11.488026
1 15.338831 -0.170188
1 -8.258722 -4.484350
1 2.016864 -15.378386
1 6.837180 -11.410094
1 1.435152 -15.221859
1 7.115926 -11.621900
1 6.850752 -11.549911
1 -10.962308 2.945754
1 6.820379 -10.957330
1 5.615337 9.581328
1 5.245688 10.461493
1 2.033489 -14.463062
1 -3.548398 1.213221
1 3.574231 8.639520
1 1.143730 10.672028
1 -4.136933 10.409183
1 1.968363 -15.481210
1 -3.801033 11.807867
1 -5.083384 11.449224
1 2.013519 -15.848055
1 -15.347184 -0.071582
1 -15.164591 -0.185849
1 -3.144397 11.892958
1 4.591776 11.905479
1 16.693495 -0.518566
1 4.824303 10.920763
1 4.144973 9.579369
1 4.335000 9.457675
1 7.184415 -11.957503
1 4.683894 -10.932516
1 5.990089 -11.970055
1 7.018235 -11.346851
1 -11.246593 15.704487
1 -17.036066 -2.684858
1 5.366955 5.495774
1 0.783055 -14.041067
1 5.179753 12.123878
1 13.948025 -1.922304
1 6.221859 -11.438558
1 -5.280072 10.990266
1 -4.699966 11.393704
1 -2.966108 12.100510
1 2.060497 -14.836494
1 6.815521 -11.440675
1 6.465984 -11.217583
1 13.501307 -1.718508
1 -9.602070 16.099049
1 -16.551138 -2.289603
1 -4.453536 11.025189
1 15.551776 -0.675134
1 6.424297 -11.543655
1 -4.922381 11.229121
1 6.838036 7.756931
1 -1.747488 7.408120
1 6.638084 7.440486
1 1.535104 -16.009398
1 1.815768 -15.334203
1 6.808614 -11.655834
1 -11.966228 -1.610968
1 2.178154 -15.608294
1 16.350389 -1.021517
1 4.813198 8.038113
1 6.903831 -11.430931
1 4.098429 10.925444
1 3.964405 11.205196
1 1.786144 -16.196835
1 -3.347409 11.669334
1 4.631185 12.243097
1 5.535397 -12.289932
1 6.987590 6.563246
1 5.584950 10.090698
1 6.565027 -11.466326
1 2.309013 -15.359067
1 -4.473509 11.075508
1 -2.826602 12.041867
1 5.704025 -11.433223
1 -3.837369 11.532345
1 14.093766 -0.258891
1 4.652796 7.219838
1 -5.225367 12.812308
1 -4.087536 11.338590
1 6.629103 -11.425583
1 6.486816 -11.347857
1 -4.936206 11.383296
1 2.281171 -15.018644
1 6.506998 -11.454245
1 16.889193 5.971638
1 14.674383 1.188121
1 0.164466 -16.393322
1 6.733617 -11.275456
1 -12.885617 -0.514196
1 6.828323 9.845264
1 -3.397444 12.052876
1 14.588587 0.082062
1 2.119747 -15.430755
1 4.302573 11.000910
1 1.941438 -15.720779
1 6.250997 8.128072
1 6.771574 -11.549006
1 6.401851 -11.234179
1 6.922745 -11.441124
1 -3.982777 11.636684
1 6.960410 7.725293
1 5.123171 11.850518
1 3.284001 9.654978
1 -4.033407 10.471283
1 6.581712 -11.630232
1 14.801975 -1.812658
1 6.765000 -11.409250
1 13.862932 -1.991171
1 8.275744 7.539414
1 16.749851 -0.565248
1 6.527777 -11.542592
1 15.694872 2.272662
1 6.745294 -11.424862
1 1.816155 -15.301872
1 -3.918708 11.845962
1 6.820420 -11.490310
1 14.574592 -0.878837
1 1.538509 -15.110614
1 -17.698475 1.106995
1 5.032609 11.386121
1 6.367490 7.644420
1 0.907756 -16.009634
1 4.527563 11.609618
1 6.446213 -11.510886
1 -4.915561 10.379326
1 6.775000 -11.410299
1 5.926412 -11.656346
1 6.775518 -11.343402
1 -3.880078 11.749713
1 -4.957516 11.874607
1 16.875162 -0.815640
1 4.531040 12.600143
1 1.899189 -15.392815
1 13.939468 2.299517
1 6.058124 -12.091846
1 -4.512998 11.307493
1 6.093686 -11.196461
1 6.995955 -11.508646
1 6.554391 -11.442317
1 5.722871 -14.126354
1 1.703436 -16.219425
1 -4.939926 11.204596
1 7.096091 -11.974833
1 6.952433 -11.401920
1 2.849864 -14.920073
1 6.718858 -11.298018
1 2.467125 -14.946415
1 2.236349 -15.178681
1 16.132290 -0.927567
1 1.588910 -15.638833
1 2.190277 -15.486165
1 6.167343 -11.861462
1 5.229068 11.339386
1 6.800678 -11.467295
1 6.926431 9.711226
1 -22.598732 -0.759539
1 4.448036 10.498158
1 -4.438235 11.732368
1 14.169807 -1.249718
1 15.009365 -1.496727
1 14.150214 2.008693
1 -0.648994 -16.155010
1 15.790428 -1.219259
1 2.067525 -15.360170
1 5.145736 -12.479783
1 -14.812516 -0.983718
1 -5.388737 14.113208
1 7.241189 -12.026183
1 -4.318883 11.887374
1 -2.770116 12.301337
1 -3.007825 11.991231
1 4.988369 11.078368
1 6.897079 -11.602825
1 -3.389869 12.323565
1 -16.834917 -3.143249
1 -5.414608 11.309020
1 -2.537413 -6.741081
1 -6.365290 -2.992853
1 20.429193 0.283676
1 14.022302 -1.501504
1 1.922809 -15.870972
1 -5.033657 11.420394
1 6.653607 -11.443764
1 2.182820 -15.461113
1 -3.995937 11.429752
1 1.786460 -16.278650
1 6.847487 -11.259397
1 4.427496 11.404300
1 15.730682 -1.493374
1 -10.998636 -0.735648
1 6.774461 -11.634748
1 18.924345 4.165230
1 6.682954 -11.561560
1 1.243742 -15.015680
1 6.781080 -11.400958
1 7.435163 -11.926006
1 2.128160 -15.315773
1 6.631975 -11.438865
1 6.436882 -11.821944
1 6.803729 -11.241731
1 6.506048 -11.367086
1 6.850273 -11.336195
1 6.781522 -11.386744
1 6.511120 -11.417640
1 -14.011886 3.477567
1 6.649122 -11.345160
1 6.856024 -11.481379
1 6.733136 -11.296487
1 -6.730080 11.468243
1 2.280446 -15.377678
1 -4.889901 10.975155
1 14.416532 -1.631597
1 -3.337414 11.999565
1 -3.273650 12.174876
1 6.465410 -11.375572
1 2.604000 -15.903485
1 6.953467 -11.493927
1 6.837698 -11.218333
1 2.373510 -15.470648
1 7.578514 -11.938285
1 5.007913 11.668612
1 5.275883 11.593111
1 13.675800 -2.138242
1 3.103087 7.170489
1 6.767106 -11.629707
1 -19.055477 7.006045
1 6.975191 -11.254475
1 7.208578 -11.815851
1 6.649448 -11.587694
1 0.948583 -15.115726
1 5.485999 11.245173
1 5.959985 -11.228705
1 20.157400 -3.901002
1 6.571723 -11.507452
1 -13.236321 1.300778
1 7.528085 -21.896719
1 -3.007383 11.879888
1 -3.054475 11.456561
1 6.357758 -11.833113
1 -3.499056 11.947692
1 5.896209 -11.709889
1 20.333193 -0.138690
1 -5.227380 11.462779
1 6.707071 -11.336831
1 -4.341774 10.792433
1 6.725497 -11.495297
1 6.836935 -11.273619
1 0.574844 -16.414948
1 -17.406063 1.756672
1 -5.707239 10.547882
1 -3.260168 -19.289248
1 0.100672 -11.805518
1 5.055340 11.927342
1 7.431843 10.712802
1 6.495583 -11.500322
1 6.968461 -11.331486
1 7.133397 -11.424572
1 8.302761 7.219197
1 5.184279 10.943496
1 -5.186718 13.838453
1 6.225862 -11.750116
1 6.794670 -11.372137
1 6.653530 -11.471816
1 6.566325 -11.337003
1 6.433318 -11.913202
1 5.336122 11.611969
1 6.981478 -11.260964
1 6.551981 -11.535114
1 14.097045 -1.717454
1 7.092671 -11.557153
1 6.835533 -11.579652
1 0.656841 -8.576692
1 6.223887 -12.184588
1 -14.976533 13.087639
1 6.591662 -11.406289
1 6.652568 -11.224154
1 6.383364 -11.486555
1 -5.751575 13.196614
1 -3.681466 12.051424
1 4.478463 -16.554602
1 2.716579 -15.486089
1 -4.770175 1.897631
1 6.654742 -11.465652
1 16.122282 1.127883
1 -4.201137 11.508384
1 2.189188 -15.534038
1 6.893878 -11.632701
1 7.110043 -11.926124
1 6.779860 -11.463188
1 4.598616 11.291484
1 5.324802 11.524012
1 17.640263 -2.303782
1 5.328059 -12.486007
1 -11.220679 -0.548855
1 -14.311481 0.153855
1 16.728943 -13.814500
1 -12.983139 -0.687644
1 13.027747 -15.382870
1 -12.668614 -0.297306
1 5.284061 11.460050
1 -11.028246 -0.498129
1 -3.492669 -21.335823
1 5.425785 -12.474192
1 -19.456247 -3.943291
1 14.256754 0.946057
1 5.451717 5.473581
1 5.292704 11.578882
1 7.568811 -21.979309
1 -13.173577 -0.466010
1 5.426016 5.476206
1 5.252213 11.728859
1 7.561629 -21.975832
1 5.267862 11.524105
1 -3.325923 11.829704
1 -11.692121 0.060961
1 4.548527 11.506509
1 5.270808 11.828855
1 4.702298 11.151120
1 -19.864779 -9.127285
1 5.214199 11.704211
1 -11.055900 -0.582652
1 4.852509 11.361760
1 -17.139866 -6.069093
1 4.421434 11.040132
1 -10.580186 1.656163
1 5.332983 5.468658
1 7.566425 -21.977787
1 5.634595 12.253219
1 -11.105224 -0.564747
1 -14.712159 11.947211
1 7.569496 -21.980309
1 1.253920 -15.142371
1 4.722870 11.444976
1 5.260513 11.618376
1 5.218109 11.561153
1 5.090552 11.689371
1 -5.268523 14.295310
1 -10.238235 -13.287140
1 5.074683 10.729350
1 5.180548 11.625639
1 7.847669 17.176046
1 5.233586 11.669816
1 -16.971083 -5.879152
1 5.324491 11.731586
1 4.494678 11.300698
1 5.104200 11.359756
1 5.025284 11.757336
1 6.011593 11.354872
1 5.677774 5.440818
1 -11.116698 -0.313684
1 5.124472 11.573605
1 4.501822 11.513889
1 5.274348 11.734603
1 -16.078003 14.945402
1 14.048313 -2.169407
1 5.245905 11.847220
1 -11.123923 -0.344559
1 1.184939 -15.075653
1 14.139366 1.037331
1 13.742838 -2.119999
1 -12.962784 -0.488728
1 -12.849720 -0.328944
1 5.178752 11.546227
1 -12.931033 -0.381675
1 13.999953 -9.493641
1 5.237270 11.764338
1 5.403661 11.956102
1 -11.049574 -0.576450
1 5.138060 11.621238
1 5.238927 11.586598
1 2.194922 -14.831361
1 7.655704 6.262647
1 -15.362096 -2.514397
1 -15.494421 -2.277662
1 -5.622727 11.346934
1 5.683171 9.977398
1 -3.312375 8.686709
1 -7.957236 -4.310745
1 -4.290925 14.303255
1 -15.965490 -0.753726
1 -12.611420 2.630171
1 -4.583485 10.989805
1 -4.400650 11.346362
1 -2.787819 -15.167510
1 -3.383312 10.927756
1 -2.464242 -3.548524
1 -4.509246 14.233013
1 7.013369 7.294222
1 -4.049555 12.147222
1 -15.752269 0.008629
1 -13.552591 2.078230
1 -12.903354 1.524043
1 -12.255438 -1.008601
1 -5.138453 12.270851
1 -15.499367 3.193637
1 -4.041993 12.159787
1 4.601095 5.650181
1 6.667500 6.800593
1 3.710648 8.166495
1 3.313552 11.427263
1 -12.090879 -0.134039
1 -11.990107 0.483696
1 -11.891421 0.627895
1 9.772329 7.077699
1 15.755447 2.370674
1 -5.340409 14.347565
1 -5.387814 14.206879
1 -15.261539 -1.158030
1 -14.831312 -0.996956
1 -9.951266 -1.357055
1 -5.109550 14.054299
1 -4.104480 14.083343
1 -4.418548 13.991853
1 2.140713 6.685502
1 -14.877861 -0.928125
1 -16.670380 0.303205
1 -12.626255 -1.063498
1 3.567111 -8.657557
1 6.652099 -11.508558
1 -4.759323 14.056407
1 -16.236855 -2.199348
1 -5.257129 14.158866
1 -13.929179 -0.576676
1 -12.825916 3.274354
1 -16.948988 -3.285805
1 4.839559 11.701666
1 3.987300 9.885239
1 -14.783204 -2.290716
1 -4.510406 13.586722
1 5.259274 -3.136103
1 -15.803170 0.473071
1 6.662692 6.901343
1 14.250239 0.954196
1 7.754888 5.911499
1 6.793908 6.894608
1 6.124029 -11.691153
1 12.363187 -0.732038
1 -4.046622 14.052699
1 -9.610405 1.882402
1 6.182639 7.253957
1 3.654516 9.864241
1 15.846543 -0.068848
1 5.973929 1.190663
1 -15.859399 -1.860832
1 -10.929588 -2.026942
1 -2.686266 -3.327592
1 -4.536743 13.973749
1 -15.887268 1.230407
1 -16.658401 1.537374
1 7.688444 6.843920
1 1.984154 -15.198647
1 3.388577 -12.075087
1 -3.364109 -0.426745
1 5.088395 11.898905
1 -5.746875 13.879927
1 -4.363524 12.666125
1 -4.372995 11.119907
1 -4.129345 10.433178
1 4.934593 -3.351646
1 -12.624267 2.104487
1 -4.962731 13.764133
1 -4.833352 13.425267
1 -14.374611 -1.529690
1 -14.752003 -0.933373
1 -12.818224 2.205224
1 -12.253304 0.586380
1 -12.194007 0.849999
1 5.335793 9.693356
1 1.736804 -15.750548
1 2.079127 -15.586245
1 -4.639062 14.320095
1 -5.796794 13.551494
1 -5.000978 14.237490
1 5.487870 -14.210347
1 5.919595 -14.538322
1 -2.819915 -7.688491
1 6.646526 7.096501
1 -13.726889 3.751913
1 -2.562248 10.124586
1 -3.599194 9.183549
1 -4.261825 11.052820
1 6.685419 -11.414878
1 -3.318292 8.522635
1 -4.143538 14.033664
1 -15.353623 -1.392407
1 -4.115237 10.872064
1 5.127808 10.599012
1 15.863886 1.854242
1 -14.566444 0.688413
1 6.663043 5.328667
1 14.841085 -1.043973
1 14.461774 -0.850171
1 -4.655422 10.977425
1 -12.946920 -1.147514
1 -4.258019 10.210616
1 13.270273 -2.960469
1 -12.687835 3.706910
1 -4.901719 14.724464
1 -17.399624 0.750502
1 15.783254 -0.029406
1 -3.709291 1.376593
1 -4.495686 14.790882
1 -14.224405 -1.640388
1 13.891872 -0.959729
1 12.593151 -0.806570
1 5.640801 -13.782915
1 6.605189 6.641915
1 5.356800 1.324858
1 -14.597123 -1.414705
1 5.351224 -11.057073
1 12.282822 -0.341060
1 -10.538373 -2.289126
1 1.553803 -16.338911
1 5.748565 -13.867657
1 7.019873 -11.828897
1 -5.170687 14.399610
1 -5.030879 14.250216
1 -16.304317 -0.946832
1 -13.809013 0.166472
1 6.578427 -11.626101
1 -4.785125 11.380548
1 14.634379 1.026299
1 -11.680340 1.290491
1 -5.376975 14.148214
1 -14.760608 1.309540
1 -5.817427 14.469104
1 2.308842 -14.344340
1 -14.799529 -1.946610
1 -16.456583 1.779863
1 -10.486926 -1.896456
1 12.035894 -0.615640
1 8.448148 6.161536
1 8.272273 5.747937
1 8.786236 5.606518
1 8.914229 5.471545
1 -12.697035 2.690119
1 -7.951752 -4.019932
1 -14.940610 -0.796651
1 -5.330809 14.348458
1 -4.291612 14.865428
1 -5.574799 14.266165
1 -5.418021 14.095345
1 -4.129593 14.367470
1 -4.286408 14.786654
1 -4.554060 15.017618
1 -5.395428 14.120559
1 -5.396444 13.562279
1 -4.608172 14.767953
1 -5.578865 13.904935
1 3.880366 12.807060
1 4.857256 -9.043261
1 -15.311116 -1.099020
1 0.559813 -16.298370
1 -16.942518 -1.759973
1 -12.631369 3.201668
1 1.533457 6.422445
1 -11.434711 -4.082819
1 -15.088178 -1.134549
1 -5.343508 14.322112
1 6.761470 8.028564
1 -12.063712 2.536977
1 -11.456405 2.624584
1 -12.307338 2.551315
1 -12.492371 2.621884
1 -11.961223 -0.760255
1 -4.347966 11.516427
1 2.300286 -15.548889
1 2.230798 6.524189
1 1.354819 11.791757
1 6.021012 -11.021400
1 6.738229 -11.372307
1 13.134153 -2.183361
1 13.901089 -4.641558
1 15.762112 -1.242354
1 -3.595272 3.094520
1 -2.191561 -16.249266
1 -5.490267 13.087219
1 -4.460928 10.199389
1 -4.006882 12.599364
1 -15.841043 -1.923264
1 -11.049343 -0.753102
1 -16.089231 1.838968
1 2.145376 -15.301932
1 14.453069 1.643365
1 5.723642 1.026840
1 6.090369 -5.644210
1 4.440333 11.119241
1 5.139089 11.459126
1 -4.172010 11.172269
1 -12.564439 3.355822
1 2.708355 6.864047
1 2.066663 -15.782780
1 -4.193113 10.644791
1 -12.604366 1.295498
1 -4.306495 13.891125
1 -16.567009 2.109979
1 13.234839 -0.085818
1 5.754405 -11.795653
1 1.676191 -16.165068
1 -16.291935 -0.236519
1 8.439048 6.331043
1 -4.270559 14.163289
1 6.827477 9.319307
1 -12.245095 5.383734
1 -14.469749 4.000525
1 -14.061261 3.717064
1 6.288385 -11.663700
1 5.282159 12.040252
1 -3.845147 3.340924
1 -13.904081 3.796980
1 -3.689150 10.551818
1 8.992462 5.512208
1 8.099096 7.195464
1 -4.748395 14.198200
1 -3.353396 1.718292
1 -4.793277 11.985528
1 6.480409 -11.455677
1 6.882045 -11.579966
1 -15.944582 0.236347
1 -5.482950 14.131125
1 -4.685285 10.508012
1 -4.657497 10.229648
1 -4.580626 14.111047
1 16.330158 1.114679
1 -3.573031 12.008619
1 -4.438071 11.681802
1 -14.742135 -0.967819
1 -16.212729 -1.309896
1 -12.417411 2.156477
1 -6.547743 11.398433
1 -13.368028 3.326159
1 6.456221 -10.974607
1 -16.516808 0.938788
1 -5.057735 14.231327
1 6.990664 -11.455792
1 4.306863 11.905957
1 -15.789729 2.066951
1 6.772238 -11.684013
1 -3.568835 9.262313
1 -16.668516 -2.346148
1 -4.826564 11.294773
1 -4.955061 11.396576
1 -4.877816 11.332304
1 6.874410 -11.633113
1 5.609175 8.719520
1 9.123271 5.985679
1 -4.193525 -0.826425
1 4.504463 11.257118
1 7.291385 -11.385220
1 -13.955831 3.810037
1 -5.628863 14.153148
1 13.485917 -0.488427
1 -3.970970 11.229815
1 -12.217271 4.264081
1 -15.376280 -0.758120
1 6.315570 8.117524
1 -4.819792 10.232141
1 -12.737931 -0.874199
1 -4.992177 14.456137
1 -3.874737 11.986818
1 -12.838254 2.362041
1 -12.621051 1.565080
1 -12.581782 2.012417
1 2.178328 -14.614264
1 -3.819259 11.032167
1 2.132882 -16.126366
1 5.873006 -12.173928
1 -4.796421 12.096100
1 6.590683 -11.975398
1 -12.563113 2.264156
1 -15.894246 -1.599043
1 6.058928 -11.800263
1 2.196642 -15.225509
1 8.160882 5.721777
1 6.241368 10.007246
1 7.005915 -11.987828
1 -14.876633 0.178405
1 7.047068 -11.503010
1 16.379490 -1.195542
1 -4.254385 10.343616
1 -4.760389 9.947598
1 2.051083 -15.830953
1 -4.664345 13.633242
1 2.051477 -15.221852
1 5.008615 11.259456
1 14.526138 -1.138200
1 6.938669 -11.435605
1 15.704980 -0.478477
1 14.357006 1.166874
1 -12.393278 -3.747858
1 1.776934 -16.314100
1 -3.112631 12.147782
1 -4.294755 14.044491
1 6.965208 -11.471046
1 -13.705196 3.824844
1 1.910947 -15.436141
1 -4.208081 10.177050
1 -13.606972 4.044570
1 5.335400 -14.131593
1 5.039594 11.086215
1 7.461989 -11.597618
1 4.171765 10.540917
1 -11.761893 1.450644
1 7.148608 -11.881681
1 -12.071136 2.338733
1 -11.751365 2.838831
1 -14.399501 3.516967
1 6.089745 8.621472
1 6.682017 7.383492
1 -13.217111 3.227445
1 -5.172449 10.901736
1 2.350344 -15.371105
1 -13.123756 -0.134763
1 -3.125420 3.277801
1 -11.546956 2.733792
1 -5.330575 13.806373
1 -4.309241 14.740586
1 16.323242 -0.529490
1 1.910396 -15.018653
1 3.198747 -9.724198
1 -5.696197 14.275131
1 -4.481615 10.462874
1 6.548098 8.192026
1 5.943452 -12.007481
1 -4.684632 11.176696
1 0.179884 -16.538055
1 7.838614 -15.373936
1 -5.426254 14.183835
1 6.051652 -13.260496
1 -5.201113 13.852690
1 6.197499 -11.117974
1 15.271226 -1.385170
1 2.198859 -15.464946
1 4.013797 9.698060
1 14.907825 -0.823423
1 2.154181 -14.732706
1 -4.955872 8.854908
1 16.065681 -1.684174
1 7.972862 6.675589
1 -3.229024 12.514081
1 -11.931712 0.281002
1 -4.658648 11.099085
1 -7.724231 -6.249359
1 4.955385 11.683378
1 6.886430 -11.468084
1 -4.789723 11.098377
1 7.222362 -12.022735
1 -15.406466 -0.282506
1 6.826390 6.815373
1 6.935485 6.489489
1 5.540143 8.985048
1 6.665097 -11.526119
1 2.136674 -15.145969
1 -2.933051 12.146890
1 6.621217 7.622557
1 14.782470 0.613010
1 5.634339 10.073404
1 7.254872 -11.754441
1 12.426565 3.513518
1 8.971900 5.625345
1 5.956780 -11.281631
1 -12.864118 1.421886
1 -11.721173 -0.108843
1 -11.686474 -1.015320
1 2.260800 -15.514369
1 6.426069 -11.337323
1 -4.627169 10.247152
1 -2.787244 9.666616
1 5.912801 -11.744135
1 6.953400 -11.402196
1 6.974378 -11.460944
1 1.687855 -15.455304
1 -4.035107 11.177281
1 4.849089 12.024670
1 4.778035 12.243132
1 5.157715 11.769622
1 5.278359 11.802431
1 -4.630973 10.448594
1 7.735816 -15.254667
1 7.882368 -11.734991
1 6.541291 -11.008063
1 6.706512 -11.381577
1 2.372159 -15.517057
1 -2.856972 10.602221
1 -3.970925 14.514764
1 6.872467 8.355482
1 0.564438 -7.950218
1 7.050951 -11.664810
1 6.559809 -11.610759
1 -4.508179 12.431957
1 -3.795546 10.350510
1 -5.476557 14.137302
1 6.760725 -11.994457
1 6.621996 -11.897080
1 -4.157237 10.449760
1 2.280244 -15.143229
1 12.618844 4.248175
1 7.065953 -11.152334
1 6.953912 -11.351322
1 4.385057 11.251645
1 1.615515 -15.838148
1 2.142862 -15.641071
1 11.847149 -0.458971
1 -4.161741 11.499590
1 16.102224 -9.857328
1 -15.268098 0.797903
1 -0.361491 17.733397
1 -5.748225 14.366897
1 6.555979 -11.701454
1 6.666041 -11.794984
1 -3.157268 3.223538
1 -12.285184 3.172667
1 14.911696 -1.653984
1 14.240582 -1.375273
1 7.005419 -11.552079
1 -3.706747 11.789332
1 14.588919 1.326694
1 -4.739985 11.404516
1 14.571819 -0.108935
1 -14.430610 5.509299
1 7.045979 -11.641507
1 -4.907778 11.268102
1 14.934314 -0.398677
1 6.986840 -11.782853
1 6.622586 -11.215928
1 5.572075 10.960871
1 -5.306501 11.801132
1 7.030740 -11.607981
1 6.490794 -11.487582
1 -6.332388 11.831765
1 6.519307 -11.374865
1 4.869421 8.221929
1 -5.186252 11.803870
1 -13.040856 -0.636345
1 5.239360 11.980661
1 -5.131188 13.395448
1 5.461050 -14.187935
1 -4.615719 11.621599
1 2.539120 -16.211758
1 6.072568 -11.110657
1 7.081031 -11.825397
1 4.392069 8.987873
1 2.364215 -15.567294
1 6.757772 -11.158686
1 4.977350 9.178459
1 6.876799 -11.488448
1 16.347313 0.263946
1 5.063044 11.415785
1 4.196664 12.477283
1 7.034338 -11.555057
1 6.994967 -11.724107
1 7.108456 -11.693258
1 2.678007 -15.250494
1 6.858836 -11.655645
1 -4.753867 11.195385
1 2.272278 -15.896807
1 4.899210 11.160559
1 1.970672 -15.555178
1 4.527238 11.266965
1 14.821370 0.456920
1 15.639248 -1.000810
1 6.463758 -11.480757
1 -19.675041 -0.238163
1 -17.983309 -0.109241
1 8.877272 5.400626
1 -5.649750 13.944972
1 -5.795068 13.680529
1 7.390064 -11.916523
1 -13.953839 0.481681
1 6.092271 -11.784353
1 -4.360192 11.086848
1 -13.704632 8.902921
1 -3.133689 12.195233
1 5.710661 8.639326
1 6.825621 -11.375941
1 6.629616 -11.525935
1 6.772774 -11.224263
1 -4.618424 14.889602
1 -16.407017 -0.563623
1 6.949387 -11.632500
1 20.287834 -4.885584
1 -4.814476 14.141268
1 -11.847834 4.229379
1 14.233916 0.386122
1 6.604689 -11.512685
1 4.706878 12.140252
1 14.279158 -1.722819
1 6.986914 -11.981620
1 8.953876 5.307684
1 -5.471017 14.255738
1 7.530235 -12.369974
1 -2.930549 12.164936
1 2.034090 -15.121942
1 15.945346 -6.618933
1 -3.723437 11.240379
1 8.247599 -11.009082
1 4.354442 12.371326
1 16.074350 2.033862
1 -3.671379 14.806956
1 -4.359940 11.122039
1 -3.283216 3.310647
1 -3.730519 9.083782
1 -3.656633 11.443078
1 13.527035 -0.794503
1 -5.468150 14.331237
1 2.951178 8.491250
1 -5.243598 14.167232
1 1.618924 -15.862044
1 1.538908 -15.921774
1 6.025113 -11.777437
1 -5.889137 10.209810
1 5.016261 9.143314
1 7.113999 -11.697433
1 1.975244 -16.071499
1 14.564782 1.162881
1 -4.794714 11.423552
1 -4.211463 10.403267
1 7.097775 -11.199779
1 6.778841 -11.317785
1 -17.316204 3.974227
1 -16.663746 -1.407408
1 6.661590 -11.541541
1 -19.824024 6.663153
1 6.801259 -11.374184
1 13.043204 -0.924777
1 1.577680 -16.495356
1 4.440393 11.019712
1 5.131181 11.986741
1 -2.864071 12.066781
1 6.801570 -11.858041
1 -3.762637 11.611114
1 -7.786879 7.093294
1 6.896844 -11.442398
1 -5.332554 11.323728
1 14.515981 -1.365104
1 6.831433 -11.467890
1 -14.737885 -1.704911
1 13.749682 -1.511050
1 2.202520 -15.572346
1 6.598250 -11.430767
1 6.910028 -11.164593
1 6.802562 -11.425659
1 -12.036072 -1.805601
1 -3.153497 12.062409
1 -4.939339 12.385455
1 1.459627 -16.231737
1 2.081494 -15.530665
1 6.778888 -11.905500
1 6.882561 -11.590663
1 15.948104 0.900310
1 1.663324 -15.855098
1 -3.232126 11.851731
1 14.498013 1.017836
1 2.032908 -15.617504
1 13.621361 -1.887075
1 4.565057 11.348897
1 -10.917206 7.704966
1 4.719031 11.843177
1 6.684080 -11.355221
1 -6.136167 9.587245
1 7.048364 -11.398564
1 7.040678 -11.538814
1 -2.713746 12.279060
1 3.095472 -11.105847
1 6.772980 -11.404579
1 -13.709046 -0.267988
1 -11.072266 -0.628019
1 8.406635 -10.802910
1 6.135277 -12.172632
1 14.633087 0.488588
1 14.320250 -1.480953
1 6.931864 -11.435915
1 -4.675344 11.826926
1 -11.187469 -0.139283
1 7.009174 -11.610422
1 -4.100044 12.261655
1 7.003843 -11.537360
1 0.387699 -10.120090
1 6.658990 -11.573472
1 7.004810 -11.303979
1 -4.383832 11.212121
1 -4.338913 11.827074
1 1.284574 -16.261106
1 6.929416 -11.472131
1 6.673645 -11.423132
1 6.692540 -11.530031
1 6.878382 -11.362868
1 7.000520 -11.937279
1 -4.759782 12.005970
1 -6.237837 14.416121
1 6.616546 -11.439947
1 7.025768 -11.481202
1 6.887424 -11.589804
1 6.741283 -11.542928
1 4.784690 12.074778
1 7.007905 -11.319210
1 -4.104325 9.733784
1 -5.305437 14.358753
1 -4.627833 13.950874
1 2.777537 -15.229114
1 6.604992 -11.565103
1 6.899833 -11.556109
1 9.139575 5.394108
1 14.467412 -1.171486
1 2.050625 -15.936533
1 -5.143127 11.437466
1 5.186174 12.481742
1 1.818570 10.201265
1 5.468275 11.564468
1 -4.623466 -16.612537
1 6.899714 -11.387238
1 2.041517 -15.884995
1 7.382147 -12.098971
1 8.995782 5.435181
1 -3.306035 12.150893
1 6.794646 -11.387413
1 17.246351 5.612116
1 -4.762812 11.636349
1 7.252005 -11.854486
1 7.012226 -11.297483
1 6.307765 -11.490770
1 19.739664 -7.199015
1 14.607286 -1.168971
1 -18.329138 7.605755
1 2.348205 -7.379293
1 14.249315 1.060810
1 -13.022346 -0.156048
1 -17.296614 -13.805053
1 14.366551 0.999238
1 -11.202192 -0.409856
1 3.369703 -19.390202
1 -12.507985 -0.575232
1 17.593176 -2.242824
1 -16.148937 -6.910284
1 5.273921 11.288685
1 -11.264743 -0.507314
1 -12.976048 -0.294660
1 -12.822484 -0.308172
1 5.750028 5.468536
1 5.217632 11.731830
1 5.196361 11.884379
1 -2.946687 21.221872
1 6.354818 -11.995058
1 4.893822 12.010290
1 5.279121 11.699868
1 8.951057 5.214226
1 4.631224 11.677118
1 -3.369413 3.372075
1 9.228520 5.254575
1 4.618439 11.789759
1 -16.802301 -9.066689
1 -13.394419 -0.170609
1 -18.612854 -5.957260
1 4.864110 11.071730
1 -3.859382 6.191384
1 5.465728 -12.382023
1 5.096904 11.784365
1 5.116706 11.593258
1 -11.180822 -0.471741
1 15.320544 -7.868405
1 -18.776409 -5.266832
1 14.228404 0.968090
1 7.849523 -15.398402
1 -3.876118 13.444820
1 -11.118021 -0.519783
1 -16.337015 5.945734
1 4.970223 11.321065
1 8.832820 5.308259
1 -5.018574 1.479318
1 -12.925944 -0.365212
1 -2.500580 12.326528
1 9.069412 5.216658
1 5.331604 -12.473937
1 1.155169 -15.013378
1 4.820458 11.605492
1 -11.219060 -0.542465
1 4.864650 11.458202
1 -5.912011 17.344259
1 -11.244226 -0.448432
1 -19.048456 -5.056606
1 -3.722277 9.772855
1 -20.120333 0.411647
1 7.382592 -17.538582
1 9.102265 5.276481
1 -2.834894 12.045424
1 2.455356 -15.393495
1 4.728786 11.580697
1 -12.419469 -0.151633
1 8.424331 7.363082
1 -10.974591 -0.284198
1 5.325334 -12.590634
1 -21.094061 8.346642
1 -11.826943 -1.877643
1 5.340755 11.546087
1 6.960864 -11.282073
1 5.225101 11.745249
1 -16.959875 11.638073
1 -11.815759 -1.886043
1 -15.335117 -7.063736
1 14.583493 -10.172670
1 4.590088 11.426991
1 -17.040714 -6.466599
1 -2.822634 12.087446
1 8.982208 5.279866
1 19.447098 -7.986309
1 -11.349626 -0.457700
1 5.146035 11.698303
1 8.377369 13.626320
1 -19.030060 -2.899424
1 -6.901212 -15.914530
1 9.166091 5.455029
1 -13.940833 -0.089150
1 5.732371 10.137781
1 6.227600 9.540408
1 5.956562 8.850947
1 -7.884856 -4.086490
1 -11.518187 0.378055
1 -2.513509 -15.206823
1 2.199826 -10.689125
1 -16.167522 0.147391
1 -15.756814 -1.795042
1 -12.511234 0.227302
1 11.866210 -1.154047
1 -5.360592 12.758696
1 -2.442926 -3.533242
1 5.713122 -14.309261
1 5.480545 -14.244267
1 15.187820 -2.476478
1 15.169884 -2.450975
1 9.363945 6.615831
1 6.549472 -11.119776
1 9.793653 6.900275
1 2.548969 -11.142273
1 -13.067918 -0.333283
1 5.113330 9.096184
1 -13.491138 2.006545
1 -6.589515 7.403409
1 14.029951 0.663122
1 -13.308109 -0.652001
1 -0.507361 4.926831
1 6.954038 6.222046
1 7.672689 5.827193
1 -13.206253 -0.339168
1 -12.806693 -0.901948
1 -13.161061 -0.617227
1 -13.532174 -4.039059
1 -13.123946 -0.631061
1 2.749039 -11.411227
1 -12.364107 0.034029
1 -12.231119 0.624764
1 -12.153206 0.345625
1 3.031499 10.044329
1 -10.145832 2.774446
1 12.678730 -0.778814
1 -15.275864 -1.408825
1 -5.655334 -4.317050
1 -13.417404 -0.396825
1 -7.899252 -4.008100
1 6.768760 6.432895
1 11.553487 1.829760
1 -15.001025 -0.761226
1 -14.239740 -1.099481
1 3.619998 11.017154
1 -14.658999 3.941824
1 -12.521878 3.389557
1 6.817617 -11.414715
1 8.407685 4.764085
1 7.894451 5.949882
1 1.966830 -7.775204
1 6.661468 6.991207
1 -12.976273 -2.122252
1 13.710596 -0.444037
1 14.202393 -1.684623
1 -17.756615 -4.344193
1 -14.553160 -0.620257
1 -3.606950 1.314102
1 1.479845 8.887436
1 -15.051479 -0.798534
1 4.690581 7.186927
1 -12.621863 2.214339
1 -11.271150 -0.063019
1 -12.893869 2.830827
1 -10.934561 2.683475
1 13.137468 0.037424
1 7.492978 5.714319
1 6.341839 -11.383296
1 6.990724 -11.253505
1 -13.510408 3.531936
1 -16.902838 -1.032980
1 1.534061 -16.084602
1 -11.272360 1.999715
1 6.716249 -11.640099
1 2.071690 -15.193099
1 1.983653 -15.350182
1 2.016954 -15.082298
1 -16.972815 -0.542841
1 4.298211 -10.733989
1 10.785551 0.057224
1 -11.427707 2.617477
1 -12.161626 1.154290
1 -12.066080 1.450170
1 6.721153 -11.246663
1 -17.670633 0.914261
1 1.859215 -10.931225
1 -15.082390 -3.325704
1 4.970962 6.528330
1 6.807460 -11.571044
1 6.220532 -11.479126
1 -4.418327 13.959649
1 -3.647781 1.435394
1 7.626253 6.125793
1 -13.474757 0.935180
1 5.685066 11.089202
1 6.798306 -11.736163
1 15.377601 -2.497069
1 -16.010088 0.487925
1 -14.406595 -1.370070
1 -12.262235 -1.474831
1 8.231309 6.282784
1 7.916505 6.314382
1 8.316860 5.796289
1 7.443848 7.625445
1 7.395389 7.719561
1 -13.055280 -4.231867
1 2.507162 -8.258652
1 -12.136616 0.681876
1 1.730770 -8.221930
1 -11.977249 1.009225
1 -12.065106 0.952649
1 -16.285791 -0.537893
1 2.540591 -11.284711
1 5.281953 12.173758
1 8.888166 6.229329
1 6.660482 6.790230
1 1.182837 -16.416029
1 10.034343 2.069844
1 -15.921924 0.678301
1 2.153766 -14.700439
1 1.846810 -15.051384
1 -12.225886 1.016858
1 1.849978 -15.634181
1 -4.796300 14.333903
1 6.335312 -13.138908
1 -14.825145 -0.075205
1 -10.903315 2.900733
1 2.159460 -15.507816
1 -14.552258 -1.792029
1 -15.942681 -3.361770
1 4.388137 11.026303
1 1.626119 -16.231630
1 -13.266129 0.024667
1 14.706020 1.450711
1 5.028998 -11.808619
1 13.098826 -1.272489
1 -12.647045 2.436043
1 -16.352463 -2.151460
1 8.072425 6.228500
1 7.806857 6.475337
1 -4.999438 15.233261
1 3.386597 9.530705
1 3.700124 9.690028
1 5.405140 -13.979559
1 1.506128 -11.860362
1 -21.794230 5.172295
1 7.727003 5.919443
1 6.789369 7.301395
1 -3.896250 1.449116
1 -14.300689 -1.133835
1 -10.471992 -2.692109
1 -12.268371 2.509808
1 -15.298322 -1.257842
1 13.511189 -1.960455
1 1.967437 -8.891388
1 -5.863950 8.312541
1 2.413306 8.456140
1 -3.844967 1.406111
1 2.108334 6.680867
1 -11.602644 2.006734
1 -11.534124 1.901764
1 -14.540451 -1.565880
1 -14.481170 -1.806131
1 1.972261 -14.631808
1 5.095725 -3.332601
1 4.796603 -2.888945
1 16.339270 -1.533943
1 -5.147004 -14.941742
1 -14.213784 -0.340752
1 9.053699 6.915998
1 -7.417081 3.516068
1 1.788827 -10.910677
1 -4.530295 13.272027
1 -13.817367 -0.089668
1 5.091595 -13.615059
1 1.973988 -9.290912
1 1.708936 -15.438726
1 2.418767 -8.567392
1 1.985049 -8.999208
1 1.472228 -7.638770
1 -13.477948 3.397358
1 1.991755 -15.294343
1 -6.661265 9.332867
1 2.182225 -10.644193
1 6.452765 -7.683901
1 6.922081 -11.374494
1 4.097682 1.495020
1 3.016162 8.488095
1 5.633489 10.339581
1 -14.431566 -1.048789
1 -16.424662 -2.122925
1 -11.064036 2.871223
1 -14.784055 4.074350
1 7.660773 6.462344
1 -11.104269 1.701889
1 -9.570090 1.959679
1 -12.907551 1.623953
1 7.540396 7.771860
1 -7.526994 -6.557034
1 7.841523 6.873795
1 5.882072 -13.923909
1 1.810927 -10.205298
1 6.533422 7.588542
1 5.699692 8.080808
1 0.715219 8.450512
1 1.610777 -15.625166
1 15.991591 -1.510674
1 -14.003927 -1.316609
1 -10.239942 2.753716
1 9.706958 7.113464
1 -4.240899 1.315721
1 6.818223 -11.246480
1 11.862666 14.127412
1 6.704185 -11.267282
1 9.076830 5.376526
1 16.715420 -0.476317
1 17.008793 -0.504730
1 2.960219 7.111314
1 11.607624 -1.259632
1 -3.453318 0.765463
1 6.805883 -11.242064
1 6.015841 -12.501131
1 16.279814 -1.086926
1 -14.095046 -0.281846
1 6.871567 -11.253801
1 -7.811299 -6.600701
1 -4.305578 0.459881
1 14.217372 0.949322
1 -15.669386 -0.968651
1 6.448714 -11.621884
1 -17.291739 -3.470028
1 -16.424488 -2.119288
1 5.969433 -11.825214
1 -18.203878 -3.274967
1 10.822139 3.520975
1 4.400841 12.100256
1 6.757731 -11.415106
1 -14.487423 -1.686031
1 -3.169302 1.884689
1 -12.984308 0.391518
1 16.588797 -0.369302
1 13.350802 -1.630756
1 -15.434353 0.545624
1 5.660089 -14.048774
1 -17.095062 8.257157
1 14.240161 -1.825978
1 5.699981 8.723252
1 -10.228857 2.761122
1 2.014420 -9.427155
1 -12.529379 2.633312
1 16.261248 1.372990
1 1.954397 -8.780409
1 -13.303937 1.070698
1 5.367314 -14.847335
1 -12.884645 3.148607
1 7.916498 5.938136
1 -11.361632 -4.340277
1 -9.743462 2.852247
1 -14.101494 3.805168
1 -13.852252 -0.892601
1 -12.628072 0.538961
1 -16.528723 0.714440
1 -11.930009 0.818387
1 -11.920593 1.207892
1 2.204299 -8.768167
1 -13.856651 -0.463187
1 -17.108868 -1.637040
1 -12.250076 2.265577
1 -13.768120 -1.636699
1 -13.607035 2.107788
1 -13.812396 -0.240287
1 -12.464208 0.573259
1 -12.540282 0.258517
1 2.200275 -15.124576
1 -16.518326 -1.879754
1 6.555107 -11.664313
1 7.911532 -9.217251
1 1.022670 -16.308867
1 7.427211 7.466572
1 15.491768 -2.350685
1 5.047370 11.306186
1 -16.070431 -7.067200
1 3.944210 12.332721
1 -13.950911 -0.297620
1 7.048326 7.160380
1 -14.573667 0.346269
1 -14.420013 -0.676159
1 9.474634 5.906952
1 6.615830 7.662904
1 5.035610 11.601785
1 14.578306 1.009035
1 -15.745050 -1.452014
1 -5.934274 7.282601
1 -12.520318 -0.093838
1 6.700947 7.253181
1 -3.751119 3.182341
1 1.750078 -4.904320
1 1.833000 -15.002103
1 1.633818 -15.402601
1 1.995922 -15.002169
1 2.092565 -15.686997
1 15.321097 -2.508316
1 6.687677 -10.838353
1 6.757239 -11.474666
1 7.003237 -11.509119
1 -12.545318 2.643890
1 -4.110875 1.551592
1 -6.305672 14.045931
1 -16.010183 -1.986970
1 -13.789939 0.032051
1 -13.602054 -2.151156
1 -13.930055 -0.548909
1 5.485217 -13.989767
1 5.862190 -13.753315
1 1.622031 -11.356603
1 -12.600295 2.429615
1 -12.377102 2.529955
1 -16.251598 2.170575
1 12.059243 2.144738
1 -13.138195 2.844023
1 -7.561125 6.441488
1 -17.205111 -3.294139
1 -14.377827 -1.707579
1 -1.664864 -11.910032
1 8.704226 6.628113
1 -3.600762 1.709951
1 8.254506 7.787707
1 -13.960967 -0.215325
1 -13.330376 -0.346342
1 1.079145 -12.333886
1 -14.082441 3.847892
1 5.818421 -8.591015
1 -10.153105 2.810397
1 9.166831 5.223636
1 18.188272 5.602118
1 2.103996 -14.487025
1 -12.961311 -4.685704
1 5.631271 -13.486306
1 -0.740344 -16.929358
1 -6.189601 7.025803
1 -5.957561 7.220102
1 7.263401 -11.773060
1 -17.276608 -3.416654
1 -17.048567 -3.508709
1 2.111865 -15.239343
1 1.558171 -15.756557
1 -14.884503 -0.168289
1 5.458597 -11.564340
1 -11.048673 2.471487
1 0.336744 -16.552990
1 1.533469 -15.069901
1 -12.297693 -0.819621
1 2.392721 -13.165222
1 6.758941 -11.163659
1 -13.938251 3.743899
1 6.914490 -11.376512
1 5.828849 -8.860296
1 6.907624 -11.344449
1 2.319005 -10.757350
1 13.893561 -1.694607
1 14.970303 -0.403359
1 6.225320 -12.123938
1 -14.919904 0.851258
1 2.090639 -14.467282
1 4.918470 -11.926640
1 -12.949164 -0.356544
1 2.631401 -14.046196
1 6.669408 7.914197
1 13.924917 1.434856
1 6.623361 -11.278176
1 4.953292 10.390969
1 -13.931770 -0.770526
1 3.978468 10.861378
1 5.861163 11.123288
1 3.653850 9.071212
1 6.608853 -11.303477
1 -13.941339 -0.036047
1 2.048355 -15.322619
1 1.317827 -15.170041
1 1.736565 -15.802107
1 -13.914789 -0.063749
1 6.834543 -11.377983
1 8.742805 6.541918
1 12.571892 3.442777
1 6.480400 -11.428421
1 1.758356 -15.220989
1 -13.784178 -0.293466
1 6.564970 -11.563434
1 6.535658 -11.532280
1 6.449447 8.222113
1 -3.690379 1.143952
1 6.658170 -11.447337
1 5.214650 -12.455163
1 6.797027 -11.553913
1 14.577863 0.674761
1 -14.169030 -0.048006
1 -0.524888 -16.880163
1 1.572308 -16.169899
1 -11.819459 -1.745751
1 2.280320 -15.103709
1 6.858922 -11.645907
1 2.321392 -15.987696
1 -12.913013 -1.091422
1 15.866852 -1.788676
1 2.312249 -15.390592
1 6.771428 -11.240087
1 -15.696951 -2.159284
1 -16.267166 -6.712914
1 1.846563 -15.184768
1 -12.493369 2.147377
1 9.274244 -1.012053
1 6.402236 6.610855
1 2.326002 -14.297284
1 -16.178133 -2.841281
1 -13.793549 -0.174147
1 9.063783 5.046731
1 6.811417 -11.289887
1 -3.471761 1.666067
1 -15.299351 -0.470328
1 2.239059 -15.086633
1 -12.244891 0.501977
1 -7.324632 -6.839523
1 6.611764 -11.451412
1 -16.700317 1.120483
1 2.176533 -15.483724
1 -14.729717 3.915973
1 4.357481 11.211693
1 0.302960 10.478380
1 4.780540 11.780173
1 5.403043 -14.397339
1 -4.008015 0.400074
1 -14.869285 -0.533284
1 6.705395 -11.333337
1 -3.123115 1.355377
1 2.067068 -15.219131
1 1.924787 -15.342531
1 -4.502269 2.060436
1 16.085318 -1.475446
1 6.523476 -11.193213
1 4.888917 12.118902
1 -16.501171 0.904266
1 14.424398 1.169200
1 -9.789780 7.033552
1 -11.647822 12.524467
1 4.149817 -12.649634
1 -4.089386 9.581942
1 5.722984 12.409761
1 7.744405 7.203125
1 7.227404 7.003888
1 7.107702 -11.655421
1 6.891045 -11.283154
1 6.896989 -11.195024
1 1.667929 -15.117021
1 4.972555 11.655545
1 4.951038 10.333960
1 -13.079126 5.090174
1 -15.911559 2.370584
1 -16.199463 2.303579
1 7.205880 -11.919772
1 1.923184 -15.253340
1 -13.991056 -0.370228
1 6.765902 -11.211112
1 8.720299 5.233304
1 6.447550 -11.757072
1 6.997767 -11.328546
1 8.108405 -10.911975
1 -13.118634 3.560747
1 14.148134 -1.820679
1 6.494014 -11.640417
1 6.806316 -11.238213
1 6.402828 -11.375256
1 -13.659672 -0.338956
1 6.633712 -11.329071
1 7.277894 -11.755779
1 -16.169201 -2.374058
1 1.960325 -15.371719
1 8.793106 7.076300
1 6.755535 -11.458410
1 -3.301341 4.035274
1 6.464307 -10.996681
1 -1.235552 17.776997
1 6.749921 -11.430859
1 8.422515 7.383706
1 -13.965952 -0.065986
1 -19.267153 1.804055
1 1.993007 -15.392902
1 -14.137489 3.832235
1 13.922823 -2.043483
1 0.611956 -14.293259
1 2.382519 -9.807444
1 0.597354 -12.797727
1 -19.265896 -0.879539
1 -13.888413 -0.383009
1 6.482214 -10.997651
1 2.118459 -15.170376
1 -16.114492 -1.327658
1 6.729098 -11.035111
1 6.811693 -11.280395
1 6.845894 -11.509747
1 -3.975239 0.550859
1 -7.733656 0.021092
1 6.732534 -11.618672
1 2.444148 -9.695377
1 -5.958890 13.879381
1 1.963667 -14.917297
1 6.512933 -11.296924
1 -5.768203 8.136765
1 6.642562 -11.384901
1 14.378098 -1.864225
1 1.961344 -16.159370
1 6.734515 -11.300774
1 -14.460043 -0.806184
1 6.611724 -11.698608
1 -3.067690 3.457514
1 14.186607 -1.806850
1 6.624706 -11.448725
1 7.551528 -21.934864
1 6.801156 -11.318060
1 6.601063 -11.341101
1 6.805120 -11.274119
1 14.055076 -2.164911
1 -13.651616 -0.315612
1 -14.023139 -0.123760
1 15.986892 2.305025
1 0.484707 10.155914
1 14.906478 7.694934
1 4.797173 11.156669
1 -13.838615 -0.276160
1 -4.502899 9.522575
1 -15.054044 0.415677
1 -19.745096 -3.270044
1 -18.425594 0.398746
1 9.384112 4.767734
1 1.889525 -15.043054
1 14.417753 -1.841530
1 6.405432 -11.056027
1 6.774133 -11.255496
1 3.008098 -12.880426
1 6.793311 -11.298725
1 13.923251 -2.080606
1 2.012670 -15.353426
1 7.090156 -11.212942
1 6.876210 18.320255
1 15.233970 1.748564
1 4.065633 1.937016
1 -17.115211 -2.896675
1 0.596634 -12.884953
1 2.049234 -15.372331
1 6.656290 -11.374146
1 -15.116962 -1.356872
1 -7.541343 13.953599
1 2.237075 -10.489127
1 -15.711316 2.039156
1 -13.829168 -0.859593
1 6.771054 -11.409649
1 -0.259768 6.991088
1 1.726400 -16.149282
1 6.917941 7.869231
1 1.108369 -11.059242
1 6.926061 -11.765737
1 -19.985632 -0.366999
1 2.112306 -15.313483
1 4.478230 -9.932705
1 4.450897 11.414213
1 6.596421 -11.398331
1 8.655906 5.887410
1 -18.923393 -3.084589
1 6.638138 -11.443848
1 -13.729461 -0.132293
1 6.424665 -11.783504
1 6.983902 -12.226564
1 14.719258 1.548375
1 6.977233 -11.676025
1 6.453956 -11.704886
1 6.345044 -11.654676
1 6.765451 -11.215691
1 -3.485317 1.326121
1 -14.543964 -1.177737
1 2.121009 -15.367647
1 -19.317112 -2.232974
1 -16.827896 -2.684722
1 -15.275226 0.233036
1 2.198889 -15.626287
1 6.725801 -11.205478
1 2.145835 -15.057125
1 6.689281 -11.284352
1 -15.540678 0.003950
1 -3.226071 3.408548
1 6.890221 -12.088546
1 2.147035 -10.149583
1 -13.860922 -0.229836
1 -2.927156 1.403759
1 2.002625 -15.625764
1 6.871995 -11.537169
1 6.771598 -11.419600
1 6.678407 -11.326108
1 6.796829 -11.172400
1 6.651405 -11.229336
1 1.913904 -10.774950
1 6.485976 -12.056954
1 6.689283 -11.302818
1 -7.769497 12.951345
1 -2.736512 1.801443
1 2.156417 -15.301952
1 6.703306 -11.481579
1 -11.936003 -1.654021
1 -8.665974 18.056446
1 5.235331 11.802903
1 -3.857865 3.968559
1 -18.952860 3.339197
1 6.565759 -11.307186
1 16.313789 9.123156
1 -6.520099 14.062898
1 6.848977 -11.272699
1 6.997104 -11.533130
1 -15.983005 8.111555
1 -0.394631 -18.330343
1 -15.550330 -1.452484
1 2.008213 -15.842975
1 -13.161654 4.699313
1 -14.038383 0.121750
1 -13.859479 -0.142712
1 1.695800 -9.399994
1 -22.864445 -4.969085
1 7.147532 -12.140502
1 6.599758 -11.530252
1 -1.716919 -11.587522
1 13.860608 -1.138007
1 6.787809 -11.541460
1 5.137074 11.658049
1 8.522120 -10.695222
1 14.363613 1.132863
1 -14.845633 1.753254
1 -15.331401 1.990284
1 6.550697 -11.268060
1 6.996829 -11.661299
1 6.597038 -11.248765
1 -16.162863 -1.600865
1 1.547774 -16.208488
1 6.803220 -11.355859
1 6.624556 -11.254068
1 6.780603 -11.158874
1 -0.863485 -13.379229
1 14.211191 -1.931092
1 1.911888 -15.911130
1 5.542763 8.932263
1 14.241979 -0.847408
1 19.006870 -5.649090
1 7.561275 -21.885296
1 6.717184 -11.342459
1 10.059986 2.935453
1 2.042563 -15.408396
1 11.008009 -9.134585
1 -13.874951 -0.527106
1 5.725495 10.429502
1 13.133215 2.442237
1 6.078879 -12.491226
1 6.772475 -11.456223
1 13.907093 -2.121742
1 6.758597 -11.214320
1 6.500221 -11.319571
1 6.405886 -11.514468
1 6.889038 -11.656355
1 2.152036 -15.869732
1 6.831856 -11.528174
1 4.913336 12.030002
1 -15.186171 7.934802
1 4.148643 1.695041
1 -16.028055 -12.903087
1 5.572191 5.378577
1 5.191495 10.924668
1 17.499561 -2.097417
1 -13.894970 -0.241180
1 4.033947 1.881814
1 3.520896 0.683056
1 0.334936 18.036699
1 -11.201499 -0.486081
1 -8.244395 6.678787
1 -7.284638 6.937629
1 8.965889 5.310890
1 5.605236 11.716370
1 -12.971599 -0.218431
1 -6.027480 -8.202656
1 4.831424 11.493517
1 -16.009333 -7.217613
1 14.094438 1.327883
1 5.178149 11.276714
1 -0.108371 15.845800
1 4.761494 11.598409
1 -13.833095 -0.420687
1 5.329959 11.579527
1 5.217525 -12.623332
1 7.581016 -21.986994
1 6.034065 -11.814100
1 -3.770108 2.875337
1 -16.757477 -6.936841
1 7.564986 -21.963999
1 5.637595 5.402169
1 -13.693615 -0.388391
1 -13.671322 -0.307920
1 -9.702552 -2.959816
1 -13.786047 -0.559464
1 8.908660 5.199762
1 9.693855 11.301544
1 5.467620 5.682790
1 5.355574 5.305677
1 -9.853456 -2.908096
1 8.882011 5.138278
1 5.506222 5.697658
1 4.762993 11.385367
1 -13.887984 -0.358553
1 -3.989971 3.207077
1 -17.778057 -12.361269
1 -16.637962 6.274705
1 -8.922965 1.626713
1 5.565672 5.603459
1 9.052522 5.351434
1 5.154240 11.576672
1 2.866665 -14.987975
1 -13.903693 -0.130536
1 4.633892 11.995974
1 5.146200 11.364437
1 5.403616 5.323873
1 -11.220532 -0.568409
1 5.137001 11.282505
1 5.354603 11.774532
1 5.240692 11.633188
1 -5.188500 5.079684
1 6.304684 13.188848
1 -17.534784 7.653021
1 20.294336 -4.215843
1 -13.818888 -0.343944
1 -13.995095 -0.404651
1 13.971231 1.218042
1 -10.341650 2.587205
1 -11.370420 -0.393038
1 7.100932 9.891746
1 -11.071937 15.663688
1 -13.803114 -0.387557
1 4.151929 1.836194
1 4.848211 11.824117
1 12.052074 10.275023
1 5.109815 11.553244
1 -7.279625 6.947223
1 18.977966 -5.768095
1 5.280104 -12.580997
1 5.874615 11.923521
1 1.163939 -15.010807
1 -15.727575 10.838855
1 5.458945 10.888268
1 3.959281 1.647702
1 4.293232 1.824932
1 4.093277 1.695655
1 -11.226623 -0.326236
1 -3.669374 -19.554150
1 4.125338 1.827315
1 9.083476 5.326469
1 2.396527 -13.723291
1 2.699055 -13.817597
1 -1.003112 -4.164969
1 -11.901132 1.240804
1 4.960763 -3.334016
1 -18.554550 -2.007094
1 1.938174 -15.357225
1 4.142546 9.827193
1 1.886656 1.527743
1 -7.906398 -4.174119
1 -11.393537 -0.483144
1 -2.651861 -3.471944
1 -15.812021 -0.553288
1 -5.495385 10.727406
1 -4.167127 10.764539
1 12.631099 -0.483247
1 12.026113 -1.015860
1 -12.810519 -2.049120
1 15.409947 -2.592849
1 2.125648 -14.819761
1 -7.678456 -3.981217
1 5.500468 12.224043
1 9.654378 7.269191
1 5.514858 -13.817325
1 7.535113 7.038591
1 -6.849347 -4.162419
1 3.605185 10.900283
1 -3.771812 14.627975
1 -11.538406 -0.621472
1 -12.597752 -0.848639
1 -2.569214 -3.485302
1 6.123457 -5.219380
1 10.360252 -0.451919
1 7.023993 5.487699
1 5.752235 7.094980
1 14.449155 1.135280
1 8.441920 5.585993
1 -12.317500 -1.264891
1 -13.035847 -4.865071
1 -13.458226 -4.246663
1 -13.102191 -4.086388
1 -2.254517 11.719865
1 -12.101176 0.578986
1 -12.055977 0.548241
1 4.231542 9.770079
1 3.908194 9.796692
1 -15.096643 -1.313118
1 -5.069562 -4.652348
1 -14.654109 -0.736409
1 -13.531969 -2.092538
1 1.512511 4.857335
1 -11.329698 3.639700
1 -11.620057 3.581360
1 -9.467489 1.787243
1 -11.235641 2.880819
1 2.630882 -7.659047
1 9.056214 6.550431
1 5.912925 -14.415087
1 0.680123 -13.356370
1 -9.216508 1.715756
1 3.280037 6.370652
1 -4.048552 14.384219
1 1.884824 6.353705
1 6.670753 -11.422281
1 6.310723 -10.584852
1 2.026562 -7.765387
1 2.001283 -7.744843
1 -3.036090 11.044178
1 -14.925705 -0.025867
1 -0.454537 11.249748
1 -4.955678 14.673953
1 5.039114 7.112556
1 -6.846025 -4.402673
1 9.719827 6.942221
1 16.666372 -1.610888
1 -4.522479 14.186642
1 -4.621109 14.427052
1 -15.622523 -0.601613
1 12.044321 1.664972
1 -2.579341 -9.518657
1 -3.602742 11.222716
1 16.843147 -1.056472
1 16.360645 -1.534837
1 16.043842 2.531126
1 7.468833 5.772995
1 4.172925 9.895899
1 6.608051 6.533160
1 2.238221 -8.054008
1 -16.477505 0.255242
1 1.965201 -15.048718
1 6.345392 7.682662
1 7.732820 5.398217
1 8.692334 7.154131
1 5.590314 -14.090610
1 5.389494 7.095857
1 -4.381654 14.106884
1 5.770910 -11.811559
1 5.616592 -10.695692
1 1.620575 -16.338503
1 -18.319954 -3.065818
1 -15.208680 0.497055
1 7.637942 -12.322784
1 -17.130594 1.218145
1 -6.930259 6.108328
1 6.535409 5.724105
1 -16.643694 -2.712964
1 4.554573 11.333602
1 6.648276 -11.158455
1 12.020307 -0.657683
1 12.191780 -0.914779
1 6.839484 -11.984236
1 6.134604 -5.069637
1 -13.669165 3.963688
1 -11.279409 2.220375
1 -11.262927 0.153034
1 11.225241 1.887016
1 -8.293875 -4.433194
1 -7.986482 -4.356134
1 -11.935967 -1.343536
1 -2.616546 -3.330355
1 2.144979 -8.593519
1 5.687382 -10.279801
1 -14.076754 0.285305
1 -13.014245 -0.650789
1 2.558505 -15.603331
1 -3.605178 8.948309
1 5.233636 -11.350150
1 5.694281 -10.752246
1 -4.569390 14.164152
1 -4.165382 11.788674
1 -1.961693 -3.351731
1 -1.523215 -4.978993
1 -1.849650 -3.760617
1 3.279677 8.725585
1 -13.626772 -0.035014
1 7.602996 5.849314
1 2.411364 6.434229
1 0.661528 5.184264
1 11.941140 -11.936264
1 4.909467 11.632397
1 -8.214355 -4.420131
1 -11.086964 -1.671433
1 -16.174398 1.612311
1 8.233438 6.807076
1 1.003018 5.129619
1 -1.448001 -4.983362
1 -3.612108 -3.976581
1 4.799217 8.163036
1 -3.382295 11.123795
1 -11.910334 1.063886
1 -4.426481 14.084839
1 -4.336700 14.539594
1 -15.288624 -0.032333
1 -5.494939 14.370978
1 -2.683739 -3.415036
1 6.847593 -11.475591
1 1.806053 -8.077273
1 -3.517318 -0.510376
1 -1.625862 -4.303904
1 -4.006306 0.138369
1 -3.073507 1.700043
1 -11.276215 0.523546
1 -14.123927 -1.660704
1 -14.934197 0.250512
1 -5.000759 14.329229
1 -4.656890 -7.725448
1 6.463700 -11.363184
1 1.999841 -9.297114
1 1.626602 -15.242572
1 0.729564 7.937267
1 -4.101737 14.328122
1 5.891810 -10.587150
1 1.761657 -15.761454
1 7.667891 -5.884045
1 -4.441991 14.527823
1 17.008125 -1.695478
1 -16.658073 -0.363183
1 -16.152842 0.081312
1 -2.444360 -3.409574
1 -2.594997 1.815589
1 -3.420624 -5.315037
1 -13.020224 2.684285
1 3.533862 -7.967697
1 5.987326 7.716218
1 14.736477 1.326549
1 17.460812 -1.538384
1 14.642609 1.712748
1 2.026678 -8.119729
1 -11.595990 -0.389549
1 8.431524 4.850893
1 -11.978053 0.913136
1 5.434758 -14.970852
1 -5.624565 14.347913
1 2.128459 -15.702051
1 -7.903055 -4.316123
1 -15.658461 -2.042278
1 -5.656364 14.556700
1 3.870315 12.911297
1 -11.068495 2.343478
1 -11.216763 -0.349310
1 17.143692 -0.559397
1 2.137366 -10.858160
1 6.882301 -11.560182
1 -7.828362 -11.317790
1 16.803753 -1.550084
1 16.701038 -1.615589
1 -3.205729 1.789312
1 -19.352526 6.519422
1 -15.415676 0.987920
1 -17.739635 -4.134918
1 -17.224995 -3.693689
1 -11.387802 2.027577
1 8.348444 6.721667
1 -16.431273 1.938248
1 7.780729 7.236792
1 -4.276023 10.607290
1 12.910284 -3.538266
1 1.223762 -16.084297
1 7.596773 5.941610
1 -17.044598 -2.646443
1 -15.060878 -0.831376
1 6.314761 2.130685
1 5.407218 11.066385
1 1.782993 6.438323
1 1.889427 6.469497
1 5.790423 -13.784886
1 -10.331212 2.674203
1 -10.191334 2.638072
1 -9.903543 2.257238
1 6.674746 6.518690
1 2.368837 -7.641021
1 6.037371 -10.806953
1 16.414370 -1.594435
1 16.510004 -1.731016
1 14.523946 1.644238
1 -9.135481 -3.319432
1 -17.810375 -2.568358
1 4.881246 -3.422525
1 14.162039 1.066934
1 2.072173 -8.807047
1 -15.997513 1.809224
1 -3.758563 8.098297
1 14.607972 2.095592
1 -3.496964 8.773561
1 -4.553535 11.499272
1 -5.718089 12.868023
1 13.083298 -1.278995
1 -12.203631 1.942329
1 -0.029203 -6.570114
1 -4.808485 2.080379
1 -12.921123 3.724602
1 -4.181565 -0.597445
1 -14.010720 3.892387
1 7.757113 5.974603
1 7.847122 6.148790
1 8.672648 6.170789
1 -12.506608 2.001698
1 7.677171 6.709463
1 -11.383142 1.826743
1 -12.404817 2.001549
1 1.957660 -15.202578
1 8.483525 7.178374
1 -17.881620 -5.414574
1 7.066257 7.394514
1 -12.615961 -0.445901
1 -5.838042 14.541348
1 -6.382158 4.986243
1 4.348263 12.200663
1 -13.490397 3.119679
1 -13.903954 0.062930
1 -13.802133 0.112485
1 -4.731347 14.302706
1 3.575752 11.464864
1 -3.017430 2.250132
1 6.687500 -11.367751
1 6.270150 -11.743391
1 -4.805472 14.267713
1 7.036433 6.610678
1 -12.453980 5.605027
1 -13.341023 0.505863
1 6.565728 -11.476006
1 -11.107070 1.883855
1 -12.873877 -1.252960
1 -10.128952 2.602019
1 -14.309643 3.997425
1 7.583538 -11.960110
1 1.646652 1.869418
1 7.303272 -11.221581
1 -4.760157 10.986849
1 -12.399142 2.285457
1 6.873094 -11.303013
1 -4.317080 0.560482
1 1.656647 -15.350701
1 13.874517 -1.542749
1 7.641594 6.197779
1 5.948759 -13.632648
1 2.571039 -16.119114
1 -16.040285 1.710228
1 -15.103810 1.141226
1 -14.989319 -0.368726
1 -8.745034 -3.847487
1 3.985987 9.822874
1 4.324905 9.830562
1 -3.492383 8.896315
1 1.664810 -15.740432
1 -4.376837 13.973662
1 2.002798 -15.051048
1 -6.121108 7.203193
1 -9.136321 1.608059
1 -3.513397 9.450755
1 0.825165 4.989146
1 6.930723 -11.415356
1 2.925016 -8.791696
1 -13.052346 -1.123978
1 6.957434 7.388652
1 8.306514 7.127787
1 -8.139071 -4.861702
1 -13.405827 -1.538236
1 -15.043145 -0.810263
1 4.176926 9.874332
1 -5.229769 13.753768
1 6.956868 -11.458659
1 2.011302 -15.260241
1 -4.980873 14.225357
1 6.687163 -11.428808
1 13.708779 -1.013556
1 6.675406 7.860369
1 16.350473 -1.053439
1 2.274025 -13.654413
1 2.517684 -10.670870
1 -17.116083 -3.517426
1 3.402451 10.943582
1 7.798194 6.563079
1 11.676229 1.882100
1 6.617910 -11.333794
1 -11.584748 2.003825
1 7.501413 -21.841032
1 4.726029 10.946093
1 2.147587 -14.434241
1 -17.168478 -3.331147
1 -4.969691 13.672273
1 -4.376751 11.194684
1 7.310426 -9.980723
1 -8.119144 -4.005497
1 4.132418 12.460892
1 1.446659 -11.154567
1 -2.680020 1.789805
1 -3.426163 1.881104
1 -3.416128 1.605793
1 -3.079768 1.582980
1 -6.266063 14.082795
1 -5.741734 14.448011
1 -5.609098 14.311158
1 -15.434657 -1.367560
1 1.834244 1.644124
1 -3.046133 2.195840
1 4.232777 11.009892
1 -4.695797 0.706420
1 -6.898233 5.558679
1 5.004689 -4.770918
1 16.485893 -1.451006
1 -11.985474 -0.250046
1 6.979222 -11.503861
1 -3.257791 1.408676
1 -13.963020 -1.766750
1 7.214805 5.786332
1 -4.106856 12.280318
1 -5.426857 14.107045
1 -11.743126 -0.734942
1 -13.245132 0.433357
1 16.109699 1.934006
1 -5.178864 13.907578
1 -5.068025 5.383636
1 -5.386529 5.287293
1 10.225679 2.101044
1 -3.964724 11.163836
1 5.708981 -13.999879
1 4.560381 9.682331
1 7.624184 8.241778
1 1.998443 -15.237100
1 -14.287896 3.751070
1 -13.888302 -1.659772
1 6.694352 -11.540120
1 16.919085 -1.540957
1 -16.333632 2.062135
1 -4.151749 -0.700311
1 -14.914224 4.175781
1 -3.804867 10.402033
1 -13.502740 3.828969
1 -13.532295 -0.643030
1 -12.574949 2.205114
1 16.375536 -1.638908
1 -15.874306 2.708383
1 1.930151 -9.010534
1 2.172969 -10.366199
1 -1.445881 -5.124576
1 6.345392 8.633136
1 -15.110289 0.810785
1 -5.732862 5.092218
1 -13.701197 0.016854
1 2.167865 -14.231927
1 1.499754 -15.762900
1 2.147810 -12.005190
1 -15.703094 0.482208
1 1.681412 -15.422093
1 6.335061 -11.651546
1 -5.163900 14.369315
1 -11.058770 1.108947
1 7.374895 6.663050
1 8.809010 6.411469
1 2.210445 -9.390037
1 -3.602910 6.567904
1 -14.927658 -1.947208
1 -12.333836 0.524957
1 1.537918 -15.499654
1 1.999125 -15.104610
1 7.967925 6.405438
1 6.724306 6.694621
1 -8.486021 3.861082
1 7.256560 -11.905584
1 7.214242 -11.638931
1 -5.955114 13.507176
1 -6.191137 14.246305
1 -12.403377 2.611530
1 -5.544019 13.750916
1 -0.178242 8.033266
1 6.281337 -11.988400
1 -3.486056 1.395736
1 5.189925 8.526316
1 6.579364 7.637981
1 6.959713 -11.473648
1 5.567886 -13.813353
1 -20.437359 4.931284
1 -16.144735 -1.844759
1 3.885223 7.276322
1 -11.518876 0.178124
1 -12.249002 0.524775
1 7.990101 6.174124
1 16.627176 -1.212768
1 -4.393305 14.395079
1 -3.750241 14.682700
1 11.983286 3.994134
1 -1.379248 -4.665531
1 -1.514396 -5.161185
1 6.364208 6.400709
1 -10.046868 2.755405
1 -1.432387 -5.215394
1 -12.204206 2.560242
1 -14.036993 4.249135
1 -6.204520 7.032312
1 -15.670041 0.026753
1 16.367109 -1.132570
1 17.477854 -1.874938
1 15.473999 -2.139042
1 6.456859 -11.637343
1 2.970371 -15.146666
1 0.890357 -15.392785
1 2.419471 -15.377149
1 -14.659996 4.134072
1 15.633575 2.830897
1 -2.654373 1.602738
1 6.353425 -11.601524
1 -3.139034 3.396649
1 7.737092 8.432883
1 5.161755 -13.726563
1 -0.673013 10.679204
1 5.416801 -14.207832
1 1.786011 -15.208678
1 -5.101124 14.088111
1 6.810328 -11.360973
1 -4.811109 14.321664
1 -1.494612 -5.223376
1 1.709997 -14.928020
1 4.881534 10.448239
1 6.142265 -11.576836
1 16.270069 -2.293641
1 1.763629 -11.728256
1 -3.934414 -0.973492
1 -12.229110 4.262230
1 3.830618 9.254992
1 7.340047 3.845424
1 0.824546 -12.580586
1 -1.146741 -2.300168
1 -17.189718 -3.303607
1 5.640438 -6.124448
1 11.595638 -8.731765
1 -3.622488 10.758634
1 2.342794 -15.650997
1 -1.601937 -5.033182
1 -4.902187 11.353613
1 17.189877 -1.937652
1 -5.053730 14.251143
1 2.062307 -15.176011
1 2.139808 -10.329255
1 -11.704082 2.718167
1 1.260368 -16.103903
1 3.976244 11.004092
1 -3.655740 1.536501
1 -9.587296 3.061614
1 3.134825 11.585052
1 -12.290071 -0.685325
1 -5.104585 13.851894
1 2.052617 -8.754020
1 -16.654615 0.485481
1 8.521303 6.544781
1 -3.851324 6.426101
1 -3.473331 6.004803
1 9.298269 4.857920
1 -4.525927 5.303945
1 6.301135 -11.613517
1 4.106293 11.878611
1 5.112335 11.557720
1 4.810300 11.561977
1 4.504673 11.558791
1 2.154356 -15.274617
1 2.233452 -14.972582
1 8.837126 5.291353
1 -4.555771 9.993045
1 6.757731 -11.628812
1 -9.427299 2.371188
1 17.410646 -1.870072
1 13.376023 -2.163371
1 2.199494 -15.298790
1 6.677758 -11.337482
1 2.112277 -15.348327
1 2.221778 -14.347227
1 -6.128337 5.941621
1 7.605285 7.085043
1 -5.359682 11.427883
1 7.815280 -15.348086
1 5.644717 -11.886844
1 4.378160 12.341324
1 -3.789217 15.737784
1 6.763652 7.892427
1 4.731858 -11.352520
1 -11.287344 -0.097146
1 16.474377 -0.913943
1 1.871430 -15.044854
1 8.896380 -7.156724
1 7.170084 -11.520321
1 7.265151 -11.031431
1 6.525226 -11.427931
1 -18.012739 -5.351061
1 15.678681 0.381504
1 -16.409206 2.276019
1 7.555979 -15.321910
1 -12.916759 -0.174380
1 -11.578986 -0.292538
1 2.240600 -15.409127
1 -14.424147 -1.744366
1 -13.409364 1.539632
1 7.325061 -14.781308
1 -3.455875 15.189288
1 -17.255875 -3.541674
1 -1.809321 -4.359622
1 5.372656 11.185709
1 6.788608 -11.626997
1 -10.994032 2.798987
1 -12.617429 3.633471
1 6.531477 -11.767986
1 -5.834357 13.866215
1 1.422051 -11.489649
1 -10.183653 2.634648
1 -5.236142 9.875167
1 2.163640 -14.524691
1 -4.464186 9.293474
1 -12.175162 2.517091
1 -12.345834 2.225886
1 1.665362 -10.825249
1 1.792203 -15.689760
1 -14.083737 -1.921521
1 1.778273 -15.834718
1 -15.207069 -2.708161
1 16.552546 -5.875046
1 6.364801 -11.540118
1 -2.879761 1.327423
1 -16.908300 -2.859563
1 4.146685 10.629884
1 13.613074 -0.739356
1 -16.800928 1.707844
1 2.015219 -15.519321
1 -10.861194 4.728374
1 -5.102087 13.955071
1 5.606530 -14.144317
1 6.443195 -11.859039
1 -7.968708 -4.516947
1 1.796571 -8.775570
1 -4.789813 13.421029
1 2.086445 -15.435687
1 17.584745 -1.847955
1 3.448786 -10.658187
1 2.275183 -10.327765
1 5.161664 11.142880
1 17.114056 -0.955169
1 6.596571 -11.635512
1 -17.059807 -3.379639
1 -17.737871 -4.443546
1 1.656331 -10.391150
1 7.298517 -11.661541
1 -2.931358 11.413129
1 13.984166 1.593962
1 8.660137 6.069473
1 8.807021 5.728198
1 8.265329 6.266605
1 8.835771 5.344418
1 7.672764 6.734473
1 -14.428101 0.765060
1 2.150846 -15.284208
1 1.860068 -15.127777
1 4.032563 9.226280
1 5.500406 8.225606
1 -17.642487 -1.405643
1 0.971077 -16.352093
1 4.255471 12.581738
1 4.808998 11.251139
1 12.409488 -16.231550
1 13.241767 -0.506628
1 -4.848271 10.093243
1 7.234358 -12.131656
1 -19.516972 -1.434104
1 -10.390414 -15.900786
1 -3.580143 11.974413
1 7.088440 -11.901494
1 -2.878746 1.684618
1 2.119697 -15.426080
1 6.674842 -11.306439
1 -13.390752 1.360624
1 5.450553 10.442449
1 1.837648 -15.817956
1 -2.251193 7.380461
1 -17.834118 -4.662917
1 -17.320612 -0.622184
1 7.078697 -11.789055
1 1.859893 -10.638441
1 -13.876295 0.216348
1 -2.773989 -0.227743
1 5.736987 11.936450
1 6.680338 -11.764908
1 -7.886340 -4.577068
1 6.725124 -11.460162
1 16.317640 -0.552520
1 5.228177 -12.539326
1 1.635648 -10.900578
1 1.999722 -9.405811
1 4.728337 12.232847
1 -3.454374 9.143092
1 -5.119433 14.292391
1 5.661804 10.770839
1 -17.285599 -3.770609
1 2.642446 -8.576735
1 -3.636740 14.403037
1 5.709150 -14.138813
1 4.359959 11.801184
1 6.748691 -11.369635
1 7.605164 -11.061136
1 1.670090 -16.285742
1 -1.526254 -4.925463
1 2.613807 -10.251783
1 0.577727 -16.360952
1 -18.856133 7.864420
1 7.219817 -11.807319
1 17.489325 -2.147353
1 -12.782902 0.953987
1 -1.354608 -5.066884
1 0.101498 -16.321337
1 17.400778 -2.432508
1 12.763421 -4.050007
1 -3.209294 -17.415367
1 -5.098110 14.228773
1 5.131649 11.853513
1 -13.951822 -1.762130
1 0.318270 -16.667553
1 1.590840 -15.121731
1 4.476100 -11.400297
1 -12.958426 -0.345129
1 6.437272 -11.387008
1 6.924595 -11.595085
1 1.442370 -15.158427
1 -17.810579 -4.392267
1 -5.659057 13.904099
1 6.817167 -11.525966
1 -5.573533 7.609253
1 2.892435 -16.062902
1 -13.398988 4.082462
1 5.348107 -13.977344
1 7.589688 -12.410109
1 7.062811 -11.695451
1 19.902336 -4.692410
1 7.047225 -11.579731
1 14.077462 9.195987
1 -4.320617 10.648168
1 6.867810 -11.693686
1 5.774556 11.994076
1 6.945739 -11.710489
1 6.871562 -11.754756
1 6.433686 -11.465595
1 -1.532091 -5.101059
1 6.447365 -11.783393
1 8.844061 10.346382
1 2.043423 -14.993339
1 6.765210 -11.545629
1 0.396358 -15.761606
1 -11.118220 -0.433463
1 -12.589586 0.257999
1 6.289978 -10.974601
1 -12.867370 5.499873
1 -14.653290 -1.559829
1 1.766423 -11.202583
1 6.539040 -11.219095
1 -2.648828 1.575036
1 -13.540798 -9.231584
1 6.736574 -11.310427
1 -2.859702 1.651724
1 6.854401 -11.439381
1 7.146371 -11.700583
1 13.771238 -9.950560
1 1.942414 -15.707146
1 -4.472144 10.946842
1 7.320014 -11.677066
1 6.851922 -11.285246
1 -11.631834 -1.819045
1 14.234471 -1.463247
1 0.670573 -10.897336
1 7.041756 -11.463093
1 6.620988 -11.511536
1 3.982095 11.755456
1 6.655272 -11.480143
1 -4.783577 10.956667
1 7.242046 -11.860534
1 7.158764 -11.809619
1 1.928573 -15.147395
1 7.077703 7.991920
1 -6.145844 7.318729
1 -4.853213 10.465054
1 14.903015 -0.964713
1 -12.546517 -1.294195
1 -4.945202 5.361705
1 -1.785533 -5.102712
1 6.729564 -11.310939
1 -5.147042 12.685311
1 -7.622285 18.139011
1 1.839876 -9.244797
1 6.736288 -11.557963
1 -4.992408 5.400701
1 5.378926 11.997444
1 6.695092 -11.371071
1 1.869285 -15.108336
1 -15.686234 -9.539873
1 1.641989 -10.244253
1 -13.726169 0.474679
1 -12.650140 -0.990182
1 -12.957346 3.650290
1 -3.361648 1.546306
1 -12.443747 5.121623
1 5.522673 5.460368
1 -11.361968 -0.210652
1 1.144101 -12.134461
1 16.293047 -1.693135
1 6.378435 -11.740925
1 -3.715794 1.571029
1 7.032002 -11.377613
1 0.614667 -16.494196
1 15.058166 -8.767116
1 1.695836 -15.626821
1 -16.162626 1.867251
1 1.118574 -11.855435
1 1.117407 -14.506954
1 -4.387985 10.923512
1 6.665104 -11.390136
1 -13.689891 0.271198
1 -5.960086 8.047073
1 17.580002 -2.171661
1 6.971741 -11.622784
1 -12.067126 0.753455
1 6.857191 -11.498160
1 -15.767511 -0.213614
1 -3.419013 15.072170
1 -2.694761 1.694349
1 -3.539667 2.030991
1 16.360620 -1.799565
1 5.806180 -11.228614
1 4.751674 8.915700
1 -16.141201 0.252126
1 17.486362 -2.264942
1 14.795329 1.208139
1 -2.122842 -5.547873
1 -2.065708 8.352821
1 6.922029 -11.474729
1 9.019399 -9.491169
1 6.606645 -11.421371
1 0.725508 -15.248631
1 -16.181322 4.595896
1 4.861736 11.098484
1 -2.843011 1.699936
1 -5.125196 5.354341
1 6.812496 -11.395725
1 6.508291 -11.525673
1 -4.912783 5.253293
1 16.237421 -1.309952
1 5.070500 -12.500525
1 2.532597 -15.553659
1 6.797047 -11.316184
1 -4.430269 0.551113
1 2.116885 -15.178491
1 1.703765 -15.082504
1 -2.512625 1.582552
1 5.200092 11.315284
1 9.126424 5.222300
1 5.916279 -8.797209
1 -0.060881 -14.277128
1 2.135247 -11.025961
1 7.110673 -11.739923
1 5.065312 11.662008
1 6.637401 -11.615583
1 -5.771420 14.344805
1 -3.384531 2.219548
1 6.563950 -11.435347
1 -14.873833 0.886288
1 2.084091 19.501959
1 1.742110 -16.252182
1 2.265038 -15.435647
1 -3.062600 1.653717
1 6.749259 -11.555729
1 6.772567 -11.279986
1 7.117712 -11.688308
1 6.896051 -11.331177
1 13.843979 -2.094844
1 -19.427826 -2.202476
1 -12.299786 2.400717
1 6.722775 -11.249076
1 7.200647 -11.929652
1 6.845014 -11.482989
1 7.040160 -11.653477
1 -5.203848 10.358989
1 4.207255 1.854347
1 -11.760883 4.676389
1 1.440352 -8.900827
1 -9.012545 14.105547
1 -17.784216 1.710788
1 -4.480979 10.406607
1 1.168317 -11.249961
1 2.248117 -15.163822
1 -5.299929 13.907440
1 -5.443396 6.047025
1 5.630262 5.578590
1 -4.979951 15.744650
1 -5.376235 15.693765
1 5.407275 11.536930
1 17.671404 -2.249063
1 17.715498 -2.205220
1 -5.473868 14.272552
1 15.572341 11.553754
1 -4.860387 5.245160
1 5.096819 11.589900
1 -11.621289 -15.909999
1 -9.527703 -2.852171
1 -2.264028 12.253638
1 -12.785588 -14.431364
1 -14.838865 6.131172
1 5.195685 11.515727
1 -1.793804 1.887122
1 5.341432 11.610646
1 -14.443014 -11.799257
1 5.378007 10.832116
1 5.196455 -12.493158
1 -8.853338 8.227014
1 5.929735 12.006261
1 -5.065643 5.349295
1 -2.505496 12.015181
1 5.212582 11.428756
1 -2.902714 0.899345
1 9.444918 4.798217
1 1.382169 -14.909128
1 -2.716696 12.101022
1 -11.055361 -0.366417
1 -3.098134 1.737867
1 2.129202 13.841167
1 6.459198 15.418450
1 -4.794438 -20.269926
1 -2.597123 12.305841
1 7.567922 -21.978132
1 -9.795967 -2.827038
1 8.926150 5.242486
1 5.413586 11.666447
1 7.569826 -21.978052
1 -5.128259 5.252847
1 5.093564 11.369075
1 -2.987680 1.815956
1 -4.548777 9.363891
1 -5.013262 5.257205
1 -2.850047 12.460068
1 -2.504021 12.141322
1 4.682380 11.463289
1 -5.093216 5.181599
1 -7.376983 -16.416224
1 -10.128370 -2.770079
1 5.751255 10.644131
1 1.252974 10.997869
1 -11.237725 -0.565352
1 -10.640991 -0.247168
1 -12.811955 0.081528
1 -3.171643 3.388396
1 -2.533082 12.153898
1 5.147686 11.519837
1 17.429928 -8.650406
1 -5.010236 5.263208
1 -17.709337 10.088335
1 -11.358665 -0.255358
1 -11.667580 6.255606
1 -11.464276 -0.358730
1 -13.258207 -0.152918
1 5.220063 11.617889
1 5.112478 11.334140
1 -2.805736 12.310736
1 -3.150528 3.322582
1 12.003324 -16.044376
1 -4.568924 13.680093
1 -9.911655 -2.886477
1 5.331279 12.000621
1 -2.537121 12.409836
1 4.947870 11.435370
1 -5.059133 5.228128
1 -2.852819 12.181367
1 -3.635023 13.104433
1 5.126966 11.177790
1 7.585176 -22.023008
1 5.458253 6.031310
1 17.702375 -11.981379
1 -11.096741 -0.330586
1 -7.282762 6.794222
1 -7.276067 6.833649
1 -7.286284 6.803821
1 -7.231318 6.745531
1 13.694292 -2.143331
1 -13.567987 -0.559475
1 4.983436 11.384779
1 -2.775616 12.022562
1 9.064058 5.174769
1 5.834215 5.357604
1 -11.114919 -0.434544
1 4.670304 11.076758
1 4.726399 12.581847
1 9.063807 5.349955
1 -2.586124 1.542432
1 0.213307 18.291254
1 -2.854714 16.354496
1 5.245570 11.487843
1 11.301197 -7.862042
1 5.486595 12.048717
1 1.391400 -15.048004
1 5.223973 -12.509895
1 5.334190 -12.594240
1 -5.114772 5.388339
1 -2.874207 11.556381
1 -3.422893 1.629307
1 -5.705947 5.781932
1 -19.501991 -3.137344
1 -2.758784 12.136233
1 -5.099623 5.280146
1 -8.096250 9.237807
1 -2.715449 1.650781
1 17.314211 -9.255260
1 0.372025 1.022966
1 5.540153 11.881814
1 -8.005212 10.355997
1 -4.993432 5.326039
1 -21.555651 2.953683
1 5.049280 11.673767
1 7.534304 -11.089697
1 5.466280 -12.343331
1 -11.274915 -0.592748
1 5.243166 11.223917
1 -3.041837 5.937879
1 -2.835518 12.383941
1 8.971861 5.387879
1 9.861477 1.797189
1 2.225888 -14.728900
1 -2.759958 -3.452941
1 -14.681779 -1.559083
1 -16.170918 -2.048175
1 2.313072 -7.746377
1 2.245611 -7.719764
1 1.306890 -12.463287
1 -16.445459 -0.740887
1 -15.367452 -0.268288
1 12.742896 -0.986141
1 -12.069689 1.003848
1 4.786653 -4.198530
1 4.756855 -3.299398
1 5.957596 1.078572
1 -1.899955 -3.414610
1 11.640180 -0.916928
1 -10.628024 -2.227836
1 -10.366546 -2.665537
1 -12.804169 -2.222101
1 -2.668664 -3.448075
1 15.127216 -2.929800
1 -7.761868 -4.076982
1 6.803233 6.318267
1 -5.694854 13.833031
1 7.395927 -12.230418
1 -8.784186 3.555527
1 -0.573942 -8.774749
1 5.466964 -13.851745
1 -2.649300 1.504181
1 3.004979 -8.624072
1 2.897872 -8.142121
1 4.970237 -3.383273
1 2.423415 -8.523450
1 5.948674 8.441967
1 4.656782 8.853412
1 -15.535752 0.658562
1 3.066893 -8.445939
1 -4.278096 14.009113
1 0.812299 9.328168
1 2.559873 8.260025
1 4.030322 8.851371
1 3.574483 -9.953921
1 -6.129519 -0.115601
1 7.169239 6.499959
1 -12.542154 -0.816988
1 -12.139120 0.467351
1 -11.949636 0.917505
1 -12.062605 0.695988
1 7.474156 5.770394
1 7.659415 5.780255
1 0.692477 3.511975
1 -7.372528 -3.823781
1 -3.140661 1.145830
1 2.531593 -14.084619
1 1.909211 -14.758736
1 15.098747 2.078779
1 -3.820605 12.071678
1 1.902538 -7.902921
1 5.435255 -9.648824
1 15.046982 -1.888304
1 -5.449808 -4.309069
1 -0.774734 -4.157400
1 -3.134169 -3.928350
1 5.215212 10.585256
1 -12.119575 0.477685
1 6.591718 -7.113316
1 -12.264391 -1.283088
1 -6.711717 -4.714068
1 6.002944 -8.575382
1 2.688973 -9.521912
1 0.544531 -13.380259
1 8.368409 5.850461
1 -4.597573 6.441546
1 1.740649 1.740281
1 -12.302428 2.720168
1 -7.722492 -4.006111
1 5.850958 -13.993634
1 5.729950 -14.002428
1 6.669349 -11.754499
1 6.608419 -11.897643
1 6.767670 -11.528884
1 6.822766 -11.857873
1 3.893730 -12.455529
1 5.740505 8.426090
1 7.995002 6.307242
1 3.547330 11.688533
1 -15.895223 1.758148
1 1.804293 -8.121986
1 -13.314249 -0.253777
1 15.793872 2.605229
1 5.733563 -14.054359
1 5.967821 -5.566191
1 11.162148 -2.261278
1 -15.064462 -2.157099
1 -12.987066 1.702367
1 5.080937 7.095161
1 4.963648 7.074326
1 4.946858 7.255784
1 4.800210 7.146038
1 -8.021287 -3.965026
1 -2.604392 1.943752
1 -7.895729 -4.237058
1 4.301596 9.997183
1 11.728946 -12.294555
1 7.375918 6.190086
1 -12.999148 1.819752
1 -14.577955 4.087956
1 3.255419 5.523239
1 12.997947 -3.392197
1 -17.154459 1.620179
1 6.887605 -9.851035
1 6.618179 -8.098648
1 4.415773 8.787368
1 5.170714 6.952207
1 5.721405 -14.045929
1 5.680637 -14.044344
1 7.210052 5.365045
1 5.129983 -12.440466
1 5.675682 -11.422582
1 -1.890669 -3.662503
1 9.237967 6.656301
1 4.375785 11.593274
1 5.951900 -8.720632
1 3.407063 -9.344860
1 2.702935 -8.169665
1 6.133457 -12.181617
1 15.022523 -2.859754
1 -4.522477 11.405382
1 2.386483 -15.594141
1 1.969737 -15.149724
1 -13.049116 -2.014376
1 -3.148926 11.216749
1 -4.564673 12.592519
1 -2.608872 -3.341647
1 -1.148203 -3.702509
1 -4.457227 13.784392
1 -14.884892 0.097374
1 10.023439 -7.531711
1 -8.113235 -4.153187
1 -8.144455 -3.940610
1 -13.745099 -0.026156
1 -12.478014 0.610507
1 1.894642 -8.073141
1 5.873635 -13.630146
1 2.615947 -9.692824
1 3.357424 -2.482569
1 0.513500 -16.548403
1 -12.190417 0.561540
1 5.592976 -14.180762
1 -11.134830 -1.872410
1 -3.555851 9.404962
1 -3.517503 8.786834
1 11.885668 1.751710
1 -3.329154 8.737794
1 5.332197 -11.466496
1 -4.171732 8.616171
1 7.507807 6.116362
1 4.944748 7.207363
1 9.796361 6.756558
1 -4.009584 11.140733
1 -11.253699 -0.900196
1 16.121672 1.919120
1 5.273701 -3.579820
1 -12.800697 4.080343
1 -12.800945 -4.877163
1 5.559655 10.935802
1 -3.404849 1.830440
1 -12.008245 1.286215
1 4.189402 -12.476162
1 15.282807 -2.520915
1 -12.207898 2.978595
1 -11.970212 3.448732
1 -15.496654 -1.189299
1 -12.588107 -2.105989
1 -12.358261 -1.680588
1 -11.722377 3.125398
1 7.265059 6.318625
1 -3.302803 10.915573
1 3.104187 9.974549
1 13.245246 -4.983067
1 2.474817 -7.673539
1 -4.930805 5.231690
1 4.867662 -13.239635
1 -11.977314 1.058338
1 6.873319 -10.228651
1 8.859328 6.259300
1 2.236857 -14.189930
1 2.442812 -13.982971
1 3.140793 -10.644459
1 6.984966 6.554924
1 4.289395 -14.745893
1 6.677359 7.686160
1 8.882159 5.282444
1 6.433255 -5.410252
1 9.044064 6.248801
1 -1.233262 -3.019527
1 -3.199521 -0.568170
1 -3.172871 1.257083
1 14.913741 1.567527
1 -4.376735 13.947315
1 -0.309488 8.746063
1 7.594215 6.156817
1 5.616579 -2.596722
1 5.021719 -3.888494
1 -16.166622 -0.875681
1 4.192910 8.959765
1 -5.386696 12.158778
1 6.404014 -13.168037
1 6.388170 -12.450624
1 5.460160 -12.433074
1 -4.340527 14.093411
1 1.344462 7.798347
1 1.477112 7.579510
1 10.028944 1.996271
1 -14.614194 -1.886960
1 2.208029 -13.474344
1 -4.302586 0.535393
1 0.995656 -16.285805
1 -2.943740 -4.927697
1 -0.045825 -3.282242
1 2.055092 -15.155041
1 -13.401085 3.893256
1 15.516088 2.496900
1 15.143074 2.374946
1 -0.062941 -3.256288
1 2.116648 -8.447990
1 2.650537 -9.546763
1 1.808209 -7.400668
1 2.212388 -7.817725
1 -3.053894 0.699660
1 -15.598826 1.005197
1 2.346679 -13.858544
1 16.816442 -1.373608
1 -13.610828 -4.031591
1 4.516186 7.040663
1 0.230158 -3.176612
1 -12.984257 -2.105707
1 1.732185 -15.197947
1 -7.972327 -4.233306
1 -7.921375 -4.338878
1 6.823740 -11.274601
1 -4.322232 -13.313326
1 -15.983253 -2.360171
1 -4.257801 14.778788
1 -5.929395 14.757911
1 0.008650 -3.176977
1 -16.006935 0.043644
1 4.004504 12.561569
1 4.095448 -7.495110
1 -3.620183 10.773669
1 4.645398 9.982525
1 1.112250 -14.729171
1 -16.246218 -0.352611
1 -12.430931 -10.533395
1 5.682494 -14.047122
1 -12.668606 0.768202
1 6.696502 7.681110
1 -14.801061 -1.113520
1 14.692705 1.234179
1 -5.772247 14.301126
1 5.387171 7.421793
1 12.365442 -0.669579
1 -11.448786 0.090503
1 5.638012 -14.203116
1 5.530397 -14.324929
1 16.631163 -0.950506
1 16.081081 -0.905838
1 -13.840536 -1.620818
1 -13.144732 3.444280
1 -13.288372 3.150885
1 5.595808 -13.861304
1 1.403898 -9.848174
1 2.670188 -14.186849
1 -14.121413 -2.912717
1 6.562253 10.934864
1 6.435111 10.985353
1 -2.623981 -3.580298
1 -10.796331 2.973595
1 1.877957 6.419765
1 -10.004851 2.523869
1 -13.649533 0.078139
1 -14.306767 4.225735
1 0.965617 -7.465851
1 2.757660 -6.049958
1 -2.234835 -13.796496
1 -3.205244 11.780496
1 5.505423 -14.546325
1 1.682551 -8.226718
1 -15.230555 0.675161
1 4.814754 -14.294691
1 -2.100208 -3.498861
1 15.024650 0.224416
1 15.198315 -1.376137
1 10.268912 5.858431
1 -12.983959 2.825406
1 -13.724499 4.080197
1 2.560282 6.456233
1 3.315995 11.628248
1 6.851993 10.340400
1 -12.997283 -1.342637
1 11.317912 -1.392704
1 12.364595 -0.410950
1 -5.349303 7.561533
1 -5.031073 -4.228131
1 -10.420857 2.948023
1 -2.037618 12.649381
1 0.763457 -16.428465
1 -13.961287 -0.116587
1 -2.380267 -3.657379
1 -13.744249 -1.222716
1 -4.725831 11.825648
1 4.564795 7.703597
1 5.859805 -11.159067
1 -11.619387 1.198386
1 4.188588 11.402954
1 -5.454797 10.330670
1 7.490522 5.899449
1 8.109660 6.470898
1 -9.067029 2.222424
1 -15.262577 -0.805235
1 -4.207520 11.259702
1 8.624172 6.273751
1 -4.402453 13.914968
1 -0.092908 -3.441213
1 7.303825 17.750505
1 -13.090794 -0.438233
1 6.623291 7.340294
1 -4.191816 11.365098
1 16.243689 -1.562152
1 -14.620313 0.352150
1 13.498593 -0.030307
1 -13.103490 -0.471993
1 5.770647 -12.383658
1 16.333233 1.475155
1 -15.970439 2.059982
1 -15.105655 -0.926229
1 -15.258531 1.937806
1 -16.149849 1.711497
1 -11.232183 -0.370340
1 4.762708 -3.189029
1 5.857646 7.979421
1 4.440016 9.996421
1 0.201048 11.090028
1 1.938598 -15.582160
1 -2.637055 -3.256582
1 16.814762 -1.390588
1 5.222093 -12.140181
1 1.592359 -15.222754
1 1.193297 -15.719073
1 16.806963 -0.680649
1 5.813138 8.633705
1 -10.796468 2.809379
1 5.595883 8.587436
1 1.879156 -8.972089
1 5.323791 -13.826243
1 -7.242328 -5.019317
1 -3.895072 11.804445
1 -4.143124 11.364726
1 -16.084398 -2.158376
1 5.893018 -10.813747
1 5.575798 -10.787141
1 0.987216 5.087134
1 5.003968 -10.532750
1 -4.706340 12.259596
1 17.077358 -0.335944
1 0.916627 -4.758870
1 6.634279 7.025043
1 4.415086 12.386588
1 4.363518 11.728509
1 4.624008 9.275732
1 -13.540257 3.637101
1 -14.456011 -1.632879
1 8.007392 6.472337
1 5.888514 -10.701504
1 -3.416946 6.386401
1 6.475527 -11.373719
1 -5.674631 12.600726
1 -13.191850 2.105393
1 5.741692 -11.196617
1 0.066189 -3.183460
1 -12.786580 0.414756
1 3.053138 10.588024
1 4.283224 11.716550
1 4.554342 12.019119
1 -13.497156 -2.491677
1 14.887616 -1.389205
1 -3.065346 10.467539
1 2.136410 -8.056602
1 -8.196987 -4.046043
1 4.591603 -12.192395
1 6.782675 7.615001
1 7.034891 7.678355
1 6.696049 -11.742403
1 6.750913 -11.627015
1 7.770052 -11.464669
1 -5.321025 10.568504
1 2.739515 10.045943
1 -1.426550 1.666136
1 -2.712325 1.657451
1 -2.996126 1.748730
1 -4.227262 -0.385128
1 -16.363192 2.273174
1 0.160207 -3.083187
1 -4.444200 11.635363
1 1.331661 -15.536072
1 -13.504275 1.839557
1 0.382370 -3.284530
1 -2.804531 8.597992
1 6.739352 -12.042191
1 6.845549 -11.504032
1 -15.579432 2.310689
1 8.505184 5.972644
1 9.198492 6.290232
1 5.372167 -11.732578
1 -13.466837 0.254227
1 -16.872166 -2.067500
1 4.900933 11.394954
1 -12.392767 5.384701
1 -4.702955 8.657540
1 6.751856 -11.377512
1 -10.015149 3.014893
1 -3.244942 3.565010
1 -10.207821 2.584300
1 -10.421473 2.458605
1 -17.135204 4.893588
1 -4.630311 10.792524
1 -4.571463 10.406541
1 -2.643298 10.709905
1 -0.462685 -8.965840
1 2.073008 -9.643753
1 6.662381 -11.273609
1 2.075185 -9.485250
1 16.782085 -1.002394
1 -14.696180 4.077918
1 6.353677 -11.699355
1 -12.169283 2.005676
1 7.166069 -11.840799
1 -4.112147 1.680289
1 -0.470751 -3.147791
1 0.770768 -2.880836
1 -3.069213 2.152652
1 8.512837 6.598100
1 2.609960 -14.813204
1 -16.799067 0.545482
1 6.769237 -11.543680
1 2.282914 -8.906449
1 2.158817 -8.843383
1 4.469093 10.079224
1 3.471496 9.658367
1 -4.320608 13.550858
1 2.311914 -14.275293
1 6.599099 -11.479604
1 6.778117 -11.208237
1 -11.066322 1.942360
1 6.792305 -11.523341
1 0.514396 5.567249
1 -7.529919 1.904359
1 -4.241022 11.428085
1 -5.017856 11.493151
1 -2.921905 1.648363
1 -2.931078 1.564522
1 14.123959 0.936781
1 -11.792045 3.814433
1 -11.442636 -0.186372
1 5.981577 10.030232
1 -3.483977 1.539062
1 16.371117 -1.078382
1 -15.670058 0.786425
1 -13.798814 0.556410
1 -10.026988 2.858640
1 1.757670 -11.441546
1 2.655674 -14.532833
1 -3.477646 9.100914
1 -11.871948 2.862793
1 -0.444862 -2.744585
1 17.125177 -2.287763
1 -16.800705 8.185583
1 -13.578776 -0.708870
1 -15.674521 -2.403490
1 -2.784981 0.654445
1 -2.676872 1.489722
1 16.178387 -0.807652
1 1.878267 -8.637736
1 -12.597365 3.032808
1 6.816900 -11.297117
1 -12.753044 -0.775928
1 5.177338 -12.499929
1 2.439566 -14.117362
1 1.947685 -8.878389
1 6.542043 -11.181464
1 -3.238720 11.629744
1 5.046885 -10.657215
1 -3.507932 9.016603
1 -6.856816 0.596340
1 2.094944 -15.098637
1 7.793699 6.341211
1 -11.836581 2.592582
1 5.182208 12.070288
1 -2.854452 1.492183
1 -11.646945 0.477131
1 -14.136206 4.224086
1 1.956080 -15.921164
1 -12.720214 4.334472
1 2.559013 -14.781687
1 6.911135 7.976841
1 -13.371268 -2.210777
1 -6.279885 14.129152
1 -1.086352 -3.329930
1 -15.893381 1.415821
1 -14.990539 -0.416380
1 -10.402964 2.897040
1 5.621068 -13.890266
1 7.236240 6.360866
1 2.432984 -14.657840
1 6.057491 -10.852636
1 1.701181 -8.292107
1 3.446732 -9.606234
1 -16.500469 -0.993993
1 0.370317 -13.905491
1 -2.950319 -15.085647
1 7.541986 5.977270
1 2.343453 -8.631424
1 -3.562999 1.956700
1 8.807326 5.572963
1 1.810835 -15.284881
1 1.626191 -15.066910
1 4.798640 8.992332
1 -4.153014 10.219198
1 3.490471 -9.140302
1 4.498436 11.865152
1 7.201787 7.997750
1 14.116353 -2.330131
1 1.699623 -1.955043
1 2.468385 -8.874126
1 -9.298184 1.882432
1 -6.082908 7.087931
1 -2.674215 -3.100154
1 2.125590 -14.992334
1 -12.326648 -0.220051
1 2.122220 -8.316077
1 4.234169 10.720299
1 -3.284340 1.634417
1 4.789426 11.936404
1 -2.691681 1.949540
1 6.158021 -11.562685
1 4.795643 7.906462
1 1.430263 -16.015610
1 7.851208 -15.305903
1 2.234392 -9.744227
1 -12.174293 0.491039
1 8.208896 6.774029
1 2.122491 -9.533706
1 0.547121 -2.947138
1 -3.299769 1.813059
1 2.399880 -14.110845
1 -10.873027 2.171366
1 -2.904619 8.097419
1 -14.526429 -1.757493
1 -11.822121 -1.293916
1 -0.657220 -17.015419
1 17.335758 -2.065565
1 -14.404377 -0.380641
1 6.240136 -10.976385
1 1.782669 8.654808
1 6.755640 -11.468936
1 -4.448801 6.530889
1 5.548457 -9.087483
1 -16.022757 -7.322047
1 -13.958591 -0.726270
1 17.170841 -1.520418
1 6.582386 -11.393203
1 -1.305065 -3.216800
1 2.222562 -14.016819
1 0.373074 -2.946482
1 2.110735 -14.445011
1 0.290433 -3.281515
1 -4.069508 11.118994
1 7.351606 -11.612450
1 -3.531253 10.733033
1 7.057171 -11.925009
1 -4.124454 14.434417
1 1.512733 -15.355803
1 1.981616 -9.860678
1 -3.683116 1.432206
1 5.310462 -12.398087
1 4.941171 7.104492
1 5.895007 -8.624801
1 6.480211 -11.376525
1 3.800229 -10.309423
1 -11.122729 -0.027310
1 -5.197862 14.274631
1 -2.371541 -3.568920
1 5.783017 -11.934490
1 -7.966221 5.910496
1 6.589350 -11.041793
1 -3.644787 8.342786
1 1.824677 -15.857101
1 2.219272 -15.228738
1 6.833053 -11.400896
1 6.578880 -11.700061
1 8.451346 6.530593
1 5.678329 -14.020898
1 14.964975 9.223933
1 5.188878 7.288324
1 -5.296223 11.481826
1 -3.534838 5.424638
1 6.851660 7.215916
1 0.947143 6.941239
1 4.799390 12.217781
1 0.513873 -3.231259
1 -2.939347 2.076737
1 -11.399859 1.387921
1 5.214096 -12.531814
1 0.351427 -3.707239
1 5.745459 -13.926308
1 17.455629 -2.318107
1 4.450416 -12.957007
1 1.751042 -14.761994
1 1.906264 -14.852420
1 6.447118 -11.454569
1 -5.976759 6.993406
1 6.653369 -11.278434
1 -16.540390 1.981620
1 -0.344480 -5.846496
1 4.969551 12.182343
1 -3.642504 6.322498
1 -2.711203 1.741634
1 7.184543 -11.596497
1 -5.205081 12.599895
1 6.177496 7.467668
1 -15.116591 3.889015
1 -2.960959 11.991489
1 2.378668 -14.453343
1 -3.641895 1.232564
1 -4.689041 11.482656
1 -12.491450 2.403273
1 2.768235 -9.325082
1 7.768448 -15.303317
1 -10.790673 6.751294
1 -11.528100 0.163966
1 6.270681 -11.137412
1 16.794878 -1.791806
1 16.306431 -1.772488
1 8.417777 7.069765
1 -2.855482 1.979981
1 -15.983910 -6.174346
1 7.206822 6.853411
1 6.434741 -11.779107
1 15.685791 1.696864
1 8.568726 5.531008
1 -8.784777 -4.626030
1 6.766127 -11.526123
1 0.276520 -3.241394
1 0.651180 9.575264
1 6.966563 -11.479834
1 5.945788 -8.913056
1 -15.538238 -0.014941
1 -4.273150 10.886890
1 2.098449 -15.169402
1 8.967500 5.607740
1 14.225890 -2.446032
1 -11.141777 -0.481772
1 -11.916130 0.584836
1 -2.856508 1.867058
1 2.080057 -14.925743
1 2.459435 -14.398318
1 4.822429 10.439237
1 -14.789813 -1.166449
1 4.978879 9.581443
1 -5.768023 12.042064
1 5.375019 -13.844625
1 -4.540647 17.458046
1 6.973607 -11.220453
1 -4.608138 13.022215
1 1.868036 -15.586159
1 1.357908 -15.600420
1 -3.089833 3.368274
1 -2.874914 1.967828
1 16.097570 -1.778361
1 -16.529352 1.238037
1 5.144955 11.263098
1 -3.285491 1.905922
1 0.859705 -12.669191
1 8.630684 5.671656
1 -4.901827 11.676580
1 -12.391019 -2.061272
1 6.786489 -11.747172
1 -11.529049 0.841751
1 -3.794035 9.916792
1 -3.862843 1.079693
1 -5.665346 5.252077
1 6.698301 -11.238045
1 5.527462 5.376433
1 2.588114 -8.973459
1 5.242732 8.235455
1 14.627327 -1.342109
1 -2.812903 -5.608251
1 8.704171 5.178730
1 7.105806 -11.701772
1 6.727069 -11.478104
1 6.788089 -11.771379
1 6.848768 -11.373838
1 -9.195518 7.641940
1 5.442375 12.010582
1 6.693188 -11.654906
1 -3.701323 11.932681
1 -4.964655 12.930468
1 -3.856769 8.372053
1 1.798208 -10.286875
1 6.229430 -9.035957
1 -8.769462 10.723194
1 3.723390 -11.003153
1 2.472192 -9.152854
1 2.584449 -14.647513
1 2.102039 -15.302140
1 -16.369452 -1.205842
1 -12.362874 2.822824
1 1.341244 -13.426847
1 12.739382 -0.524232
1 14.467238 1.348394
1 7.454403 7.410511
1 3.143242 -11.248345
1 -13.873534 -0.231362
1 -4.794097 11.277857
1 6.862889 -11.654681
1 6.715612 -12.017811
1 16.632193 -0.824362
1 2.536812 -14.757431
1 -0.161307 -12.957540
1 -3.485693 1.679487
1 -3.804802 8.416106
1 6.050765 -11.800387
1 -4.514050 11.086545
1 6.693686 -11.507491
1 5.056654 10.211834
1 15.168537 -1.603339
1 6.850837 -11.583524
1 6.947179 -11.211572
1 -4.584813 11.419830
1 18.000666 -7.379570
1 3.715546 -9.549824
1 -11.128518 -0.491085
1 1.695355 -15.179112
1 2.095869 -9.198634
1 5.661541 11.236389
1 10.737820 2.097914
1 -3.467708 1.687264
1 1.328716 -16.448195
1 2.909190 -13.693715
1 6.938265 -11.455993
1 -16.236864 1.737663
1 5.713559 -14.093480
1 -15.834992 7.698925
1 -3.417829 11.909076
1 -2.639007 1.507169
1 1.980776 -10.634871
1 -8.445471 14.049095
1 6.624831 -11.152763
1 6.612474 -13.279402
1 7.920165 4.032072
1 -12.200792 -1.943622
1 0.287178 -3.196208
1 0.144863 -3.212587
1 6.921119 -11.513787
1 -3.036809 11.690727
1 5.135331 -13.436838
1 -7.234324 -16.566439
1 -2.742549 1.806137
1 5.629760 -12.211712
1 -5.121358 5.203313
1 0.374465 -3.237496
1 4.867405 -12.269612
1 1.635351 -11.562943
1 -2.595699 1.595266
1 -3.349662 3.332787
1 6.710946 -11.282334
1 9.234084 13.031801
1 17.116108 -0.906578
1 -3.396983 1.539756
1 5.649075 -9.239530
1 -13.159656 -0.221884
1 -8.483470 13.152268
1 1.863531 -15.525130
1 -11.531599 -0.226954
1 -13.073423 -10.032990
1 -10.985555 -0.271812
1 6.428921 -11.655414
1 6.559650 -11.226951
1 2.176275 -15.321790
1 6.089176 -11.790794
1 -2.954776 1.758740
1 6.877752 17.075268
1 5.045736 11.976641
1 -3.733542 9.442657
1 -0.733749 5.693537
1 -2.436532 3.144142
1 6.470254 -11.241985
1 -2.905277 1.564445
1 5.206151 11.940180
1 -7.509690 5.272655
1 1.461827 -15.049307
1 -10.399121 3.275073
1 -3.748985 10.690763
1 10.942311 9.149545
1 -2.555220 -3.503369
1 -3.669388 11.710503
1 -5.701366 11.258986
1 4.303370 11.187873
1 6.793413 -11.607929
1 6.584388 -11.490743
1 7.137865 13.807691
1 7.046831 -11.431750
1 -15.815907 0.493514
1 13.193280 -0.771890
1 -11.239964 3.518616
1 6.765081 -11.335375
1 -5.580887 11.452353
1 -4.967836 11.309990
1 6.736506 -11.579753
1 6.663971 -11.283396
1 8.485852 5.908206
1 5.772667 7.357670
1 14.298148 1.086430
1 1.950015 -15.646711
1 -3.688142 10.486725
1 -17.687901 10.036778
1 7.874234 7.451756
1 -10.930415 -0.507756
1 1.857996 -16.041143
1 6.624600 -11.801026
1 -5.316934 5.619282
1 6.685795 -11.503859
1 -13.984136 -3.122854
1 13.221402 0.016017
1 5.410232 5.738959
1 2.183297 -15.164972
1 9.054868 5.610326
1 -4.927883 5.709602
1 6.727921 -11.159121
1 6.878051 -11.367702
1 5.630764 -13.148544
1 -4.195024 9.469268
1 6.125266 -10.829609
1 -2.864434 1.830213
1 -2.859224 1.637631
1 -10.852044 1.088358
1 -6.265150 7.302859
1 6.694339 -11.573698
1 14.025278 -2.103944
1 -7.552996 8.413576
1 -3.056386 11.888124
1 -3.802233 11.368265
1 2.778042 12.007281
1 6.489010 -11.468138
1 6.458829 -11.842439
1 8.644576 5.538283
1 5.192769 11.654189
1 7.608133 -11.918139
1 -2.714590 1.836421
1 19.643970 3.147623
1 6.538980 -11.633813
1 -2.678830 1.932224
1 -4.959678 11.326182
1 11.061755 11.140725
1 13.164286 1.526336
1 1.547267 -15.536920
1 1.824601 -8.750050
1 6.674107 -11.454095
1 -14.965125 4.308358
1 -4.007815 1.759597
1 1.949784 -15.194246
1 16.635494 -2.120424
1 -5.014578 5.105251
1 13.888614 9.327088
1 6.751291 -11.261487
1 10.579726 1.941651
1 6.611366 -10.819739
1 -6.436982 -6.071339
1 17.460138 -2.405019
1 -15.839056 -8.564973
1 5.398438 5.698978
1 2.318271 -10.850338
1 1.153503 -10.913585
1 6.892213 -11.360911
1 -5.021750 5.092606
1 -0.653788 -2.860642
1 2.050955 -15.082587
1 -3.073704 3.372513
1 -3.204336 3.669369
1 6.619779 -11.332591
1 3.190908 -11.714884
1 8.802259 5.206087
1 6.992424 -11.772643
1 -5.055692 5.359700
1 2.226193 -15.330017
1 2.504829 -13.641503
1 -3.087835 1.828713
1 5.103419 11.213258
1 -13.436182 -0.029461
1 4.978414 10.216988
1 6.846500 -11.430223
1 5.197383 11.642335
1 -10.932363 1.567079
1 6.780593 -11.418180
1 -2.901471 1.785625
1 6.653518 -11.337123
1 0.352929 -2.828759
1 -8.988108 6.023522
1 -16.610285 -1.339975
1 1.998735 -15.392198
1 6.459304 -11.501111
1 5.584126 8.689734
1 8.984653 5.420822
1 -3.796351 5.564897
1 14.213613 -1.768051
1 16.050707 1.798350
1 -12.144763 2.725241
1 0.783435 -13.573927
1 -2.359495 1.583524
1 -3.025824 1.714238
1 6.992407 -11.704881
1 -13.145149 -0.276756
1 15.172867 -0.789401
1 6.544158 -11.487100
1 -19.591667 1.280918
1 -1.939475 -5.672536
1 6.429426 -11.393131
1 -2.980450 11.999223
1 6.933158 -11.681498
1 2.400727 -9.718181
1 -5.184991 5.518617
1 -2.968371 2.007531
1 5.418510 11.857841
1 6.486647 -11.610267
1 -6.869264 -15.873490
1 6.847575 -11.455945
1 8.885568 5.478995
1 15.900890 0.175985
1 -2.950677 11.962658
1 -7.460078 -6.660211
1 9.579226 -7.660660
1 6.742905 -11.349228
1 -2.674529 12.125029
1 6.530869 -11.344569
1 8.976980 5.177532
1 -8.952671 -18.627468
1 5.210951 11.750099
1 5.364303 11.422276
1 -11.141973 -0.330106
1 5.188171 11.551311
1 -11.172741 -0.660514
1 1.349931 -14.999710
1 5.352263 11.339548
1 -11.933862 -1.901951
1 -0.497269 19.412720
1 5.375134 11.822981
1 -8.435889 -19.455893
1 5.240951 11.743138
1 5.298843 17.985956
1 5.242882 11.640621
1 5.278391 -12.501572
1 4.160377 1.696618
1 -16.053061 -7.044226
1 5.663126 11.520646
1 5.203728 11.756582
1 -12.915644 -0.201717
1 -6.923020 6.778882
1 13.777958 -1.803760
1 5.334815 11.458624
1 -11.460823 -0.334626
1 -18.512037 -10.986789
1 10.583580 -14.987371
1 8.223665 7.350585
1 5.172057 11.422619
1 -11.066172 -0.558965
1 -7.225473 6.999486
1 5.058053 10.968823
1 5.297864 11.550045
1 5.314615 11.728372
1 -14.278575 -3.211296
1 5.234265 -12.583622
1 -5.961546 5.694098
1 5.082233 11.596904
1 5.118052 11.655962
1 -2.824028 3.727124
1 5.340355 11.678768
1 -10.205574 -2.649457
1 20.896345 -3.881674
1 7.572872 -21.983137
1 -4.993148 5.274332
1 5.135491 11.550273
1 -2.770606 12.280315
1 5.148922 11.679668
1 5.260160 11.564797
1 -5.050480 5.318377
1 5.295978 11.564030
1 5.303109 11.540834
1 5.624754 5.482981
1 -12.314984 -7.586766
1 7.575559 -21.997503
1 7.850849 -15.390615
1 10.788363 -16.217663
1 -4.782575 5.465576
1 -2.100703 6.129905
1 5.000957 11.546753
1 -11.226061 -0.212815
1 -19.910334 -3.178897
1 -4.119009 1.197508
1 -11.467387 0.271455
1 22.141605 -3.674079
1 -11.441942 -0.747298
1 5.280902 11.102612
1 13.993914 -1.978193
1 5.433815 -12.382531
1 -7.269712 6.962814
1 5.484437 11.893565
1 -12.228691 -0.044140
1 5.324856 11.583611
1 6.348919 -11.506798
1 -11.018072 -0.474322
1 -4.941539 5.244048
1 5.088486 11.537070
1 -9.381004 16.011728
1 5.157178 11.656535
1 -11.004202 -0.638753
1 8.902686 5.304338
1 7.562577 -22.023026
1 -1.444978 -5.331197
1 -11.184390 -0.323402
1 -5.006346 5.238434
1 -5.137608 5.303240
1 -8.030716 15.300576
1 -12.852385 -0.218375
1 5.287409 11.587477
1 6.408158 -12.010740
1 5.211370 11.711311
1 4.988063 11.152715
1 8.916050 5.243831
1 6.606690 -11.385229
1 5.217875 -12.533709
1 7.568971 -21.979961
1 -5.146976 5.160925
1 -8.387563 10.334927
1 5.333136 11.616986
1 5.135076 11.619627
1 -16.739824 4.707105
1 -11.142453 -0.539615
1 9.042725 5.200428
1 -17.947815 3.118042
1 5.558191 11.530606
1 -7.291392 20.252871
1 3.972940 2.013002
1 5.505401 -12.195507
1 5.521947 11.494767
1 16.885138 -6.481951
1 12.590134 -0.420993
1 5.219938 11.569681
1 -11.148786 -0.441238
1 -6.880346 -7.093827
1 5.207902 11.706916
1 1.123428 -15.044115
1 -5.121951 5.135046
1 -13.022999 -0.426018
1 5.082366 11.449409
1 4.989778 11.633472
1 -3.591044 -1.954104
1 1.446663 -14.870494
1 4.954630 11.516472
1 -11.215885 -0.406141
1 4.822066 11.473677
1 11.501128 -8.673586
1 5.032532 11.121677
1 -10.946085 -0.538314
1 -11.163277 -0.608423
1 5.144734 11.607578
1 -4.745780 5.233212
1 -15.363533 5.738643
1 8.914943 5.389020
