98
1 -17.618145 -10.776752
1 2.534506 13.018125
1 5.424776 11.923854
1 5.848995 9.152533
1 7.569242 -21.926928
1 5.745314 9.677131
1 -9.809831 -8.498516
1 -13.721565 2.111251
1 6.060244 6.107452
1 14.865152 0.948365
1 -14.327944 7.271088
1 -14.149429 6.891129
1 -7.515592 -6.450742
1 15.062651 0.948712
1 -12.408454 8.238234
1 12.002836 4.737368
1 -13.353334 7.031769
1 15.122877 1.841893
1 -8.305987 5.149106
1 6.233247 8.163445
1 -14.704576 7.012255
1 -12.080438 -9.033309
1 5.220208 5.251572
1 -7.255779 -6.862054
1 5.354770 5.672923
1 5.632096 7.118343
1 5.540155 5.558498
1 6.058656 10.904577
1 5.879910 9.088644
1 6.450110 11.840515
1 5.025049 11.369191
1 5.366862 11.481065
1 1.361483 13.788618
1 8.121316 14.526914
1 6.010642 10.469307
1 5.580107 11.238143
1 5.297846 11.927999
1 5.301406 11.321198
1 4.204491 12.703517
1 5.150522 11.816688
1 5.361296 11.702626
1 5.495137 11.568253
1 5.145603 10.970944
1 5.019403 11.699786
1 5.655275 12.182667
1 5.183067 10.925359
1 7.114081 12.354733
1 -21.204395 -4.208841
1 9.728567 -14.190460
1 7.504220 13.704863
1 5.155097 11.436890
1 5.235169 11.641784
1 7.540317 13.590892
1 4.555700 11.584956
1 5.223932 11.429841
1 5.341984 11.854491
1 5.181331 11.579154
1 7.666080 13.934402
1 5.225467 11.158545
1 4.593033 11.336715
1 5.041310 11.609615
1 5.161358 11.533624
1 5.168119 11.742003
1 5.189735 11.649231
1 5.306837 11.765387
1 5.356088 11.698482
1 -23.149071 -2.710764
1 5.071641 11.762845
1 17.681908 -2.153299
1 5.164855 11.577923
1 5.192592 11.634229
1 5.135503 11.706165
1 5.045558 11.510080
1 5.599446 11.410290
1 5.257471 11.836225
1 5.074337 11.259963
1 5.232016 11.748070
1 5.373559 10.992296
1 10.542220 11.367583
1 5.231813 11.577991
1 5.209892 11.808269
1 5.341401 11.361048
1 5.232799 11.694149
1 5.450616 11.816666
1 4.886313 11.472143
1 5.276921 11.663935
1 5.193383 11.717451
1 5.084865 11.474151
1 -4.148957 2.357493
1 10.055995 -17.319061
1 5.186647 11.666703
1 5.366704 11.372499
1 5.270219 11.685267
1 5.535522 11.666891
1 5.108222 11.338579
1 -8.251917 -19.381144
1 5.269513 11.534451
1 5.191165 11.300863
