284
1 5.848995 9.152533
1 7.569242 -21.926928
1 5.745314 9.677131
1 -9.809831 -8.498516
1 -13.721565 2.111251
1 6.060244 6.107452
1 14.865152 0.948365
1 -14.327944 7.271088
1 -14.149429 6.891129
1 -7.515592 -6.450742
1 15.062651 0.948712
1 -12.408454 8.238234
1 12.002836 4.737368
1 -13.353334 7.031769
1 15.122877 1.841893
1 -8.305987 5.149106
1 6.233247 8.163445
1 -14.704576 7.012255
1 -12.080438 -9.033309
1 5.220208 5.251572
1 -7.255779 -6.862054
1 5.354770 5.672923
1 5.632096 7.118343
1 5.540155 5.558498
1 6.058656 10.904577
1 5.879910 9.088644
1 6.450110 11.840515
1 5.025049 11.369191
1 5.366862 11.481065
1 1.361483 13.788618
1 8.121316 14.526914
1 6.010642 10.469307
1 5.580107 11.238143
1 5.297846 11.927999
1 5.301406 11.321198
1 4.204491 12.703517
1 5.150522 11.816688
1 5.361296 11.702626
1 5.495137 11.568253
1 5.145603 10.970944
1 5.019403 11.699786
1 5.655275 12.182667
1 5.183067 10.925359
1 7.114081 12.354733
1 -21.204395 -4.208841
1 9.728567 -14.190460
1 7.504220 13.704863
1 5.155097 11.436890
1 5.235169 11.641784
1 7.540317 13.590892
1 4.555700 11.584956
1 5.223932 11.429841
1 5.341984 11.854491
1 5.181331 11.579154
1 7.666080 13.934402
1 5.225467 11.158545
1 4.593033 11.336715
1 5.041310 11.609615
1 5.161358 11.533624
1 5.168119 11.742003
1 5.189735 11.649231
1 5.306837 11.765387
1 5.356088 11.698482
1 -23.149071 -2.710764
1 5.071641 11.762845
1 17.681908 -2.153299
1 5.164855 11.577923
1 5.192592 11.634229
1 5.135503 11.706165
1 5.045558 11.510080
1 5.599446 11.410290
1 5.257471 11.836225
1 5.074337 11.259963
1 5.232016 11.748070
1 5.373559 10.992296
1 10.542220 11.367583
1 5.231813 11.577991
1 5.209892 11.808269
1 5.341401 11.361048
1 5.232799 11.694149
1 5.450616 11.816666
1 4.886313 11.472143
1 5.276921 11.663935
1 5.193383 11.717451
1 5.084865 11.474151
1 -4.148957 2.357493
1 10.055995 -17.319061
1 5.186647 11.666703
1 5.366704 11.372499
1 5.270219 11.685267
1 5.535522 11.666891
1 5.108222 11.338579
1 -8.251917 -19.381144
1 5.269513 11.534451
1 5.191165 11.300863
1 -11.931887 8.119483
1 5.549440 12.056581
1 -15.702228 1.691035
1 4.953069 11.479708
1 5.586803 6.119865
1 -18.033449 3.294252
1 -11.722098 8.082616
1 -13.739388 7.104054
1 7.359868 12.011926
1 5.876376 6.466337
1 -16.130102 1.972286
1 -10.783190 7.916423
1 8.103260 7.450635
1 7.561483 -21.963984
1 5.631454 5.963592
1 5.376562 5.952990
1 8.911484 10.990190
1 5.331044 11.598229
1 5.269627 11.645590
1 7.569465 -21.977474
1 7.550602 -21.948906
1 7.566994 -21.990856
1 5.410386 11.815736
1 7.568049 -21.979048
1 7.596886 -22.018110
1 7.572078 -21.989563
1 7.568258 -21.978497
1 7.567174 -21.976326
1 22.914747 1.752626
1 5.255619 11.638630
1 7.570442 -21.979279
1 -24.518986 -3.959649
1 7.564859 -21.994818
1 22.453194 2.102928
1 5.315173 11.552352
1 7.566836 -21.984552
1 7.569413 -21.978672
1 -5.764440 21.033600
1 7.567898 -21.980364
1 7.571459 -21.981325
1 7.565869 -21.974628
1 7.574303 -21.976328
1 5.153296 11.668082
1 7.570169 -21.981258
1 7.559620 -21.946827
1 7.570052 -21.984032
1 -10.440264 -18.849970
1 7.645247 -22.057896
1 7.564459 -21.985538
1 5.262847 11.628755
1 7.566702 -21.958410
1 7.567801 -21.977133
1 5.308536 11.469589
1 -23.142521 6.082140
1 -18.935699 12.629419
1 7.568998 -21.978643
1 7.568151 -21.980747
1 -10.728840 18.533367
1 21.440346 -9.024547
1 5.194676 11.580549
1 5.346346 11.705377
1 -1.286585 21.443724
1 4.237456 21.585564
1 5.011243 11.662292
1 7.559292 -21.985899
1 7.570288 -21.982702
1 7.568945 -21.985037
1 7.568401 -21.980368
1 7.568701 -21.973696
1 7.568690 -21.976845
1 7.567924 -21.978279
1 7.568723 -21.979710
1 -19.567326 9.829912
1 7.561822 -21.970901
1 5.355159 11.528746
1 7.569842 -21.982283
1 -24.603115 4.780288
1 7.582453 -22.035854
1 7.572073 -21.981884
1 5.311451 11.703070
1 5.149000 11.487333
1 -10.198820 13.076174
1 6.410663 6.516887
1 5.778249 5.406110
1 13.271538 -16.476974
1 5.513997 5.384511
1 -14.348930 2.297743
1 -16.095139 0.737348
1 -16.246313 1.830164
1 -16.231855 1.785321
1 -16.149984 1.821759
1 7.523411 -21.859119
1 -15.126506 2.101810
1 -16.087095 1.826792
1 -15.912648 2.099446
1 -14.157448 2.190089
1 -16.057898 1.778999
1 -15.732029 1.578636
1 -16.068907 1.287012
1 -11.507943 7.927195
1 -16.101326 1.768780
1 -15.769542 1.460090
1 -15.640952 1.245299
1 -15.287687 1.758373
1 -15.911248 1.288852
1 -16.097548 1.896920
1 5.557643 12.287679
1 -15.463037 5.465287
1 -15.798451 1.539021
1 -15.363243 1.523101
1 -16.032150 1.339485
1 -15.496342 1.497318
1 5.561906 11.494123
1 -15.916300 1.588458
1 7.549648 -21.959448
1 -23.260046 0.736921
1 -15.898315 1.712083
1 0.199143 -21.318748
1 16.422951 -13.639736
1 5.341147 11.766001
1 7.568700 -21.975960
1 7.541964 -21.965744
1 21.643892 -9.221167
1 5.195681 11.557749
1 7.571647 -21.979332
1 7.570173 -21.980097
1 7.568348 -21.980757
1 7.569788 -21.979588
1 7.568814 -21.980213
1 7.568503 -21.978430
1 7.572683 -21.987547
1 7.581298 -21.972757
1 7.574602 -21.987129
1 13.960861 14.908265
1 7.569211 -21.978214
1 7.569616 -21.979881
1 7.571311 -21.977116
1 7.569013 -21.977364
1 7.568225 -21.979019
1 7.571331 -21.981926
1 7.568993 -21.980873
1 7.569746 -21.977062
1 7.646153 -22.053877
1 7.568846 -21.981756
1 7.569265 -21.980139
1 4.119521 21.263994
1 7.569455 -21.983313
1 -20.366119 9.838996
1 7.569357 -21.978777
1 7.598192 -22.030666
1 7.572230 -21.991665
1 21.576521 3.755097
1 20.079576 -10.942441
1 7.578152 -21.988655
1 22.465126 2.248228
1 7.571860 -21.980919
1 -15.750650 15.643970
1 7.517720 -21.926058
1 18.190407 8.995601
1 7.568637 -21.980913
1 7.570762 -21.979542
1 7.568504 -21.977571
1 7.592100 -21.990515
1 7.569087 -21.979099
1 -15.813242 15.534883
1 7.567505 -21.977600
1 7.570019 -21.981762
1 5.314433 11.393971
1 7.578687 -22.019371
1 7.578790 -21.985857
1 7.568381 -21.979002
1 7.568386 -21.977203
1 7.569073 -21.979624
1 7.568929 -21.981489
1 7.603222 -22.027006
1 7.568855 -21.981102
1 7.583165 -21.982306
1 7.566188 -21.967220
1 7.567697 -21.983860
1 -23.509531 4.187588
1 22.564562 -2.328720
1 7.569911 -21.980680
1 7.564746 -21.964081
1 7.567777 -21.979017
1 -11.459579 7.202584
1 -15.678044 1.912743
1 17.698626 -7.738117
1 5.044524 11.699416
1 -10.062790 -15.831557
