436
1 5.745314 9.677131
1 -9.809831 -8.498516
1 -13.721565 2.111251
1 6.060244 6.107452
1 14.865152 0.948365
1 -14.327944 7.271088
1 -14.149429 6.891129
1 -7.515592 -6.450742
1 15.062651 0.948712
1 -12.408454 8.238234
1 12.002836 4.737368
1 -13.353334 7.031769
1 15.122877 1.841893
1 -8.305987 5.149106
1 6.233247 8.163445
1 -14.704576 7.012255
1 -12.080438 -9.033309
1 5.220208 5.251572
1 -7.255779 -6.862054
1 5.354770 5.672923
1 5.632096 7.118343
1 5.540155 5.558498
1 6.058656 10.904577
1 5.879910 9.088644
1 6.450110 11.840515
1 5.025049 11.369191
1 5.366862 11.481065
1 1.361483 13.788618
1 8.121316 14.526914
1 6.010642 10.469307
1 5.580107 11.238143
1 5.297846 11.927999
1 5.301406 11.321198
1 4.204491 12.703517
1 5.150522 11.816688
1 5.361296 11.702626
1 5.495137 11.568253
1 5.145603 10.970944
1 5.019403 11.699786
1 5.655275 12.182667
1 5.183067 10.925359
1 7.114081 12.354733
1 -21.204395 -4.208841
1 9.728567 -14.190460
1 7.504220 13.704863
1 5.155097 11.436890
1 5.235169 11.641784
1 7.540317 13.590892
1 4.555700 11.584956
1 5.223932 11.429841
1 5.341984 11.854491
1 5.181331 11.579154
1 7.666080 13.934402
1 5.225467 11.158545
1 4.593033 11.336715
1 5.041310 11.609615
1 5.161358 11.533624
1 5.168119 11.742003
1 5.189735 11.649231
1 5.306837 11.765387
1 5.356088 11.698482
1 -23.149071 -2.710764
1 5.071641 11.762845
1 17.681908 -2.153299
1 5.164855 11.577923
1 5.192592 11.634229
1 5.135503 11.706165
1 5.045558 11.510080
1 5.599446 11.410290
1 5.257471 11.836225
1 5.074337 11.259963
1 5.232016 11.748070
1 5.373559 10.992296
1 10.542220 11.367583
1 5.231813 11.577991
1 5.209892 11.808269
1 5.341401 11.361048
1 5.232799 11.694149
1 5.450616 11.816666
1 4.886313 11.472143
1 5.276921 11.663935
1 5.193383 11.717451
1 5.084865 11.474151
1 -4.148957 2.357493
1 10.055995 -17.319061
1 5.186647 11.666703
1 5.366704 11.372499
1 5.270219 11.685267
1 5.535522 11.666891
1 5.108222 11.338579
1 -8.251917 -19.381144
1 5.269513 11.534451
1 5.191165 11.300863
1 -11.931887 8.119483
1 5.549440 12.056581
1 -15.702228 1.691035
1 4.953069 11.479708
1 5.586803 6.119865
1 -18.033449 3.294252
1 -11.722098 8.082616
1 -13.739388 7.104054
1 7.359868 12.011926
1 5.876376 6.466337
1 -16.130102 1.972286
1 -10.783190 7.916423
1 8.103260 7.450635
1 7.561483 -21.963984
1 5.631454 5.963592
1 5.376562 5.952990
1 8.911484 10.990190
1 5.331044 11.598229
1 5.269627 11.645590
1 7.569465 -21.977474
1 7.550602 -21.948906
1 7.566994 -21.990856
1 5.410386 11.815736
1 7.568049 -21.979048
1 7.596886 -22.018110
1 7.572078 -21.989563
1 7.568258 -21.978497
1 7.567174 -21.976326
1 22.914747 1.752626
1 5.255619 11.638630
1 7.570442 -21.979279
1 -24.518986 -3.959649
1 7.564859 -21.994818
1 22.453194 2.102928
1 5.315173 11.552352
1 7.566836 -21.984552
1 7.569413 -21.978672
1 -5.764440 21.033600
1 7.567898 -21.980364
1 7.571459 -21.981325
1 7.565869 -21.974628
1 7.574303 -21.976328
1 5.153296 11.668082
1 7.570169 -21.981258
1 7.559620 -21.946827
1 7.570052 -21.984032
1 -10.440264 -18.849970
1 7.645247 -22.057896
1 7.564459 -21.985538
1 5.262847 11.628755
1 7.566702 -21.958410
1 7.567801 -21.977133
1 5.308536 11.469589
1 -23.142521 6.082140
1 -18.935699 12.629419
1 7.568998 -21.978643
1 7.568151 -21.980747
1 -10.728840 18.533367
1 21.440346 -9.024547
1 5.194676 11.580549
1 5.346346 11.705377
1 -1.286585 21.443724
1 4.237456 21.585564
1 5.011243 11.662292
1 7.559292 -21.985899
1 7.570288 -21.982702
1 7.568945 -21.985037
1 7.568401 -21.980368
1 7.568701 -21.973696
1 7.568690 -21.976845
1 7.567924 -21.978279
1 7.568723 -21.979710
1 -19.567326 9.829912
1 7.561822 -21.970901
1 5.355159 11.528746
1 7.569842 -21.982283
1 -24.603115 4.780288
1 7.582453 -22.035854
1 7.572073 -21.981884
1 5.311451 11.703070
1 5.149000 11.487333
1 -10.198820 13.076174
1 6.410663 6.516887
1 5.778249 5.406110
1 13.271538 -16.476974
1 5.513997 5.384511
1 -14.348930 2.297743
1 -16.095139 0.737348
1 -16.246313 1.830164
1 -16.231855 1.785321
1 -16.149984 1.821759
1 7.523411 -21.859119
1 -15.126506 2.101810
1 -16.087095 1.826792
1 -15.912648 2.099446
1 -14.157448 2.190089
1 -16.057898 1.778999
1 -15.732029 1.578636
1 -16.068907 1.287012
1 -11.507943 7.927195
1 -16.101326 1.768780
1 -15.769542 1.460090
1 -15.640952 1.245299
1 -15.287687 1.758373
1 -15.911248 1.288852
1 -16.097548 1.896920
1 5.557643 12.287679
1 -15.463037 5.465287
1 -15.798451 1.539021
1 -15.363243 1.523101
1 -16.032150 1.339485
1 -15.496342 1.497318
1 5.561906 11.494123
1 -15.916300 1.588458
1 7.549648 -21.959448
1 -23.260046 0.736921
1 -15.898315 1.712083
1 0.199143 -21.318748
1 16.422951 -13.639736
1 5.341147 11.766001
1 7.568700 -21.975960
1 7.541964 -21.965744
1 21.643892 -9.221167
1 5.195681 11.557749
1 7.571647 -21.979332
1 7.570173 -21.980097
1 7.568348 -21.980757
1 7.569788 -21.979588
1 7.568814 -21.980213
1 7.568503 -21.978430
1 7.572683 -21.987547
1 7.581298 -21.972757
1 7.574602 -21.987129
1 13.960861 14.908265
1 7.569211 -21.978214
1 7.569616 -21.979881
1 7.571311 -21.977116
1 7.569013 -21.977364
1 7.568225 -21.979019
1 7.571331 -21.981926
1 7.568993 -21.980873
1 7.569746 -21.977062
1 7.646153 -22.053877
1 7.568846 -21.981756
1 7.569265 -21.980139
1 4.119521 21.263994
1 7.569455 -21.983313
1 -20.366119 9.838996
1 7.569357 -21.978777
1 7.598192 -22.030666
1 7.572230 -21.991665
1 21.576521 3.755097
1 20.079576 -10.942441
1 7.578152 -21.988655
1 22.465126 2.248228
1 7.571860 -21.980919
1 -15.750650 15.643970
1 7.517720 -21.926058
1 18.190407 8.995601
1 7.568637 -21.980913
1 7.570762 -21.979542
1 7.568504 -21.977571
1 7.592100 -21.990515
1 7.569087 -21.979099
1 -15.813242 15.534883
1 7.567505 -21.977600
1 7.570019 -21.981762
1 5.314433 11.393971
1 7.578687 -22.019371
1 7.578790 -21.985857
1 7.568381 -21.979002
1 7.568386 -21.977203
1 7.569073 -21.979624
1 7.568929 -21.981489
1 7.603222 -22.027006
1 7.568855 -21.981102
1 7.583165 -21.982306
1 7.566188 -21.967220
1 7.567697 -21.983860
1 -23.509531 4.187588
1 22.564562 -2.328720
1 7.569911 -21.980680
1 7.564746 -21.964081
1 7.567777 -21.979017
1 -11.459579 7.202584
1 -15.678044 1.912743
1 17.698626 -7.738117
1 5.044524 11.699416
1 -10.062790 -15.831557
1 -14.008081 1.332704
1 -16.577183 0.339367
1 -15.686750 -0.379269
1 6.039433 9.725811
1 -16.560793 -0.068070
1 -15.414748 1.615229
1 -16.743410 -1.982570
1 -13.654528 -1.056350
1 -12.084500 8.085740
1 -16.205708 1.871106
1 -16.160555 1.795755
1 -17.112219 0.076898
1 -15.774098 1.141477
1 -15.161124 1.483359
1 -12.554215 6.629502
1 -15.925376 1.333410
1 -15.578098 1.226682
1 -15.339313 0.983753
1 -13.282146 2.191192
1 -17.367739 0.336098
1 6.986275 6.130109
1 -12.846494 5.581690
1 7.534246 -21.847029
1 6.722461 8.202650
1 -16.321775 -0.279121
1 -14.355854 1.212412
1 7.033091 7.028811
1 -16.127192 0.909896
1 -13.548840 3.596117
1 -15.791101 1.462725
1 -14.514928 1.642946
1 -14.938883 1.965316
1 -15.572227 1.762980
1 -13.196231 3.197101
1 -14.455442 5.618441
1 4.132136 9.809104
1 -13.882030 0.246533
1 -14.218856 1.370045
1 -15.928918 1.443806
1 -17.617468 -0.745710
1 -15.149517 1.363451
1 -13.776890 0.887531
1 -16.101698 1.688068
1 -15.843752 1.881218
1 -15.534735 1.175703
1 -16.146179 1.420555
1 -16.040413 1.451489
1 5.126354 11.232045
1 5.429562 12.047800
1 -13.571085 1.887312
1 -13.694901 1.811465
1 -16.781857 0.013217
1 -13.186971 1.955192
1 -13.541222 -0.068469
1 -17.493517 -0.899539
1 -14.749641 1.743589
1 6.486348 12.401767
1 5.366628 11.601948
1 -13.303600 5.181592
1 5.280158 11.565175
1 -15.777336 1.748274
1 -14.475071 2.307498
1 -15.227027 2.003138
1 -14.743069 1.646411
1 -14.349886 2.022050
1 5.323023 11.020257
1 -16.110962 1.546570
1 -15.308835 1.968421
1 6.733284 8.126622
1 7.511916 -21.810373
1 -15.317892 1.784723
1 -15.849304 1.612020
1 -12.613427 6.373837
1 -15.978839 2.303146
1 -14.326463 1.154261
1 -14.097244 5.998453
1 5.346714 11.777830
1 -14.893847 1.415228
1 -16.870430 -0.648161
1 -12.833352 5.670914
1 -14.773334 2.251971
1 -8.163424 5.191324
1 -12.451239 5.304954
1 -13.521934 1.016700
1 5.291466 11.704988
1 7.576108 -22.004904
1 -10.631289 19.976025
1 7.568594 -21.975849
1 7.569208 -21.981047
1 7.610281 -22.040041
1 7.568948 -21.977766
1 7.570835 -21.979622
1 7.571133 -21.974077
1 14.769189 -17.540514
1 7.568635 -21.980497
1 7.569903 -22.088396
1 5.194861 11.536866
1 7.575949 -21.997076
1 7.568288 -21.977354
1 7.563453 -21.971395
1 7.567737 -21.981403
1 7.564185 -21.969595
1 5.222081 11.679616
1 7.565117 -21.977991
1 7.571129 -21.983334
1 -16.819635 -16.040449
1 7.568271 -21.979797
1 7.571848 -21.996405
1 7.567779 -21.978706
1 -20.683638 8.904753
1 19.610634 8.438128
1 7.591342 -22.011639
1 7.537990 -21.948277
1 7.570311 -22.025415
1 5.507938 20.666512
1 7.569526 -21.979742
1 7.561178 -21.969627
1 7.572959 -21.981115
1 7.558782 -21.978601
1 7.567587 -21.983194
1 5.133705 11.522604
1 7.836923 19.568279
1 17.422201 10.876008
1 7.569170 -21.985434
1 19.502518 -12.172689
1 21.341850 4.433359
1 7.568861 -21.979750
1 7.570209 -21.979689
1 7.568070 -21.979548
1 7.568412 -21.978355
1 7.566915 -21.979549
1 7.586999 -22.000370
1 7.568704 -21.978504
1 21.748484 -8.490597
1 7.569411 -21.978712
1 7.567498 -21.979471
1 7.567806 -21.980873
1 5.252710 11.489695
1 -12.942352 6.635857
1 5.179197 11.695545
1 20.746843 1.911844
1 -14.066742 2.107049
1 -12.998379 -0.137900
1 -7.728694 -2.809583
1 5.201346 11.664574
1 5.247746 11.782847
1 -8.059571 0.507842
1 -15.676402 1.675184
1 5.237386 11.608095
1 20.020132 4.411417
1 -7.385211 3.972721
1 -7.210337 6.575641
1 5.273658 11.637137
1 5.277637 11.690125
