1498
10000000 5.463045 -0.15449259999999967
10000001 4.990738 5.1242234
10000002 4.1578476 -3.661039
10000003 6.3572282 4.799434
10000004 -0.5711687999999999 -0.4354549999999998
10000005 8.199030400000002 -7.174443999999999
10000006 4.867475000000001 7.386317200000001
10000007 12.543715800000001 -3.4235160000000002
10000008 2.0148998 -7.346939000000001
10000009 7.707133999999999 4.051262199999999
10000010 2.678717 0.8647286
10000011 -1.5033238 0.1507287999999999
10000012 -2.3174726 -4.1232755999999995
10000013 10.678215600000001 4.5880012
10000014 2.483823 2.8072166
10000015 8.278417999999999 2.9038332000000002
10000016 5.9955338000000005 4.0676472
10000017 -3.6890621999999995 -0.8826413999999996
10000018 1.601658 8.7104636
10000019 4.519944799999999 -0.5938212
10000020 6.906466800000001 -4.774590600000001
10000021 -1.0382036 -3.588691
10000022 6.548747200000001 0.5850166
10000023 -4.422653800000001 -1.6545801999999994
10000024 0.272892 2.5230848
10000025 2.7770046 0.17634280000000005
10000026 0.8710138000000001 -1.6921050000000002
10000027 4.1788646 3.3226704000000007
10000028 3.2922468 1.2960756000000007
10000029 1.7143287999999999 2.3132938000000003
10000030 3.7202110000000004 5.4166596
10000031 2.6622062 -0.565701
10000032 4.5235942 7.169792599999999
10000033 -1.3281958000000003 -3.7382078
10000034 6.3112330000000005 0.30604239999999994
10000035 13.003803399999999 -1.964492
10000036 2.065249 -3.3893919999999995
10000037 1.1249283999999995 1.0457997999999997
10000038 6.575463400000001 5.9156844
10000039 2.5754482000000003 -1.2129774
10000040 4.5400366 1.469804
10000041 -5.904846 -2.5414154
10000042 6.9770956 -4.484436799999999
10000043 3.0274322000000007 -5.9698466
10000044 1.0402579999999992 -3.1633416
10000045 -0.9442324000000004 -2.2907395999999998
10000046 4.3427366 -0.753671
10000047 0.8161271999999998 1.154366
10000048 -14.669659999999999 -1.3404208
10000049 -2.4092746000000003 -2.9475338000000004
10000050 -1.4887424 -3.2043736000000003
10000051 6.685463 5.2385694
10000052 4.3461723999999995 5.1520182000000005
10000053 7.740518799999999 -3.5611524
10000054 -2.4406394 -3.7451138
10000055 9.003581800000001 -0.5245888000000001
10000056 5.6427396000000005 1.0595678
10000057 5.6798766 6.915430000000001
10000058 1.4981768 7.6759518
10000059 -0.3368236 4.0229322
10000060 0.33803800000000006 10.9587986
10000061 0.6770477999999998 1.6656508000000003
10000062 -4.4081756 -2.9440456
10000063 -0.05961539999999985 2.935717999999999
10000064 3.3260579999999997 -0.691273
10000065 0.05800579999999993 11.233444799999997
10000066 1.6039332000000006 -1.5076410000000002
10000067 9.316894000000001 -0.12270479999999995
10000068 1.8879282 2.4794262
10000069 5.4294426 4.49733
10000070 -0.049611799999999914 8.4332386
10000071 4.5181960000000005 -3.6942710000000005
10000072 2.0147641999999997 -0.4575298
10000073 2.7763754 0.751047
10000074 -2.8201204 -2.7725573999999997
10000075 2.6802362 2.8240246
10000076 7.432184600000001 -0.9649746
10000077 8.3803104 5.7429872
10000078 0.33554299999999987 -10.105545
10000079 2.874584 -1.9526721999999999
10000080 5.6403989999999995 -5.8156664
10000081 3.111944 4.6806136
10000082 2.1209564 4.9052986
10000083 7.492447 0.923629
10000084 4.770068400000001 -4.7655218
10000085 1.4587554 -2.9007388
10000086 3.1315489999999997 0.7931808
10000087 0.11961500000000003 4.1153227999999995
10000088 7.286075799999999 0.21194499999999997
10000089 2.869713 -3.8530386
10000090 10.4871776 1.5008409999999999
10000091 6.2347384 2.5953062000000005
10000092 9.6156084 3.1807261999999996
10000093 11.157893199999998 5.101500199999999
10000094 5.6536990000000005 0.38387019999999994
10000095 4.945448600000001 -1.6152628
10000096 5.242026399999999 1.5488844
10000097 -6.978479 4.460848400000001
10000098 1.1700872000000004 3.2425870000000003
10000099 10.571856799999999 0.47738379999999997
10000100 -4.520290800000001 -1.7542351999999997
10000101 8.647024400000001 0.6046806
10000102 -0.12367419999999996 -5.7480604
10000103 0.5917022000000001 -4.1314594
10000104 8.679661399999999 2.9164228000000003
10000105 2.9500582 -4.991853600000001
10000106 -2.504495 -4.1746777999999996
10000107 7.1004758 3.6983436
10000108 1.2093792 8.594844
10000109 9.3442486 1.7788258
10000110 4.7940242 5.509328200000001
10000111 -0.25555839999999985 -0.9667297999999999
10000112 -1.157349 0.6291027999999997
10000113 1.1424910000000001 9.484939799999998
10000114 -1.0020215999999995 1.4013912000000004
10000115 0.9180100000000003 -7.154388599999999
10000116 -4.874364 -2.9926874
10000117 -1.8370667999999994 2.0525154
10000118 8.365057199999999 5.475963999999999
10000119 -7.271834800000001 -7.8912016000000005
10000120 3.011476 -2.317935
10000121 3.6250187999999994 -1.8396903999999998
10000122 4.1549756 2.7048534
10000123 -4.3435198 -4.0927815999999995
10000124 1.2709774 3.2641042
10000125 5.475469599999999 10.8820522
10000126 3.4135446000000003 -2.2001066000000007
10000127 -4.523080200000001 0.875634
10000128 7.383093 0.9253442
10000129 6.0677028 -3.131531
10000130 8.3133306 -4.7946463999999995
10000131 0.41967479999999996 0.9786544000000001
10000132 13.1192022 -4.0403164
10000133 3.513832 0.24795340000000027
10000134 -2.9086716 3.3595688000000004
10000135 5.9961006 -1.4273711999999998
10000136 7.157867 2.326917
10000137 4.8146895999999995 -1.1208029999999998
10000138 2.9220525999999998 -2.7833550000000002
10000139 0.736272 2.2925130000000005
10000140 5.0764094 5.0098405999999995
10000141 3.82089 6.8178354
10000142 -3.4463334000000003 -5.046556
10000143 -9.318847 5.4673986
10000144 0.32287579999999994 -1.5011341999999996
10000145 1.819058 3.5601398000000004
10000146 6.680066200000001 -4.1929768
10000147 5.550199600000001 3.8414954000000003
10000148 1.1959285999999998 -1.9726584000000003
10000149 2.2511029999999996 3.635387
10000150 6.4640416 4.637098600000001
10000151 -4.7463732 -6.756493799999999
10000152 8.230442400000001 0.04089239999999998
10000153 -0.13253720000000002 6.298098800000001
10000154 0.29568300000000036 -1.6184276
10000155 3.7039272 3.8571332
10000156 9.239121 -2.7315506000000003
10000157 3.3770657999999996 7.062887399999999
10000158 -9.2264128 0.16581299999999982
10000159 2.3912446000000007 1.8376998
10000160 4.6977497999999995 0.8039692
10000161 0.9808784000000002 -0.5178258
10000162 10.4592902 0.4071548
10000163 6.017683 5.0185716
10000164 13.3719222 -2.806986
10000165 1.6929364 3.373603
10000166 2.3226682 1.2067918
10000167 2.4407091999999997 0.5367318000000001
10000168 9.821242 1.9285308
10000169 -2.3273848 2.4138577999999997
10000170 -8.552920400000001 10.901497800000001
10000171 2.3116099999999995 -4.8705102
10000172 3.4966008000000004 3.423457
10000173 -0.9901056 -1.3806732
10000174 6.0915324 4.021458600000001
10000175 6.1824986 -2.2084446
10000176 6.0656334 -4.155616
10000177 9.210355600000002 -4.249157800000001
10000178 -0.15787200000000023 2.875767
10000179 4.2773406000000005 -2.0782078000000004
10000180 3.5121154 6.8084412
10000181 -2.5513566000000005 10.8796972
10000182 3.4513442 -0.6324728000000004
10000183 2.5527168000000007 1.1922118
10000184 6.804965 3.1446826000000003
10000185 4.0627276000000005 3.6652395999999996
10000186 5.8823338 2.9773656
10000187 7.4702910000000005 1.3025634
10000188 -3.3859334 -2.9624018
10000189 6.227191 3.1430962
10000190 5.0740533999999995 -1.1111094
10000191 5.545550799999999 -2.7326411999999998
10000192 -1.0410770000000003 0.3244737999999998
10000193 -1.3709094 8.652014
10000194 8.606356400000001 4.614868800000001
10000195 3.4594462 -4.3976616
10000196 0.3732050000000001 -1.4684297999999998
10000197 8.7260794 1.7370146000000002
10000198 5.7168724 -1.8990626000000002
10000199 1.9066430000000003 4.8715576
10000200 -0.907059 3.6727571999999995
10000201 2.5673939999999997 -1.7939783999999999
10000202 3.3788952 7.694993199999999
10000203 3.6660204 1.6933817999999998
10000204 6.656371999999999 -3.3116816
10000205 4.8162882 3.7726886
10000206 -4.27793 -1.0534697999999998
10000207 0.38843120000000014 -5.3346582
10000208 3.7566526000000002 -2.1907918000000004
10000209 5.561344 7.2116118
10000210 -3.8273292000000003 7.509391199999999
10000211 5.747927 -0.8698762000000002
10000212 2.9675936 -1.4196373999999996
10000213 3.3573790000000003 5.0106014
10000214 -1.0681847999999998 2.5670165999999996
10000215 6.555752200000001 4.270248
10000216 -5.673677799999999 3.0737006
10000217 -1.9261148 1.484186
10000218 4.6860458000000005 2.1652777999999997
10000219 9.5911124 3.6508510000000003
10000220 9.6101946 -1.909515
10000221 4.2646344 4.4781774
10000222 3.430863 1.9833455999999998
10000223 0.5975531999999999 3.3100966
10000224 3.6169333999999997 -10.960358600000001
10000225 10.0680364 6.020557999999999
10000226 9.339423199999999 -3.879709600000001
10000227 1.7571848000000003 7.4292386
10000228 7.5395272 1.1647128
10000229 3.803841 9.6351806
10000230 0.07432080000000005 7.4925760000000015
10000231 6.294125 -3.3740879999999995
10000232 10.997728200000001 -1.0247282
10000233 -3.9662866 0.6499158000000005
10000234 4.50575 0.9939468
10000235 -3.6902482 7.330197799999999
10000236 10.3212436 -2.3721114
10000237 3.1338546000000007 7.7841287999999995
10000238 5.9144676 -2.6879784
10000239 5.891344999999999 -2.9230717999999998
10000240 3.6128763999999998 -1.5547313999999999
10000241 3.2717175999999997 1.6359160000000004
10000242 4.5985502 -2.05896
10000243 6.72594 -1.5942584
10000244 4.777318799999999 4.0784696
10000245 -2.6461692 -6.416385
10000246 -1.0499152 0.15039260000000015
10000247 5.8951684 -1.0182072
10000248 -1.0345942000000001 0.8719664000000005
10000249 8.714617 3.9855148
10000250 4.2140634 -2.8540076
10000251 4.1051892 0.2904132
10000252 1.6247931999999998 2.8743224
10000253 1.7039728 10.3101412
10000254 8.8398172 4.5208326
10000255 -11.501269400000002 -1.0524472
10000256 -14.009107599999998 1.9887563999999998
10000257 0.38105559999999983 0.8898362000000001
10000258 3.4852087999999997 9.5656578
10000259 7.7176952 2.2646276
10000260 8.455724 3.3058308000000003
10000261 0.8323599999999999 -4.80389
10000262 -5.606185 3.7195335999999997
10000263 9.4336016 -4.754486000000001
10000264 0.5175027999999997 0.2293278
10000265 1.1298738000000002 -0.9514560000000003
10000266 2.2007662000000003 1.316551
10000267 4.3367054000000005 -2.1731564000000008
10000268 2.019945 1.3339850000000002
10000269 2.783411 -0.8026926
10000270 9.8973628 -2.6913934
10000271 4.9872256 -1.4317716
10000272 8.3402866 4.200139399999999
10000273 1.4724384000000001 5.519311
10000274 13.547546599999999 -2.0131783999999997
10000275 -1.2447233999999994 0.5179708
10000276 0.9855912 2.4334758
10000277 5.3316612 -1.1962404000000002
10000278 7.7855408 0.5930056000000001
10000279 11.2787278 1.6893307999999998
10000280 3.5282244000000005 7.157013600000001
10000281 10.5824826 -9.9889106
10000282 -4.2375768 1.0473334
10000283 9.387538 -0.3782921999999999
10000284 -2.6917520000000006 0.19815760000000007
10000285 1.3133125999999993 0.07105560000000004
10000286 0.3753588 -5.1266616
10000287 -1.1231589999999994 0.046889200000000034
10000288 -1.3082240000000003 -0.10803879999999996
10000289 2.2503067999999997 -1.0691349999999997
10000290 -2.4446392 -3.647423
10000291 4.7433244000000006 3.878591
10000292 -3.5093308 -9.1434216
10000293 5.1447400000000005 5.4207744
10000294 9.2255282 5.9173864
10000295 5.8706698 -0.11817420000000016
10000296 -1.0833613999999998 2.4151
10000297 3.7251118000000005 -1.899418
10000298 10.3008758 -10.321036000000001
10000299 10.655198200000001 -0.062289200000000024
10000300 8.4553576 1.1923084
10000301 5.086611 -4.8438032
10000302 9.1549018 -5.4827338
10000303 0.5401032000000002 5.8760448
10000304 -1.9576140000000002 6.3146446
10000305 1.7126568 -0.36535160000000005
10000306 7.3656288000000005 -3.8119336000000006
10000307 4.3324084 -1.7369625999999996
10000308 -2.5670031999999994 -5.1153714
10000309 2.8191615999999997 -4.2557398
10000310 -4.009956600000001 2.018173
10000311 3.3979695999999997 5.8632952
10000312 -6.5084558 2.6891404000000003
10000313 3.5628088000000004 -6.798246400000001
10000314 7.519297 -3.3593782000000005
10000315 4.428685400000001 7.3146664
10000316 2.9940717999999995 2.4385258
10000317 0.42189120000000013 -2.811903
10000318 4.1345564 -1.2053829999999999
10000319 -13.313182800000002 0.8693484000000001
10000320 7.739296200000001 -7.178341399999999
10000321 -2.5579202 -3.3297709999999996
10000322 8.638396 -3.1635776
10000323 5.432732199999999 2.6396702
10000324 -3.468688 -7.7714702
10000325 8.878412 -4.5863898
10000326 7.572497799999999 0.7982294
10000327 2.4010555999999994 0.7331325999999999
10000328 0.8930026000000002 3.4543939999999997
10000329 6.657178999999999 -2.1877748
10000330 2.7134774 6.4992540000000005
10000331 6.962763799999999 -2.3574688
10000332 10.840802400000001 2.0913049999999997
10000333 2.7454957999999996 7.0485986
10000334 2.790521 3.4208929999999995
10000335 1.7370329999999998 6.8315838
10000336 8.652641999999998 -1.023628
10000337 4.1055806 4.0785366000000005
10000338 0.39176860000000036 3.198408399999999
10000339 1.6032290000000002 -1.3821732
10000340 3.291068 4.800492200000001
10000341 0.6170322000000003 -0.3990202000000004
10000342 1.4839066 3.2680774
10000343 -6.3109638 -1.2237554000000002
10000344 5.1490616000000005 6.2625908
10000345 4.1097437999999995 9.0450704
10000346 7.2158242 6.188615800000001
10000347 0.7415714000000001 -1.4208284
10000348 2.8360008 3.2107876000000006
10000349 4.963323000000001 3.571153
10000350 4.681086799999999 4.1061458
10000351 5.5777256 7.313930000000001
10000352 2.7522282 6.7959374
10000353 0.40920439999999997 -1.0686116
10000354 -4.2410446 1.2476306000000001
10000355 3.6668268000000004 4.9426056
10000356 -6.3659346 5.610774
10000357 2.2157166 -0.8347834000000003
10000358 12.391227 -3.1989026000000003
10000359 4.1779314 2.669201
10000360 1.5258450000000003 -0.8939912000000001
10000361 1.8591887999999996 -3.3508545999999995
10000362 6.9891216 -0.33398400000000006
10000363 5.9551378 7.8809836
10000364 4.24125 1.9333198000000003
10000365 1.3570297999999998 -4.7080292
10000366 10.117016 -1.180938
10000367 5.3540076 -0.7402150000000001
10000368 5.221029 0.7001752000000003
10000369 1.2721689999999999 -2.9950836
10000370 -4.9957312 -2.0448596
10000371 5.0785374 -0.0825522000000003
10000372 6.667732199999999 7.742519799999999
10000373 0.1861851999999998 11.9674212
10000374 4.7182152 7.377718200000001
10000375 7.473832400000001 -6.0616646
10000376 6.958937000000001 4.4545202
10000377 -5.7362094 -2.7844648
10000378 -0.24170580000000008 1.2137904000000002
10000379 4.2927192 3.9103464000000003
10000380 7.0047163999999995 3.9439322000000003
10000381 9.0185296 2.9236416
10000382 4.429969799999999 -1.6495040000000003
10000383 2.4660156 9.1736828
10000384 -1.4603186000000004 -3.1342368
10000385 7.2825502 0.23554759999999994
10000386 0.5707264000000001 2.7017016000000003
10000387 -0.6932858 -1.3967374000000001
10000388 7.0446026 6.0989075999999995
10000389 -4.8350108 -0.8309728000000002
10000390 -5.1548853999999995 -1.1593924000000002
10000391 6.669729800000002 1.3883041999999999
10000392 0.6697304 0.6887996
10000393 -6.494096400000001 4.8414474
10000394 12.477919400000001 -5.6132102
10000395 -6.0894238 -1.9160447999999999
10000396 2.2182038 5.9020024
10000397 1.5995268 3.5832477999999996
10000398 4.5751562 3.2412763999999994
10000399 6.7910522 -6.602030399999999
10000400 -3.4046836 -5.3103442
10000401 1.7334361999999999 3.3660314
10000402 1.101645 1.1456704
10000403 8.8548238 -1.0992762000000003
10000404 -2.1286198 2.5314465999999998
10000405 4.1824848 2.3058756
10000406 3.3247728000000003 -1.5446714000000001
10000407 2.5170268000000005 -0.08255220000000008
10000408 2.9584555999999997 6.688782600000001
10000409 4.8275324 -4.599351
10000410 -1.9316979999999997 1.9417526000000005
10000411 10.333902600000002 -1.8420839999999998
10000412 3.7769318 8.5166886
10000413 5.836538 1.3257781999999998
10000414 0.3484668000000001 -0.06594479999999994
10000415 5.7465497999999995 1.7983771999999998
10000416 5.529161 4.2780974
10000417 -11.7051928 2.2051764
10000418 4.897883599999999 7.6385496
10000419 7.107080399999999 -1.7462108
10000420 2.7732333999999996 1.2854373999999997
10000421 4.6267384 0.0033812000000004614
10000422 -1.1207220000000002 -1.2651692000000003
10000423 4.851069 -5.9962536
10000424 3.8153600000000005 1.1196092
10000425 4.5068754 0.7495102000000001
10000426 5.657948 2.5665134
10000427 1.8359068 4.8982336
10000428 5.0505594 -0.7600194
10000429 7.907352800000001 2.3357857999999996
10000430 4.3920876 -0.03616579999999949
10000431 5.912765800000001 7.604697799999999
10000432 3.725365 -6.8936188000000005
10000433 -6.547136400000001 1.8766402
10000434 2.8589532 1.257516
10000435 -2.11168 -6.4520740000000005
10000436 -5.5644774 12.728343200000001
10000437 2.609984 4.3608962
10000438 10.1875496 -0.37287300000000023
10000439 4.997226 4.0291914
10000440 2.9134406 -3.8144936
10000441 13.434232400000003 -2.1355579999999996
10000442 -4.715532400000001 0.27826379999999995
10000443 1.6490807999999997 -5.3305142000000005
10000444 -0.6974659999999998 3.0860966000000003
10000445 7.773263 -2.9620813999999998
10000446 1.5274008 -1.0517619999999999
10000447 7.295726400000001 5.4353484000000005
10000448 1.1662412000000002 3.7107892
10000449 -2.0319253999999995 3.5537108
10000450 9.2585128 5.6858528
10000451 3.0116249999999996 -0.6915156000000003
10000452 1.7722668000000001 -4.0437402
10000453 -0.5272132000000003 -1.3033486
10000454 1.2026384 -0.9292822
10000455 10.5119462 -0.8032622
10000456 12.291581599999999 -12.358166800000001
10000457 0.07729539999999997 -3.1369635999999996
10000458 -4.8449004 -4.9863488
10000459 1.8040990000000001 7.076148000000001
10000460 5.4305731999999995 5.0775234
10000461 5.341553800000001 1.8916753999999998
10000462 -2.6603614000000007 -7.8426974000000005
10000463 6.4925353999999995 0.3881647999999999
10000464 1.9394109999999998 -4.502385
10000465 2.5964210000000003 2.6391462
10000466 3.9922938 -0.9791616000000001
10000467 3.9259795999999993 -0.4669104
10000468 1.3283583999999997 -2.4287403999999997
10000469 13.3033014 -0.7030166
10000470 1.9839075999999998 6.1907136000000005
10000471 5.649649000000001 -9.9068038
10000472 8.4338144 2.8406081999999997
10000473 4.8140296 -2.6924304
10000474 -1.4944441999999998 4.9458294
10000475 7.253627 0.5576824000000002
10000476 8.2387956 0.4613874000000003
10000477 2.6218221999999995 7.315402199999999
10000478 3.2515956000000004 -0.15531420000000012
10000479 1.6776014 -0.4447468
10000480 9.53772 1.6317544000000002
10000481 -7.690231200000001 -2.6260778
10000482 1.3220848 2.0379034
10000483 6.4324134 3.4328554
10000484 4.626627399999999 -4.726352400000001
10000485 4.392444 -12.6478012
10000486 0.37490160000000045 3.3692132
10000487 2.5221670000000005 -2.2096221999999996
10000488 5.333812999999999 5.602542
10000489 7.2533074 3.861264
10000490 2.9651014 -0.4824472000000001
10000491 7.1738716 -5.9584792
10000492 -3.3918707999999995 0.8308026
10000493 10.6756678 -3.057251
10000494 6.072028 4.769838
10000495 4.8775436 5.3086329999999995
10000496 2.8715676 -10.7433912
10000497 8.3728274 -1.8725898
10000498 9.569882400000001 -0.84027
10000499 4.8483339999999995 2.1885614
10000500 4.2306514 4.142083
10000501 1.853341 -2.6811857999999997
10000502 9.155228800000001 -2.3219088
10000503 8.453257200000001 -2.7182274
10000504 -3.252780800000001 -1.4012348
10000505 3.3261127999999998 -0.5047073999999999
10000506 -1.0223653999999998 2.0420162
10000507 3.572564 -1.8470019999999998
10000508 1.3954825999999998 -8.121176600000002
10000509 8.293932600000002 5.951313400000001
10000510 11.592509999999999 -2.3568494
10000511 7.1581024 5.2694702
10000512 0.7887090000000001 4.849878
10000513 4.5921684 -0.725563
10000514 5.017649400000001 3.8089611999999997
10000515 -0.24538339999999986 2.2848706000000005
10000516 3.51255 -11.909964000000002
10000517 3.2543382000000003 11.768645800000002
10000518 2.2572175999999997 -3.4820318
10000519 0.19438220000000003 2.1881816
10000520 -1.5988664000000001 -3.1998330000000004
10000521 -1.9281335999999996 -3.194332
10000522 0.015985399999999574 -0.3563347999999998
10000523 -13.293245199999998 -2.7009992000000005
10000524 5.4872036 0.8815475999999997
10000525 2.4848594 -0.28713999999999984
10000526 8.446234800000001 2.2353598000000003
10000527 6.600092399999999 -5.9942868
10000528 10.4641442 -3.8856412
10000529 -6.4543808 2.1866784000000004
10000530 1.6466834 2.7488248
10000531 8.486611 -3.5715201999999997
10000532 7.6699454000000005 3.798010599999999
10000533 6.9464862 -5.7084096
10000534 4.810999000000001 -6.8633234000000005
10000535 1.899559 -1.0713462
10000536 8.28541 3.3917326
10000537 7.6315349999999995 2.8143722
10000538 -1.0453930000000002 -7.098453999999999
10000539 4.037642 -5.385366599999999
10000540 5.836541 -5.8042984
10000541 4.554403 2.6201058
10000542 0.3683488 1.228367
10000543 -0.41015580000000007 10.966726399999999
10000544 3.5011471999999997 6.9918284
10000545 -0.7585973999999999 4.083652
10000546 -3.904248400000001 -4.3533098
10000547 4.6940148 5.5855217999999995
10000548 4.112830600000001 3.2533942
10000549 6.633551199999999 0.8289403999999999
10000550 9.236269199999999 1.70965
10000551 5.2541264 0.8258708
10000552 4.3424274 0.15742600000000012
10000553 4.6081378 4.5831615999999995
10000554 3.2182964 7.2268602
10000555 3.519073 5.902474999999999
10000556 -1.2035726 -2.286584
10000557 7.2584998 9.3996544
10000558 -7.7809736 -5.1959006
10000559 6.3675474 5.0994361999999995
10000560 4.4179838 -7.124598600000001
10000561 10.4746136 -0.4710698000000001
10000562 7.6825912 1.4706938
10000563 4.5055484 0.35923420000000006
10000564 12.4296258 -3.6015038000000006
10000565 -4.321801000000001 -4.6113751999999995
10000566 8.038471 1.4985079999999997
10000567 4.818406600000001 0.34742260000000014
10000568 1.5830298 -2.7694226
10000569 7.147014399999999 2.1310238000000004
10000570 -6.4170246 7.393570799999999
10000571 7.3978494 -1.7979417999999998
10000572 0.07679560000000016 -0.2814582
10000573 2.2899421999999996 1.3967133999999999
10000574 0.4639380000000001 -5.4072522
10000575 4.5094156 4.7557348
10000576 3.0954886000000004 -0.8899482000000001
10000577 1.5901083999999999 1.1403176000000002
10000578 -0.44696240000000015 0.9717188
10000579 10.204334800000002 -1.2223695999999997
10000580 2.7318762 1.7795180000000002
10000581 -7.109409600000001 -1.3353192
10000582 11.382186999999998 2.2926674
10000583 3.1802365999999997 -1.2489073999999998
10000584 5.1298904 5.8763977999999994
10000585 12.5689684 -1.1561928
10000586 2.7962246 3.3058698
10000587 2.9217148 2.28732
10000588 0.6082027999999999 2.1601176
10000589 3.4317848 0.07894280000000009
10000590 9.5075674 2.1930432000000004
10000591 8.076357400000001 5.5637378
10000592 2.7839053999999996 5.7551176
10000593 7.1400892 -1.7715902
10000594 6.000872200000001 -0.444818
10000595 5.201646 1.8137729999999999
10000596 -0.48042380000000023 -4.992048
10000597 4.3799294 2.3075394
10000598 5.0314934000000004 2.53385
10000599 6.5511628 -1.8422974
10000600 5.2771868 1.064402
10000601 5.985747399999999 -9.368283
10000602 4.9173996 1.7095194
10000603 2.1556862000000003 -4.5548886
10000604 2.870593 -1.1132714
10000605 -4.4723543999999995 3.0543464000000005
10000606 1.0568849999999999 -1.5804594
10000607 0.6762754 2.729643
10000608 8.1370408 -0.27904539999999994
10000609 -1.3654723999999998 0.6013561999999998
10000610 5.755659199999999 5.9788544
10000611 2.9515389999999995 -4.9159322
10000612 -6.612321799999999 -4.2384918
10000613 5.0377748 0.7527417999999999
10000614 2.139688 1.0493542
10000615 6.3272632 1.9108775999999998
10000616 5.1302194 7.3797692
10000617 0.5680925999999997 7.1466335999999995
10000618 6.8007258 4.659820799999999
10000619 2.7065620000000004 10.2253146
10000620 -6.4895562 -8.528659999999999
10000621 4.3661534 -9.916285199999999
10000622 4.412101399999999 1.0646304
10000623 4.4458686 -5.4062602
10000624 10.4350644 -3.3819261999999997
10000625 2.1534196000000003 -2.500299
10000626 3.5567946 2.269336
10000627 5.6775538 0.5976994
10000628 5.0003214 7.6126553999999995
10000629 1.0142263999999996 -0.28504320000000016
10000630 10.603645600000002 -2.9883333999999997
10000631 2.1628726 -4.1165668
10000632 7.5928448 1.4321126
10000633 -1.340172 -0.8997518000000007
10000634 -1.1340347999999998 3.1218432000000003
10000635 0.8198186 -3.982224600000001
10000636 7.6210936 6.2797966
10000637 0.48955219999999977 3.1142846
10000638 7.7075498 2.5797216
10000639 4.9143104 -6.744277599999999
10000640 5.237002 -0.5402594000000002
10000641 2.664779 -4.0228634
10000642 2.4052356 -7.701724799999999
10000643 11.6043448 -0.7396608000000005
10000644 2.416119 1.2936146
10000645 4.895933599999999 7.1594644
10000646 2.5152127999999996 -3.2836171999999997
10000647 8.3037178 1.8596256000000004
10000648 4.112138 2.1687852
10000649 2.7989816 0.9049928000000002
10000650 11.5466364 -0.8819098000000001
10000651 -2.4273566000000004 3.8297499999999998
10000652 7.733490399999999 -2.2355297999999997
10000653 0.38071919999999987 0.8098804000000002
10000654 7.623914999999999 2.4629760000000003
10000655 9.715989599999999 3.354336
10000656 4.2814186 1.374185
10000657 -1.6441022 2.6689869999999996
10000658 3.2482263999999987 1.7944756000000002
10000659 -0.019163200000000068 -7.8604563999999995
10000660 0.8539881999999999 6.2057014
10000661 1.873224 2.1739851999999997
10000662 4.6789416 7.1747038000000005
10000663 6.1457996 2.5896342
10000664 7.180232600000001 5.4173262
10000665 10.217269400000001 -3.5333196
10000666 2.5249960000000002 5.6685870000000005
10000667 -0.30867360000000055 8.865480199999999
10000668 4.7364062 8.3735002
10000669 7.3942444 -1.9108638000000002
10000670 1.555048 -0.14338499999999998
10000671 4.862303 1.9149382
10000672 6.1669104 6.224022199999999
10000673 2.7472596000000005 7.8951498
10000674 1.2208575999999995 2.4190017999999998
10000675 6.582872400000001 6.532588
10000676 6.812769599999998 -2.5134888
10000677 4.042225 6.685230799999999
10000678 -2.6417671999999994 -0.30539200000000016
10000679 3.5304238 -1.552686
10000680 1.0389164 6.1085504
10000681 4.1272806 5.187305799999999
10000682 3.5201265999999998 0.18467139999999968
10000683 1.6147035999999997 -1.4000256
10000684 -1.0324882 1.6511063999999998
10000685 6.854243200000001 0.06899579999999998
10000686 -3.8833317999999997 -1.6684454000000002
10000687 5.443872999999999 7.305110199999999
10000688 5.0582604 -1.8135316000000004
10000689 3.6873310000000004 -4.4626774
10000690 6.9059906 4.229221999999999
10000691 7.0061886 1.8044008000000002
10000692 4.7700130000000005 9.0473692
10000693 3.3027121999999998 7.4041879999999995
10000694 10.1030308 6.311451
10000695 9.0854112 2.16428
10000696 0.44551439999999937 2.1349584
10000697 -6.1413346 -0.021101999999999777
10000698 -2.2096434 -6.7621358
10000699 2.3041522 1.2038984
10000700 12.0651012 -1.4524176
10000701 1.9037818000000002 5.2432754
10000702 10.6917856 -0.23621919999999993
10000703 1.9708070000000002 2.9975264000000004
10000704 11.5287828 5.1938512
10000705 9.2544322 4.0239952
10000706 -5.70988 4.0581114
10000707 6.5914947999999995 4.377763
10000708 2.0411011999999995 0.6694481999999999
10000709 7.5394964 -8.230649
10000710 5.309361 -2.7508788
10000711 4.028451 5.094894600000001
10000712 4.271592 1.8722178
10000713 7.6173012 -0.8060028000000001
10000714 8.6427898 5.406841
10000715 2.5473512 -0.6290053999999996
10000716 3.0478962 0.6988100000000002
10000717 8.3793238 -5.7503896
10000718 -0.10241500000000006 -9.448882600000001
10000719 13.528884399999999 -2.1244082
10000720 8.3346608 7.536455200000001
10000721 1.8533149999999998 4.1393722
10000722 3.5110976000000003 6.4862003999999995
10000723 -1.2612534 2.7320152
10000724 -0.37903740000000014 -1.284123
10000725 8.5219094 5.48324
10000726 7.490868600000001 3.2301417999999997
10000727 2.017787 3.1746947999999997
10000728 0.3290044000000002 -5.9746746
10000729 7.737427800000001 5.3405022
10000730 -2.5403626 11.3655984
10000731 0.26580960000000003 3.3889276
10000732 -8.7573322 3.7883812
10000733 -5.1648304 1.9897683999999998
10000734 4.5065336 -1.9696659999999997
10000735 7.3579226 7.7593630000000005
10000736 9.9181142 -0.4096347999999999
10000737 7.4371194 5.2853034
10000738 6.1397724 1.7382904
10000739 5.042561000000001 -2.2883401999999995
10000740 6.4146118 5.2583776
10000741 -2.2087648 1.6407696
10000742 2.2569198 -1.3092593999999997
10000743 5.368832 -5.615520999999999
10000744 6.693503 6.6207064
10000745 4.2709542 4.3582652
10000746 4.2193778 -7.426729200000001
10000747 -2.5294326 3.8972100000000003
10000748 3.2280320000000002 8.3230596
10000749 9.5544996 0.7461584000000002
10000750 1.1360265999999999 5.0391914
10000751 3.2238455999999998 -1.419957
10000752 6.646407999999999 -7.9990624
10000753 1.3032318 3.515398
10000754 3.6230255999999996 0.4219372
10000755 11.589859200000001 -6.7077496
10000756 7.920156199999999 1.2732982000000002
10000757 7.3015446 4.490372600000001
10000758 7.8298532 1.8883636000000004
10000759 4.2368126 -2.7393473999999998
10000760 9.4832924 2.5627112
10000761 11.994892199999999 2.7859386
10000762 0.28908999999999996 2.2885169999999997
10000763 3.9319 -4.8436
10000764 4.378371 -3.3631041999999995
10000765 -3.6387252000000005 7.934625
10000766 2.725196000000001 -2.9669825999999997
10000767 -7.37111 -3.251493
10000768 4.9532306 -4.3504822
10000769 3.0158918000000003 -7.337025
10000770 7.9318434 5.556644
10000771 -6.597241599999999 4.4616122
10000772 -3.1580032000000005 -2.2422048
10000773 -6.4015248 1.7162516000000003
10000774 1.0138754 -6.9707032
10000775 4.8882114 -3.7048108000000006
10000776 -3.6835705999999995 -1.0887338
10000777 -0.1930742000000003 2.8194726
10000778 -0.33048340000000015 -0.15825399999999998
10000235 -3.6902482 7.330197799999999
10000779 5.4992458 0.7645566
10000780 0.7923667999999999 0.7255960000000001
10000781 0.8594160000000001 -2.1916626
10000782 3.1479774 2.1180377999999997
10000783 8.4764712 -2.0185003999999998
10000784 3.3417513999999997 -1.3364826
10000785 -0.9606369999999999 7.193650600000001
10000786 6.4271928 -1.9676858
10000787 -6.068797200000001 -3.5093115999999993
10000788 -9.0082696 0.9724974
10000789 7.9098236 4.530683000000001
10000790 -0.8000466000000003 2.5443131999999995
10000791 4.936097000000001 0.4428170000000001
10000792 5.7473068000000005 1.25569
10000793 0.3761899999999999 0.6166710000000002
10000794 3.433574 -0.42826980000000014
10000795 5.3531236 5.6538038
10000796 1.5946783999999998 0.8699816
10000797 5.2971822 1.3680906
10000798 2.9520527999999997 5.884302400000001
10000799 4.32908 -0.6424744
10000800 -0.7314826000000002 -2.4517698
10000801 -1.8323315999999994 2.4090390000000004
10000802 6.978457000000001 -2.3023232
10000803 5.3492848 6.21139
10000804 2.020798 -2.0043193999999995
10000805 4.2588008 0.8936793999999999
10000806 -2.473927 -0.16720000000000002
10000807 -4.998875 2.3453896
10000808 -1.3927337999999996 -5.177142000000001
10000809 -2.8346114 0.8041892
10000810 1.2069552 -13.530019999999999
10000811 8.977037 3.6808970000000003
10000812 -2.386376 -5.0272628
10000813 2.0957534 3.3830342
10000117 -1.8370667999999994 2.0525154
10000814 7.1802818 2.6946052000000003
10000815 3.2884336 5.4268806000000005
10000816 -10.4929424 -3.928012
10000817 3.4023674 -0.4011211999999998
10000818 4.7851872 -1.8907719999999997
10000819 5.3316552 -2.0690193999999993
10000820 -0.06423259999999935 1.0915220000000005
10000821 -0.3155975999999999 -0.8924135999999997
10000822 -0.47482179999999996 -1.0606821999999998
10000823 9.800588 -0.24849119999999997
10000824 -3.4777158 -5.232330599999999
10000825 1.9833128000000002 -3.6400224000000003
10000826 0.3446867999999999 5.3434796
10000827 4.3548164 -0.5071650000000002
10000828 0.27552639999999984 -0.5656680000000005
10000829 -12.840784200000002 0.642316
10000830 9.5741586 3.7371505999999997
10000831 -0.971277 -1.0575398
10000832 7.6304988 -2.9348788
10000833 2.7118028 -0.5467964000000001
10000834 3.3688024 -2.9444388
10000835 -5.0287934 6.670626799999999
10000133 3.513832 0.24795340000000027
10000836 5.2364446000000004 1.5975085999999998
10000837 -2.0218196000000006 1.2792916
10000838 2.5329368000000003 8.0902928
10000839 -0.974906 5.0139249999999995
10000840 10.128582 -2.9677852
10000841 -0.05108259999999998 1.9016393999999999
10000842 5.106302599999999 -8.948203600000001
10000843 3.5128104 3.5700862
10000844 -1.5678036 4.6564664
10000845 9.7616988 1.5304806000000002
10000846 1.7145252 -6.5359724
10000847 1.8748058 1.1668694
10000848 10.247229 1.7708019999999998
10000849 1.9105614000000002 4.6502396
10000850 3.0900971999999998 1.7053338000000005
10000851 3.7521864000000003 3.6650344000000006
10000852 -4.7212958 12.189939200000001
10000853 11.1686396 0.18695780000000023
10000854 3.8583923999999996 -11.948541
10000855 -3.6795834 -2.9488542000000004
10000856 3.0598666000000003 -4.1154664
10000857 2.7222922000000005 -2.5414406000000005
10000858 4.6671372 7.248484
10000859 12.905545799999999 -0.04122079999999997
10000860 3.9340491999999996 4.130977199999999
10000861 1.4489921999999995 -2.0965306
10000862 3.435203 -3.174651
10000863 2.2539476 -1.1886956
10000864 -3.9225082000000002 2.0955082
10000865 2.2331119999999998 -2.2782283999999997
10000866 -12.113367 -5.6465636
10000867 4.5309964 -10.610816
10000868 2.630795 -5.146617399999999
10000869 1.2755970000000003 3.8989646000000002
10000870 4.2828184 -5.999318400000002
10000871 2.8547804 0.009670199999999962
10000872 7.3314965999999995 6.8187906
10000873 3.2616351999999997 0.7302261999999997
10000874 0.5207344 9.4950198
10000875 8.840417200000001 6.796380999999999
10000876 3.3755136 4.0716632
10000877 -6.715196199999999 -3.9677812
10000878 1.308242 5.1499368
10000879 9.1782016 5.652207799999999
10000880 5.9597344 2.6956593999999994
10000881 2.0929172 1.3096012
10000882 2.0842052 0.12242960000000022
10000883 1.081364 1.0027096
10000884 1.5863601999999999 3.9511589999999996
10000885 0.5666544 2.175846
10000886 2.5351142 1.0107631999999998
10000887 -0.10703619999999994 -0.4683879999999999
10000888 1.8108148 -6.997034600000001
10000889 9.2925536 -4.4877234
10000890 1.534526 0.007386200000000054
10000891 -2.7860437999999994 2.1134239999999997
10000184 6.804965 3.1446826000000003
10000892 0.2033766 2.2640188
10000893 3.8965109999999994 2.2868426
10000894 4.662801 -3.0113874000000003
10000895 3.5591245999999996 2.0283352
10000896 6.307135 2.195295
10000897 2.9234818 3.205818
10000898 2.0279583999999997 0.7804757999999998
10000899 4.987888400000001 -0.7804389999999999
10000900 3.1281796 4.3190675999999995
10000901 1.6365378 -2.9132583999999997
10000902 0.34189099999999994 -2.388476
10000903 1.9231438000000005 4.3281648
10000904 -2.0003781999999997 2.9011974
10000905 6.1183228 2.9246362
10000906 11.748178 -8.204393
10000907 -7.3596222 9.9888474
10000908 -1.1056996000000001 2.3064222
10000909 1.1574347999999999 3.0647946000000004
10000910 2.8786315999999994 1.005557
10000911 7.248720399999999 -2.6528199999999997
10000912 6.9829964 3.8150214
10000913 1.7744796 -3.0301668
10000914 6.481598600000001 -4.3460090000000005
10000915 3.3356892 2.1407906
10000916 3.8868215999999998 4.9012766
10000917 3.1223832000000002 8.726868200000002
10000918 2.4314556000000005 2.7538671999999997
10000919 9.1527362 -6.4324928
10000920 6.9047844 0.3709564
10000921 5.143694999999999 -2.7726281999999998
10000922 -0.7762199999999998 3.3630114
10000923 2.7548293999999998 3.5220639999999994
10000924 2.025227 -3.0714056
10000925 -2.7301637999999997 7.2960031999999995
10000926 2.0516098 10.1936412
10000927 1.5226462 2.2340761999999996
10000928 3.8167898 6.692804
10000929 5.1860098 1.1210138000000003
10000930 2.8946064 1.7087472
10000931 4.3190745999999995 -0.9757921999999999
10000932 -4.879795199999999 -1.9217128000000003
10000933 5.025857599999999 -2.5192132
10000934 2.6173260000000003 0.438795
10000935 3.7601416 1.1766482
10000936 1.6974016000000003 -2.2732376
10000937 9.6713812 -1.9005115999999997
10000938 4.846267800000001 3.4619492000000003
10000939 -1.2255217999999999 0.6156087999999998
10000940 4.9975126 -2.9642448000000003
10000941 -0.9824308 3.8419486
10000942 -2.0504986 -4.088730399999999
10000943 4.3877466 7.2603852
10000944 2.1491184000000003 3.1680344
10000945 1.1258426 1.3300281999999999
10000946 3.1299748000000003 1.2631241999999998
10000947 0.13287579999999996 -0.5237447999999997
10000948 4.1766182 8.438845
10000949 0.8733367999999999 5.7970142000000005
10000950 1.172747 3.4503574
10000951 -2.0305603999999997 -4.0309634
10000952 10.576139999999999 -5.1824736
10000953 5.742639400000001 0.19704279999999982
10000954 -0.8345471999999999 0.06504599999999953
10000955 4.1509564 -0.1459434
10000956 6.2509809999999995 -10.2490898
10000957 -0.07948359999999985 -0.3622891999999999
10000958 4.934706799999999 -3.0302417999999998
10000959 0.7969462 -0.5202403999999999
10000960 7.515327599999999 -7.3770398
10000961 9.4563292 -0.2595233999999998
10000962 5.8645482 -4.4046612000000005
10000963 5.0550954 -8.4936838
10000964 3.4892304000000003 8.4490306
10000965 2.8489914 5.497330599999999
10000966 1.1507975999999998 -0.8201686000000002
10000967 -9.2110006 -0.3827188
10000968 9.485388799999999 -2.2622592
10000969 2.7224638 2.4594006000000004
10000970 7.518249 -0.3230492
10000971 13.678591399999998 -2.5701118000000003
10000972 2.7776579999999997 8.5871478
10000973 1.3591442 -0.8669494
10000974 1.1301128 4.705068600000001
10000975 2.3175798 10.2720514
10000976 8.1445746 -5.9199106
10000977 6.5920348 -6.0650362
10000978 11.1601376 -3.6943460000000004
10000979 6.477820599999999 -4.476913000000001
10000980 5.2045486 1.2992706000000003
10000981 1.7382434 8.8242062
10000982 -2.1964084 -1.810512
10000983 6.8184372 0.5284935999999999
10000984 11.2824976 -4.242498
10000985 11.67446 2.5947974
10000986 2.0092724 -6.006248
10000987 -0.5902877999999998 -0.3003474
10000988 -3.626910600000001 2.7489776
10000989 2.1367021999999998 1.961103
10000990 14.855307400000001 -1.8022268000000001
10000991 7.1526308 0.1967584
10000992 -4.0694008 -1.2657416
10000993 4.9034468 7.819238400000001
10000994 1.7954464 2.3838916
10000995 6.449704199999999 -8.683676000000002
10000996 5.100657 -4.1559289999999995
10000997 2.7599441999999996 -2.1119931999999997
10000998 -2.5177194 -0.01858280000000021
10000999 2.7407196 -1.1182768000000003
10001000 7.781547400000001 0.612649
10001001 -0.14851600000000015 3.0639124
10001002 5.132479 -2.6853146000000003
10001003 5.734589199999999 3.7205402
10001004 -3.646877 7.647118599999999
10001005 5.296119200000001 3.0457784
10001006 6.930909 -6.8038066
10001007 -0.5018471999999997 5.969095
10001008 10.0348614 -2.8289534000000005
10001009 4.3394314 4.4997904
10001010 7.629372200000001 -2.4759768
10001011 9.507769999999999 3.3546096
10001012 3.266186 -5.167331399999999
10001013 3.2179462 3.5084202000000007
10001014 -1.161953 0.1626117999999998
10001015 0.7273036000000002 -0.21333259999999968
10001016 1.9736469999999997 10.6967824
10001017 8.652055 0.0712057999999999
10001018 2.6342699999999994 5.5787493999999995
10001019 7.002555200000001 4.1759328
10001020 -1.2363502 -0.03569160000000018
10001021 2.3030397999999996 4.185185199999999
10001022 6.2332564 5.714649
10001023 9.0034252 0.42554219999999976
10001024 4.953429600000001 2.5416926
10001025 -4.760041800000001 -0.27160419999999996
10001026 -7.911849199999999 -3.1187765999999995
10001027 3.1592545999999997 9.8480344
10001028 -0.2430054 8.8716872
10001029 3.0466002 6.0518902
10001030 -1.6630924 2.5772570000000004
10001031 8.753455800000001 7.864542
10001032 6.885080399999998 -7.5080464000000005
10001033 6.6760724 -0.4864438
10001034 5.32447 5.5142734
10001035 -0.7840158000000002 -3.7372252
10001036 -0.32805219999999996 -5.0537568
10001037 5.3972272 -2.8924464
10001038 3.7166163999999995 0.8870328000000001
10001039 2.9633261999999996 -3.9799934
10001040 5.2893054 7.293442999999999
10001041 8.299292400000002 3.549585199999999
10001042 5.6364598 1.702985
10001043 9.249080799999998 -5.5053806000000005
10001044 5.0837994 -3.5363204
10001045 -0.11675680000000026 -8.1717004
10001046 8.4428932 -2.4103186000000005
10001047 4.0521768 -3.505454399999999
10001048 0.37371540000000014 -4.6959234
10001049 2.5427006 -1.2485680000000001
10001050 -4.279193 -1.1609721999999993
10001051 -3.846522 7.9102632
10001052 2.7824928 0.13204320000000003
10001053 2.3093727999999993 -7.311477399999999
10001054 5.092259800000001 0.16902120000000004
10001055 0.09531180000000035 3.5473504
10001056 -5.5693866000000005 4.3613456
10001057 7.6756366 7.263450000000001
10001058 2.1334726 -0.17639619999999984
10001059 5.2808598 -1.6276364
10001060 2.1957481999999997 3.234445
10001061 1.2596182 2.7684576
10001062 -0.6422254000000002 4.7545338
10001063 -6.049139800000001 10.231554599999999
10001064 6.3929228 2.3171928
10001065 3.0290088 -4.6710602
10001066 6.0754057999999995 4.334355799999999
10001067 -7.4067554 -2.3190813999999995
10001068 2.4778308000000004 0.15111499999999994
10001069 2.5983308000000003 11.661861400000001
10001070 1.0661186 9.4303198
10001071 9.973617999999998 -0.4839549999999999
10001072 -0.8143182000000001 -1.951896
10001073 0.8481374 -0.08433739999999998
10001074 6.5187436000000005 1.3442656000000004
10001075 0.30154240000000004 4.2108176
10001076 1.7727730000000002 0.8634872
10001077 1.9125062 1.0915718
10001078 0.84317 5.5232512
10001079 3.9146652000000004 2.8121554
10001080 1.5205344 2.1810788
10001081 6.7236232000000005 2.2177189999999998
10001082 3.8552191999999996 -1.4255525999999998
10001083 4.4492002 5.652617999999999
10001084 3.7357202000000003 -0.7161857999999997
10001085 1.3485323999999999 2.8410519999999995
10001086 5.0962952 -2.1024992
10001087 2.7572576000000004 4.4141994
10001088 8.664564 1.3568762
10001089 -0.1894922000000001 5.8044948
10001090 4.1528748 1.2633682
10001091 4.052460000000001 -2.0102802
10001092 8.2654268 -6.0287706
10001093 11.802231599999999 1.3390634000000001
10001094 3.0078796 4.800035200000001
10001095 7.2751722 -10.3065802
10001096 5.088457 1.9769858
10001097 6.313031799999999 6.9919314
10001098 -6.646077 2.6681368
10001099 -0.47706680000000007 7.9557568000000005
10001100 2.2004804 2.1322726
10001101 -0.043030800000000015 -2.3483568000000012
10001102 2.3182035999999995 -2.4751854
10001103 -2.3049288 2.2080764000000004
10001104 2.9277526000000003 -6.2473704
10001105 6.0397508 7.742053999999999
10001106 -0.38778919999999995 -1.641277
10001107 -0.8769639999999999 10.284567200000001
10001108 2.4227364000000002 1.0372086
10001109 3.5727892000000003 5.3746156
10001110 7.4287826 2.6277774000000003
10001111 5.008515399999999 -4.649885
10001112 -1.0496602000000004 -5.915051
10001113 -0.17888540000000014 5.1896414
10001114 5.0170312 -4.1351928000000004
10001115 2.8707434 7.618020799999999
10001116 -4.145633 -3.3671894
10001117 -0.20772779999999996 0.6972003999999998
10001118 5.889099399999999 3.0411454000000004
10001119 1.8904256 10.4765906
10001120 3.0093500000000004 8.3086694
10001121 5.2903312 1.9216514
10001122 6.135347400000001 3.1004614000000004
10001123 -1.8142590000000003 9.203988999999998
10001124 -2.010115400000001 -3.8999758
10001125 9.9159188 4.9782706
10001126 -0.9051816000000003 -4.363599600000001
10001127 0.8959885999999997 6.0863532
10001128 8.7276494 0.13409659999999995
10001129 3.1893442 2.6845314
10001130 1.6016312 3.3108388000000004
10001131 -0.4051298 5.209263
10001132 -4.323263799999999 -9.4500808
10001133 2.2920449999999994 -3.8530478
10001134 1.2316504 3.7911162
10001135 5.2133956 -2.1836168000000002
10001136 5.9436751999999995 -12.1308528
10001137 5.9545802000000005 3.2442624
10000339 1.6032290000000002 -1.3821732
10001138 4.8660762 0.42884600000000006
10001139 -1.6449541999999995 -4.6807402
10001140 2.1820274 -0.48129940000000004
10001141 5.6748996 4.2149042
10001142 1.2018464 2.7101458000000003
10001143 8.339848 -0.1683102
10001144 -2.5012276 5.6513974
10001145 3.1886266 6.918453599999999
10001146 -5.0426986 1.2303302000000005
10001147 5.2085666 1.7225015999999993
10001148 5.869071 -4.321067000000001
10001149 8.2462316 5.5797744
10001150 9.403940799999999 6.4315634
10001151 0.3257124 6.6740737999999995
10001152 4.9321966 2.8876946
10001153 7.190342399999999 -0.5849832
10001154 2.2238702000000004 1.2725442
10001155 2.8196248000000006 -0.7270324
10001156 -2.5919276000000004 -5.899673999999999
10001157 6.5187628 4.1951494
10001158 4.8938904 1.439694
10001159 6.687793999999999 2.3423186
10001160 0.0907055999999999 4.162765
10001161 3.9711386000000006 -5.372522
10001162 7.1648564 4.1271244
10001163 12.7725098 -3.9673565999999996
10001164 5.0994162 6.962376599999999
10001165 2.9695754 5.2991434
10001166 1.5524825999999998 -0.7171358
10001167 6.3138292 -0.3661050000000003
10001168 1.8661700000000003 -0.873687
10001169 0.9735861999999997 1.3755594
10001170 3.281037 8.9813836
10001171 -2.7109275999999998 1.3319126000000001
10001172 7.8977676 6.0600454
10001173 9.2814506 1.4005935999999999
10001174 7.0508505999999995 6.775509600000001
10001175 6.420416999999999 -0.4123677999999999
10001176 4.6602836 6.465119
10001177 3.9156257999999995 -2.5717314
10001178 4.7101446000000005 -1.0228272
10001179 2.5755299999999997 -4.7488794
10001180 -1.4766756 -5.617475600000001
10001181 2.6900644 -7.4958654
10001182 9.1743078 2.36349
10001183 5.4069852 2.8663005999999998
10001184 9.9501092 0.6747598
10001185 1.4837289999999999 1.0307103999999996
10001186 4.7102912 3.1584452
10001187 5.1540028 7.6272716
10001188 5.5917686 5.538510799999999
10001189 5.423315199999999 4.8052402
10001190 6.6271640000000005 -4.9159548
10001191 8.525742 1.2229522
10001192 1.1008734 -2.2958232
10001193 3.4985901999999998 6.895529600000001
10001194 5.8799332 6.5891276
10001195 4.3241344 -7.5126386
10001196 6.289221199999999 7.053076800000001
10001197 9.3151856 0.28877759999999997
10001198 -1.636371 -0.3430120000000002
10001199 12.62391 -8.3608136
10001200 5.2533688000000005 7.803110600000001
10001201 7.383766 -1.7874840000000003
10001202 2.1481124 2.4673056000000004
10001203 3.4199466000000003 3.254394
10001204 -0.3279956 -1.7160520000000001
10001205 0.08709059999999998 2.5564282
10001206 10.154555599999998 0.11284379999999956
10001207 3.4780515999999997 2.3704511999999998
10001208 1.0087188 -2.2310342
10001209 6.404378200000001 1.4778814
10001210 5.722863800000001 -4.493398399999999
10001211 3.5553866 3.9457719999999994
10001212 0.17836999999999997 -7.374464599999999
10001213 3.7370537999999995 4.991388200000001
10001214 3.3435417999999997 9.144926799999999
10001215 2.9785424 -0.12854320000000014
10000417 -11.7051928 2.2051764
10001216 5.036713799999999 -2.3297562
10001217 2.6829708 0.15633920000000004
10001218 6.8492581999999995 0.5742019999999999
10001219 6.4336544 0.6697970000000002
10001220 2.4594838 -0.4917172000000001
10001221 10.8722704 2.5817740000000002
10001222 13.430482000000001 -4.3948567999999995
10001223 6.771403599999999 -6.561807400000001
10001224 4.0176412 -3.4506965999999997
10001225 7.5135598 -12.6884652
10001226 6.634778800000001 8.255474399999999
10001227 -1.8369159999999998 -0.36137559999999985
10001228 2.8459977999999997 3.2663816
10001229 4.2882622 1.9453872
10001230 -0.09900499999999993 7.1843851999999995
10001231 6.429443000000001 -0.2693354
10001232 5.9633286 -0.8007915999999999
10001233 9.0962202 -2.2943634
10001234 6.1798342 -4.2245534
10001235 6.8973792000000005 4.395120799999999
10001236 2.4774095999999997 1.5045981999999998
10001237 1.2656620000000003 7.9490336
10001238 4.645072999999999 4.658698
10001239 2.4332914000000003 2.604457
10001240 -2.1185948 -1.2329776000000001
10001241 1.5602778000000002 4.761280999999999
10001242 2.4155528000000004 -0.9559808000000001
10001243 -1.3590162 0.2584487999999996
10001244 2.4183026 2.8872476
10001245 -0.8253705999999997 5.9372462
10001246 -2.4378436 2.0960165999999996
10001247 -1.5369474000000003 6.016852200000001
10001248 10.5078318 0.30367560000000005
10001249 -3.591921399999999 2.5373560000000004
10001250 5.3414098 -6.470318000000001
10001251 7.3064936000000005 -7.991400399999999
10001252 8.5692898 9.5859544
10001253 12.4256224 -3.6123762
10001254 6.859809200000001 3.8886148000000005
10001255 -2.1123936 3.0308685999999994
10001256 4.0477936 1.7605356
10001257 2.5735824 -2.0159906
10001258 4.3689984 2.6544787999999997
10001259 1.4429083999999999 7.810212
10001260 3.8570809999999995 10.414148999999998
10001261 1.9129256000000006 -2.8308274000000004
10001262 7.595175 -1.5004862000000003
10001263 1.7667464 -6.5210206
10001264 1.9384499999999996 0.40130539999999987
10001265 5.4175748 2.9589390000000004
10001266 4.915645199999999 7.5892181999999995
10001267 -0.7832679999999995 -5.715518599999999
10001268 4.5008172 5.914187399999999
10001269 6.062204599999999 -7.9587266
10001270 -5.6022542 -6.7064926
10001271 1.3559084 6.825821
10001272 1.0566362 1.4334078000000001
10001273 7.2873795999999995 2.0785154
10001274 -1.8098096000000001 -0.9187261999999997
10001275 4.435712199999999 4.789473800000001
10001276 10.0404834 -4.6966042
10001277 6.944947999999999 -4.2480564
10001278 1.3001766 5.1054508
10001279 2.4682492 0.8999289999999999
10001280 5.831771999999999 9.6654644
10001281 3.9094805999999998 4.7114044
10001282 2.6488114000000005 2.1971195999999997
10001283 10.179397599999998 -2.8686802
10001284 2.1980737999999995 -5.0962186
10001285 0.6124595999999999 9.3439028
10001286 2.9220192000000003 -0.7479306000000001
10001287 3.7509156000000003 1.0844421999999998
10001288 7.513271400000001 -0.6086330000000001
10001289 0.9774259999999998 -6.8028332
10001290 0.4690718000000002 0.8793816
10000027 4.1788646 3.3226704000000007
10001291 9.690447400000002 -5.116667
10001292 -7.9052806 0.8316169999999999
10001293 -0.4011614 -3.5384439999999997
10001294 2.7215518 3.6769966
10001295 1.9507714 -8.645596600000001
10001296 -1.2693958000000003 -3.3200322
10001297 -7.6813997999999994 1.7788321999999994
10001298 1.7149424 -9.1647822
10000673 2.7472596000000005 7.8951498
10001299 7.157958599999999 1.9039856
10001300 1.7488173999999996 -1.0192394
10001301 6.6128637999999995 4.9966555999999995
10001302 4.1337724 5.8543724
10001303 -3.4805628 -0.10464960000000012
10001304 0.4227342 9.050328400000001
10001305 3.8894024000000003 -2.3079492
10001306 1.6204395999999999 -8.6360526
10001307 2.7885 5.0012802
10001308 3.5910790000000006 -0.2548390000000005
10001309 7.674249399999999 0.3588504
10001310 -4.949795 -1.2751675999999998
10001311 5.7298232 -2.2131988
10001312 -0.19861799999999988 1.2612304
10001313 7.071322799999999 -5.217338
10001314 -0.6064146000000001 2.6084264
10001315 1.8206088000000005 -3.592175
10001316 5.1169244 6.902188600000001
10001317 -4.573127599999999 5.853912800000001
10001318 7.8627038 2.2903856000000005
10001319 3.4076766 1.3282952000000001
10001320 -0.814466 4.0927528
10001321 3.6081724 7.890605600000001
10001322 -1.902047 9.3278598
10001323 5.630445 -8.3705016
10001324 11.1498708 3.4824509999999997
10001325 -0.7740724 5.7262728
10001326 5.3546478 6.00646
10001327 7.8837004 -3.3924909999999997
10001328 5.4602582 1.069224
10001329 4.824744400000001 11.591333800000001
10001330 2.1549128000000004 8.8266208
10001331 1.6815459999999998 0.05101279999999982
10001332 -5.611505800000001 7.7510772
10001333 8.0929686 -3.7242194000000004
10001334 3.5640639999999997 5.372496
10001335 2.8059231999999996 5.7537744
10001336 6.9984526 1.2385479999999998
10001337 1.506614 0.6466076000000001
10001338 -2.0001232 -4.6361414
10001339 3.6395854 -0.20468959999999997
10001340 4.0907228 -0.29420940000000007
10001341 8.747183600000001 5.790824
10001342 -1.5970508000000003 9.136729800000001
10001343 5.0263800000000005 7.0160176000000005
10001344 4.024816199999999 2.8508714000000004
10001345 -11.1853198 1.5162584000000001
10001346 -2.8502027999999995 2.2698294000000003
10001347 -0.6002988000000002 6.186251
10001348 5.8130178 7.1885846
10001349 4.152944400000001 1.6026318
10001350 9.7953162 -2.2455261999999996
10001351 3.3877403999999998 1.6971316
10001352 1.3384247999999999 2.1331168
10001353 3.8342004000000003 -1.5520124
10001354 2.5148376000000003 8.742191199999999
10001355 3.8855537999999994 3.8740713999999996
10001356 12.978902600000001 1.3940278
10001357 4.512118599999999 8.1490594
10001358 1.9842233999999999 1.2899137999999997
10001359 6.0714147999999994 -3.5943908
10001360 8.8689044 4.5810386
10001361 4.9151342 6.025864
10001362 1.9992782000000002 -8.4136906
10001363 5.079641 8.8646232
10001364 5.1608982 0.14530299999999982
10001365 0.06735759999999998 2.687504
10001366 10.185356399999998 -1.9823413999999997
10001367 -3.9341136 -2.5131356
10001368 -3.5480171999999994 0.8200800000000001
10001369 3.8542134000000003 9.2956058
10001370 2.7538432 4.000072
10001371 -1.9554090000000002 -1.7015710000000002
10001372 5.635385600000001 2.2423364
10001373 2.5279727999999997 9.275932399999999
10001374 6.9269464 3.5662700000000003
10001375 0.06484760000000014 2.5985622
10001376 8.786591 2.0626982000000003
10001377 2.4740644 -0.4504442000000001
10001378 8.7462954 0.16774539999999974
10001379 0.6737776 -6.218833
10001380 8.2449172 2.6449203999999997
10001381 3.523255 1.5868776
10001382 6.6002972 1.3689302
10001383 2.1283274 5.5072643999999995
10001384 4.9958164 -1.8389498000000004
10001385 -6.802844 -4.169618600000001
10001386 7.8588736 3.2881358
10001387 6.684129800000001 3.974032
10001388 8.9370874 -1.1012483999999998
10001389 5.519506999999999 -3.3846891999999995
10001390 -1.2113634000000002 -5.8790482
10001391 3.7401598 -0.27502000000000004
10001392 -2.4172622 1.0111632
10001393 1.9896244000000003 1.3313844000000001
10001394 -0.45065539999999993 -6.2719166
10001395 6.8323594 6.633732599999999
10001396 -0.09155719999999992 -8.011647
10001397 5.443903199999999 3.0373892
10001398 8.502711399999999 2.7987744
10001399 2.2088361999999995 1.2367582
10001400 -0.5468421999999998 8.587325199999999
10001401 5.892221000000001 -2.5923928000000007
10001402 9.1880432 -0.4043404
10001403 7.4656134000000005 -11.1049452
10001404 3.0377984 -2.6645594000000004
10001405 3.1470405999999995 4.6160271999999996
10001406 -2.9048586 7.806854599999999
10001407 1.6780494000000004 -1.9559150000000003
10001408 3.6380018 1.8505669999999999
10001409 1.2056774000000003 4.7021277999999995
10001410 2.6247502 7.767100599999999
10001411 8.638774999999999 4.074084000000001
10001412 7.827621400000001 -3.1666408
10001413 -1.8244538000000001 -1.6562916
10001414 5.0562084 3.5532814000000004
10001415 5.9373108 3.3472142000000007
10001416 9.721310599999999 3.7564909999999996
10001417 1.6488567999999995 1.3591622
10001418 2.3909782 4.618845599999999
10001419 6.0784503999999995 -9.9130732
10001420 6.5812968 -2.5565048000000004
10001421 -0.5375298 -5.6931184
10001422 6.744699800000001 5.6073526000000005
10001423 7.36368 5.7157026
10001424 4.4407038 -5.015075
10001425 3.7199086 3.7451856000000006
10001426 -2.4430794000000002 5.0200784
10001427 4.1819972 0.5346963999999998
10001428 -10.091137 0.7130483999999999
10001429 2.768616 -1.9310932
10001430 4.423793 3.6569050000000005
10001431 2.5638378000000004 2.2064994
10001432 6.987671399999999 6.0742572
10001433 0.09112200000000037 -7.49042
10001434 3.0015666000000003 1.2560116000000001
10001435 1.177779 4.284896600000001
10001436 2.9354763999999998 3.2294788
10001437 4.8508756 1.1923692000000004
10001438 0.9412411999999998 4.477531
10001439 3.804645 4.8146341999999995
10001440 9.933266 4.132918
10001441 -0.42455960000000015 -4.0174968
10001442 1.7191561999999998 7.046053000000001
10001443 5.328192199999999 5.4959844
10001444 5.4293043999999995 4.726461200000001
10001445 7.8432022 -2.2590803999999998
10001446 3.5434486 4.2066986
10001447 6.6595996 0.20558919999999983
10001448 -4.857201600000001 -3.9602416000000007
10001449 3.7901669999999994 -2.6829653999999996
10001450 1.8910644 -3.5794669999999997
10001451 7.8456036 6.492018
10001452 13.289483199999998 -0.5452969999999999
10001453 11.0506408 4.1269446
10000757 7.3015446 4.490372600000001
10001454 10.934581600000001 5.093779
10001455 2.9892494 4.9923678
10001456 -2.6683998000000004 -0.4918646
10001457 -0.0932853999999999 -4.123814
10001458 10.6428438 -6.1420824
10001459 9.3424048 4.6583502
10001460 14.0977248 -3.0372694
10001461 6.6679786 3.1718642000000004
10001462 -0.43051320000000015 -0.33805180000000007
10001463 3.9520312000000004 -5.3308496000000005
10001464 7.2540578 2.9437506
10001465 -1.4311296000000002 1.3872026
10001466 -2.1135569999999992 -1.4799576
10001467 -2.0765368 3.4738251999999994
10001468 2.6019666 1.9036656
10001469 10.9962966 1.512723
10001470 5.251234999999999 -8.584577999999999
10001471 7.586385 -4.5315254000000005
10001472 7.6820438 -1.1344340000000002
10001473 0.5165120000000005 -5.5695876
10001474 1.1590421999999998 2.5766326
10001475 7.5546088 -1.4970556000000002
10001476 3.5232023999999997 0.8720372000000003
10001477 3.6173653999999997 -0.5346301999999994
10001478 -3.0263565999999997 8.6119544
10001479 6.9801508 6.5481172
10001480 6.458767399999999 0.8937075999999999
10001481 3.4832588 0.6917358
10001482 6.273068800000001 2.8744889999999996
10001483 6.2544204 1.2434846
10001484 11.276042 6.8315304
10001485 4.5720962 13.016051
10001486 7.404128 -3.4718854
10001487 2.1411206 -9.4672062
10001488 2.8031639999999998 1.3639156000000003
