288
78501 -8.705476 -16.719328
51820 -8.981853 8.317087
108746 -9.182660 8.493378
29395 -9.203397 8.488554
32987 20.372238 -5.288366
36618 10.530860 -11.384891
60229 14.250814 12.157734
61049 18.556231 4.986557
75153 -9.187122 8.464140
81340 -9.204520 8.490862
55013 -9.180812 8.480535
98533 18.431189 5.129781
138901 -9.197981 8.433511
12118 -9.165629 8.428445
37833 -9.208333 8.464506
75123 -9.169121 8.358355
145041 -9.198588 8.478188
155824 -9.257524 8.410428
170829 -9.197900 8.436471
26336 -9.261543 8.352027
39893 -9.181307 8.441176
42569 -9.062284 8.503134
66646 -9.247548 8.518073
72619 -9.157497 8.415969
98218 -9.161839 8.447433
98520 -9.156048 8.391333
103359 -9.180356 8.380033
6966 -9.223903 8.481750
7784 -9.229956 8.451835
10701 -9.198996 8.406913
16147 -9.127251 8.393901
20394 -9.205106 8.438234
20600 -9.299937 8.429918
22543 -9.155453 8.421617
24881 -9.183204 8.427089
31559 -9.225019 8.430330
36041 -9.232720 8.489414
39471 -9.173635 8.453222
44402 -9.180185 8.472290
49977 -9.194166 8.437803
66109 -9.198442 8.502380
66420 -9.187486 8.469313
66772 -9.243980 8.461411
86355 -9.204469 8.461340
90679 20.696810 0.994933
92391 -9.152560 8.399624
98224 -9.188003 8.432254
101379 -9.156139 8.394382
104978 -9.159676 8.407479
112152 -9.141683 8.424879
117510 -9.135692 8.429826
125937 -9.206285 8.436949
130879 -9.231008 8.439567
131256 -9.166436 8.451737
132404 -9.204327 8.432985
148563 -7.017525 6.336234
158872 -9.181927 8.433813
4244 -9.175056 8.444807
44200 -9.196265 8.443914
45503 -9.176484 8.481618
57074 -9.193233 8.434755
68793 -9.144235 8.410773
79711 20.675703 0.951193
85381 -9.124866 8.460226
105927 -9.144046 8.392785
113671 -9.159237 8.378615
121327 11.214293 9.597847
129707 -9.171378 8.502051
149505 -9.226789 8.480241
13676 -9.199765 8.434462
32030 -9.129948 8.501798
73985 -9.173640 8.432951
120272 -9.196809 8.444585
5003 -9.153884 8.463800
34371 -9.178122 8.496264
51444 -9.174357 8.474986
66038 -9.205623 8.427635
80619 -9.181181 8.426889
92021 -9.121698 8.401822
96356 -9.173744 8.451147
98105 -9.117847 8.321630
101370 -9.199262 8.404254
110159 -9.179982 8.432539
149506 -9.181326 8.443306
171174 -9.263497 8.487565
4040 -9.166873 8.435002
30205 -9.171124 8.453211
32583 -9.221351 8.483991
37294 -9.033298 8.352627
57155 -9.200508 8.406001
58976 -9.192481 8.433168
66421 -22.429298 -3.362280
78363 -9.195168 8.464688
85379 -9.176321 8.557820
85380 -9.193486 8.436312
86619 -9.225482 8.470091
107606 -9.249808 8.466188
128409 -9.188899 8.423160
160590 -9.198420 8.409899
165225 -7.246471 5.875484
28234 -7.169442 6.712949
36183 -9.195454 8.510862
78364 -9.194973 8.460952
86966 -9.265576 8.467533
101588 -9.234242 8.390723
104947 -9.178643 8.475302
111873 8.289299 -16.315250
169247 -9.186000 8.454408
27863 -9.174335 8.454541
28065 -9.175247 8.451456
35984 13.284104 -13.634435
37625 -8.996371 8.453222
50496 -9.222359 8.499654
76111 -9.186840 8.453838
80727 -8.514770 8.255271
98463 -7.397467 7.340419
98891 -9.204427 8.475822
99647 -9.201171 8.419229
109323 -9.178003 8.448258
113709 -9.174974 8.453520
127251 -9.214011 8.403608
131294 -17.925976 -10.392817
133374 -9.194182 8.419411
143044 -9.197906 8.429121
144337 -8.874188 8.238384
162975 -6.770306 6.548376
163310 -9.139716 8.467411
153478 -9.188983 8.470294
43805 -9.258804 8.446001
65509 -9.220220 8.397142
93715 -9.200921 8.450075
148321 -9.150869 8.407530
1035 4.553100 12.665787
3677 -9.244572 8.402564
24636 -9.218166 8.415705
25229 -9.179793 8.425590
31966 -9.157058 8.402404
42347 -9.215503 8.491858
61986 -7.205595 7.011744
73062 -9.195331 8.458092
85384 -9.216812 8.479898
100267 5.355859 -11.982671
107605 -9.156150 8.455184
108129 -9.148909 8.446073
334 -9.217085 8.525590
4355 -8.898197 8.222038
10807 -9.244709 8.427502
10951 -9.165624 8.435197
18226 -9.227975 8.461121
21541 23.340868 5.265215
29412 -9.044196 8.332587
31631 -9.189567 8.462326
48029 -8.936792 8.221763
49776 9.734078 -14.426838
53464 -9.193177 8.447941
60785 -9.189022 8.428194
80457 -9.249404 8.376186
87820 -9.189692 8.410931
91212 -9.223482 8.389675
92924 -7.995499 7.695320
94430 -9.172448 8.488438
97808 -9.300339 8.527288
99546 -9.237642 8.435997
107901 -9.168704 8.444147
108362 -9.213691 8.427584
138878 -9.212500 8.408735
139193 -8.993316 8.475570
149416 -9.138157 8.398966
171002 -9.227746 8.430751
15313 -9.227796 8.398057
29296 -7.182782 7.450706
76542 -9.200603 8.456446
78691 -9.147891 8.379431
80547 -9.142278 8.478000
86615 -9.300376 8.481568
96912 -9.175862 8.515367
98099 -9.194624 8.407050
106830 -9.119053 8.397803
124990 -9.200719 8.419566
150318 -9.183684 8.443315
155319 -8.932765 8.378621
10950 -9.192400 8.468099
27183 -9.211854 8.466265
42781 -8.759178 8.168440
60188 -8.931837 8.302990
62861 -9.223538 8.492969
63345 -9.294748 8.493526
79975 -8.007821 7.699592
85383 -9.223271 8.446651
86782 -9.221026 8.424231
94120 -9.155785 8.405695
111636 -9.146523 8.502545
3054 -9.161385 8.421191
12880 2.378905 11.478565
26013 -9.207177 8.419038
34997 -9.197494 8.441003
37316 -9.186771 8.447654
41004 -9.377554 8.305568
53786 18.736259 5.515279
61580 -9.134985 8.479849
64513 -9.236447 8.413529
75854 -9.188190 8.468610
78361 -9.188566 8.430993
85386 -9.232253 8.428634
90785 -9.204447 8.455359
94440 -14.360973 -12.728714
97231 9.860085 -12.808879
104889 -9.286080 8.493690
125425 -9.193656 8.491411
156600 -9.266603 8.458268
161448 -8.325887 7.897725
8815 -9.476731 5.172451
34795 -9.176280 8.449430
57662 -8.647635 8.437382
64516 -9.153588 8.398111
73214 -9.179137 8.472820
113282 -9.237368 8.460716
120644 18.570538 5.365076
124643 -9.207247 8.399340
159985 18.486858 5.345180
3646 -8.885023 8.097507
6898 -8.974895 8.505610
47681 -9.188258 8.452787
58394 -9.077865 8.322887
74965 -9.297752 8.540410
75855 -9.209008 8.550009
85382 -9.205671 8.356198
118687 15.695142 -1.967231
124042 -9.206223 8.407452
137721 -6.988088 6.859537
143065 -6.552931 5.860895
150675 -9.149460 8.417450
477 -7.701653 4.683015
1102 -9.136663 8.432595
41203 -9.172866 8.427102
93538 -7.806980 5.329872
106900 -7.769989 5.175468
124018 -8.874014 8.435678
153994 -9.131810 8.353957
13106 -9.166285 8.458899
25125 -9.101464 8.248423
30499 18.748363 5.579563
47899 -9.212536 8.433961
59932 -9.195912 8.354677
75856 -9.227013 8.471594
107560 -9.168544 8.453971
126233 -9.109862 8.392808
131927 -9.361302 8.695407
147926 -9.220128 8.463892
13824 -9.167085 8.528996
18819 -9.147945 8.426062
45970 12.380258 -9.397854
74964 -9.220836 8.426094
86256 -9.208632 8.508288
147003 -9.111046 8.477829
170358 -9.219696 8.569228
18296 -9.184960 8.384740
47738 -5.960684 -7.252618
51988 -9.234597 8.459825
88219 15.718896 0.055574
89514 -9.216891 8.424409
110367 -9.049309 8.472084
133121 -9.160759 8.424062
163252 -9.188385 8.509177
18857 -7.343877 5.655684
21793 -9.281999 8.447845
43014 -9.000957 8.253664
72801 -9.193667 8.445160
107462 -8.006344 7.908528
141391 -9.180638 8.473328
143743 -9.142438 8.500931
146056 -9.153962 8.422017
152060 -9.157804 8.530000
157240 -9.197010 8.475001
6559 -9.226224 8.403246
13441 -9.244831 8.423153
21708 -9.160179 8.419306
27646 -9.220974 8.424408
28233 -7.178237 6.781350
29297 -7.337383 8.144602
32631 -9.181808 8.426349
99445 -9.204790 8.477987
103027 -8.189080 8.132132
104965 -9.181477 8.442846
142854 -9.235292 8.467619
152714 -9.190296 8.414739
168497 -9.255980 8.500842
168907 -4.257618 5.974201
