240
6204 -7.204443 3.904260
40997 -9.225182 8.301976
60443 -9.158972 8.418447
66365 -9.193909 8.523636
86588 -8.933064 8.316439
88168 1.411737 10.337514
92384 -0.871366 3.856108
155297 -8.513718 4.554942
169627 -1.957343 5.419786
170314 -3.863284 5.859485
16701 -10.265154 4.078588
18122 -15.459223 -10.493816
27364 -9.048281 8.359476
44206 -9.118585 8.360908
52683 -9.221651 8.417386
85336 -9.181688 8.409796
88364 -5.636490 4.882658
96677 -9.210224 8.455192
100860 -9.129790 8.378577
103169 -9.053447 8.536510
115219 -9.185389 8.465213
116304 -9.089381 8.245720
123565 -9.247988 8.477291
138120 -9.190326 8.377299
158181 -9.193651 8.412292
168793 -9.216647 8.426720
170094 -3.170968 3.760603
28153 -8.089119 4.920125
73862 -8.229513 1.927716
100861 -9.208506 8.401219
107204 -9.152812 8.365994
111201 -9.169728 8.480979
123835 -8.137973 4.959344
125777 0.272138 2.542639
144742 -8.210833 7.910724
160704 -9.218504 8.459869
20803 -1.219122 6.940336
26957 -9.246928 8.294400
31719 -8.750081 7.969398
37613 -9.195722 8.410945
55244 -9.113466 8.205304
57633 -9.223010 8.547542
84925 -9.088451 8.413249
146423 -9.194336 8.435514
153875 -9.248758 8.503121
162570 -9.634171 8.068312
13550 -9.263577 8.452349
17233 -9.173029 8.437656
17456 -9.182032 8.414666
26156 -9.333323 8.562962
31042 -9.204062 8.434251
49271 -9.114277 8.433908
72587 -10.758689 4.696576
72688 -8.942232 8.489779
82233 -7.082185 5.224155
84926 -9.179125 8.441370
86299 -9.219302 8.417074
89099 -3.442620 3.085558
91453 -8.487569 8.664354
100485 -9.171422 8.476776
100783 -9.146190 8.493474
110559 -9.026956 8.346620
123591 -9.138584 8.432428
131033 -9.137549 8.204678
147069 -9.230010 8.216744
161437 -3.813445 5.934595
162888 -5.820348 4.844480
70 -5.221555 -5.125542
9235 -5.669521 4.289474
25341 -9.104711 8.521967
30538 -9.116666 8.446654
31314 -9.180287 8.389627
37286 -2.800107 6.226913
47782 -5.634078 4.320684
56196 -4.524740 3.825762
72610 -8.970120 8.538950
78365 -9.210910 8.476625
81134 -2.336170 6.940021
86298 -9.238427 8.459817
86850 -11.496190 0.237678
91454 -9.214938 8.480484
101899 -9.163548 8.452996
111663 -9.695901 5.196691
123218 -9.039249 8.377107
142577 -9.247799 8.466120
148208 -3.651564 4.271429
160455 -9.179751 8.431247
160566 6.868839 -19.154829
1516 -9.181254 8.437849
18527 -9.226411 8.588853
23144 -9.074059 8.241676
26342 -9.266082 8.334366
31647 -9.200368 8.468772
31852 -9.278365 8.293921
32437 -8.924254 8.170959
40915 -9.230287 8.464886
49672 -9.145203 8.465249
52942 -9.157259 8.543212
53843 -9.162970 8.406919
56592 4.639105 5.408688
56933 -6.836057 3.127275
60357 -9.256584 8.266472
70203 -9.192820 8.148073
78666 -9.185975 8.476151
80992 -15.877184 -9.945197
85184 -9.228151 8.464746
102938 -8.638515 6.786339
103115 -9.145995 8.483998
106733 -9.233140 8.224239
111744 -9.184190 8.291511
112473 -9.109232 8.520334
121529 -9.197835 8.381831
123181 0.839784 -14.205592
139449 -5.180668 6.326048
147449 25.164698 7.835028
151120 -10.634657 4.241467
151480 -9.007609 8.325252
155874 -9.108161 8.346246
167133 -9.280032 8.373449
25054 -5.335922 5.711403
27873 -7.310943 4.046573
30031 -9.235855 8.511382
30150 -8.957017 8.171462
31093 -8.728931 4.605923
35131 -9.165032 8.448259
37366 -9.184248 8.459432
38387 -9.061720 7.115111
40176 -9.170320 8.460613
43665 -9.185593 8.454626
56353 -8.450468 7.008234
60971 -9.372958 8.266076
66347 4.394616 -29.217602
73387 -9.174095 8.440472
74379 0.308176 2.033658
83193 -9.339249 8.455074
86300 -9.123962 8.342374
90581 -8.030853 3.638364
109080 -8.896202 8.375644
110567 -9.178266 8.440125
115020 -8.302629 8.472988
117347 -9.165819 8.485822
123605 -4.744371 6.491940
125374 -6.837596 3.495332
126049 -2.262420 4.881653
136019 -9.141846 8.470535
138389 -9.228080 8.188434
140320 6.743795 -18.906630
143413 -9.111053 8.540696
143496 -10.152223 4.174525
144036 -9.131143 8.147882
144322 -9.168757 8.466528
151773 -6.690138 2.979520
160984 -4.812995 8.341710
12512 -8.816794 6.439197
20779 -9.149157 8.455009
21693 -8.712803 7.939470
21786 -1.542012 5.305991
23188 0.002178 0.748978
30462 -9.248306 8.372512
37369 -9.129841 8.426950
39122 -9.174747 8.360779
40217 -7.957210 2.043129
53709 -9.174363 8.418681
53857 -9.146274 7.855388
68225 -10.665832 4.000151
79923 -8.727640 6.927833
91291 -9.102731 8.196598
103454 -9.187038 8.454985
119228 -6.068063 3.551842
128776 -9.236132 8.477548
139085 -7.213319 3.828893
141788 -11.354172 5.922653
154524 -4.930616 5.456617
161057 -8.656746 7.355294
162689 -9.187339 8.386470
170799 -8.257140 5.717896
2439 -5.711789 -5.214010
6984 -8.586801 6.774572
10064 -2.264364 5.437865
15130 -5.875346 0.468581
20146 -9.184668 8.425496
25676 -8.979009 8.113317
28393 -5.865471 2.548676
43123 -9.206021 7.891322
51168 -2.017721 5.259579
56354 -8.494416 7.227993
58464 -9.177055 8.460657
60236 -9.246499 8.492249
72138 -12.865980 2.529880
74306 -8.839328 8.011852
81438 -9.193963 8.425569
86719 -1.870106 3.308221
92315 -9.085911 6.881742
99343 -4.890961 2.494780
100703 -4.516120 5.352868
108986 -4.791250 4.523016
109587 -9.444080 2.613252
112888 -8.219111 6.595000
118639 -9.076612 8.342379
119097 -9.198752 8.450050
121111 -6.588789 1.790973
121661 -9.431564 8.211488
125957 -9.072784 8.330935
139830 -9.129607 8.475656
160801 -9.224431 8.477767
161742 -8.642900 8.505863
164045 -9.008308 6.875325
169304 -9.342663 7.910292
592 -9.031736 8.407752
2894 -9.180572 8.460920
16892 -9.254909 8.615888
18451 2.708831 -1.090271
33088 0.948169 -0.299702
37367 -8.962973 8.370860
37368 -9.264598 8.507855
38015 -9.232508 8.487409
39281 -9.197854 8.414720
48544 -5.403128 4.351726
50816 -9.191627 8.466845
53710 0.083662 0.595178
60907 -9.404264 8.393385
61432 -9.186458 8.410654
62963 1.387016 -0.505008
68682 -9.184147 8.456240
69296 -9.036210 6.810142
69468 -4.433921 8.517873
80905 -9.181942 8.481157
95778 -9.176910 8.313400
107983 -4.839133 2.756405
117930 6.795974 -14.965316
119257 -3.755507 2.909193
120295 -9.298162 8.192019
123689 0.581051 13.582349
140138 -9.191797 8.408025
142072 -9.153692 6.255544
149464 -2.334169 5.144062
150403 13.506598 -13.144277
155159 -4.827929 4.575058
161853 -8.688943 -3.908321
163435 -9.142055 8.459018
