1563
146 -7.680508 4.341205
1385 -3.319010 2.493792
2067 -6.924625 2.708981
8173 -6.796490 3.561521
8916 -5.450675 4.132024
9091 -7.692981 -5.149956
10884 -5.699884 3.466289
11205 -5.239181 3.312614
11320 -6.279260 3.717933
11408 -5.288284 3.503913
12479 -5.328429 3.688386
14028 -5.298144 3.121004
14455 6.667653 -19.148060
14956 -2.899856 6.281601
15222 -9.261688 -0.362667
15267 -8.808254 0.563647
17819 -5.105070 4.224220
17941 -4.835743 2.914664
18647 -6.107173 1.751111
19145 -2.387119 -2.231286
19430 -5.571686 3.624705
22616 -4.093451 4.484631
24348 -5.255198 3.257054
25022 0.250851 2.080384
26590 -4.938920 3.052991
26766 -5.257435 3.629787
26865 -19.129389 -10.273296
28915 -5.401501 2.560890
29333 -4.846458 4.330215
30850 -5.792488 0.221702
32960 -5.181228 3.344263
33049 -3.571914 3.790525
34518 -2.525585 -0.560213
35686 -5.286371 3.330472
39017 -3.232064 2.896627
39517 -5.331619 3.289370
39639 -5.184244 -2.770345
39666 -3.093333 3.078920
41808 -1.300540 3.921204
41951 -3.802088 -5.991739
43927 -3.015229 7.178856
44606 -9.089153 0.327709
45280 -5.817698 2.319511
46508 -1.085129 6.471105
47725 0.407113 -17.629902
48511 -5.080070 3.755038
48904 -5.229840 3.302604
51059 -1.234909 1.379168
52079 -3.373745 2.777459
52096 -5.229876 3.275002
52739 -3.678455 4.424541
52762 -5.113761 3.184786
53096 -7.663225 -1.939299
53147 -2.366456 5.422039
53171 -5.168523 3.404680
53518 -11.567063 -2.191467
54731 -4.446853 -1.945233
54920 -4.631716 4.215270
55101 -5.238112 3.277354
55998 -1.759860 4.408388
57598 -5.585266 2.982902
58687 -5.293159 3.189668
60350 -5.038746 2.187797
61838 -6.202661 2.705822
62404 -2.095463 0.208381
62950 -5.392154 3.184246
63466 -5.352882 3.191085
63635 -5.434676 3.165749
64060 -0.778139 5.769893
65337 -7.443990 0.903358
65545 -8.818381 -1.207090
65715 -6.706692 2.862859
65798 -6.792902 1.844429
65999 -5.231547 3.766787
66226 -7.651021 -1.227368
66620 -4.947882 1.601690
68449 -5.412808 -2.330597
68983 -8.546102 -6.505384
69014 -5.312348 3.380059
69956 -2.283011 5.155890
70700 -2.588654 0.928362
71013 -3.417066 2.484346
71532 -5.485645 3.197072
74227 -5.190635 3.421984
74763 -5.355370 4.068679
74804 -3.509959 1.747753
75375 -0.579333 1.140242
76312 -5.091740 -0.214815
76475 -5.236242 3.532243
77451 -3.019230 1.714435
77470 -2.460251 5.039046
77858 -7.978803 4.368021
78060 -5.600881 3.838629
81247 -1.997423 0.567568
83764 -5.277887 3.282874
85488 -5.377182 2.799730
86420 -4.843383 2.416144
88488 -3.979949 4.900815
89006 -5.609139 2.951096
89401 -5.078360 2.432351
89836 -3.205592 1.755577
90045 -5.323583 3.336118
90595 -6.193537 2.664708
90742 0.173474 -15.522486
90775 2.080889 9.239805
92224 -2.270395 1.159279
93812 -7.742102 1.164624
94426 -5.162198 2.962305
95138 -5.496137 3.113891
95824 -6.194784 3.116265
96083 -4.988740 -2.025723
97488 -5.579633 1.223174
97528 -5.758915 -2.350053
97904 -6.590183 2.996650
100725 -6.542237 1.525432
101005 -2.267826 0.504948
102273 -17.176462 -8.269876
103081 -6.142571 3.060393
103113 -3.949436 2.616360
103527 -6.788794 2.323781
104035 -7.740438 1.776013
104150 -5.554972 3.488740
105694 -6.971066 2.769877
106294 -5.344151 3.441865
108754 -8.936856 0.749931
109708 5.218254 -19.151405
109943 -5.084427 4.611602
111079 -5.336267 1.991354
112516 -5.354606 3.381706
114568 -5.369362 0.744886
116381 -4.115119 1.901119
116479 -5.893152 2.666672
116839 -5.294278 3.418955
116845 -0.781376 3.726501
118237 -9.150732 4.456508
118811 -4.732175 3.777140
119343 -4.802449 1.046622
120767 -9.115416 4.013212
123993 -7.272988 1.046696
124784 -10.849260 -5.859087
124804 -2.337909 -3.051552
125740 -3.694829 2.531942
126564 -5.085033 2.821663
127437 -5.632453 2.869693
127673 -5.343476 3.475205
127916 -4.168827 2.512393
128662 0.348383 -15.466102
129247 -2.983313 -0.936885
129995 -5.630377 3.115412
130231 -5.370631 1.883476
130561 -3.201531 1.886193
130970 -7.842079 0.811225
131190 -5.397261 3.549358
131335 -5.230759 3.450995
131525 -5.966297 2.905499
131799 -4.386117 -3.302431
132578 -6.583168 2.508367
134269 -4.828831 3.889828
135309 -5.852841 2.925763
135888 -5.243486 3.548350
136108 -5.345205 3.277584
137172 -11.606442 -2.225157
138064 -5.300305 3.399480
138122 -5.363907 3.367265
138231 -2.618686 -3.159062
139221 -4.646846 4.105367
140092 4.721280 -18.602207
140710 -5.557611 3.487675
141624 -4.944725 2.898697
143629 -4.051527 2.717516
144247 -6.336639 3.125396
144498 -2.415172 -5.719349
145028 -5.488959 3.215981
145543 -9.173434 -1.696267
146022 -6.081785 2.649809
147396 -0.593676 3.766508
147498 -4.217688 1.655344
147775 -8.389895 3.437122
148349 -5.249115 4.268747
150758 -12.204433 1.978010
153642 -5.055256 3.356480
155322 -2.777541 0.335103
156331 -2.256955 3.856488
156430 -9.757143 4.867239
156648 -7.170756 5.248854
156955 -5.817911 0.505942
158572 -5.851140 3.360828
159165 -5.226933 3.272467
159405 5.457662 -1.265014
159769 -3.381727 6.473245
161686 -5.407943 2.794086
161704 -5.450574 3.827407
161937 -8.484457 -3.626915
163021 -2.295310 -2.918347
163325 -2.973927 -3.667955
163675 -5.090654 7.729586
165435 -6.727143 -0.418816
165852 -7.138854 2.575501
166999 -7.728367 2.918181
167369 -0.144048 -0.131244
168066 -1.719505 3.435175
168784 -5.561755 -5.603532
168889 -5.182243 3.205647
169203 -3.939269 3.004527
169481 -5.107596 3.561623
169632 -6.830257 -0.638765
171321 -3.986167 -6.282194
1078 -3.459131 3.761550
2506 -3.173965 3.873166
3765 -0.677016 2.046223
4311 -5.183699 2.898286
4568 -10.337134 3.853954
4986 -5.393887 4.168581
6420 -4.496050 4.031632
6728 -4.320204 3.319713
7233 -18.659275 -5.674774
7667 -4.776845 2.503543
7996 -8.898815 0.585951
8898 -7.530096 -5.598288
10477 -5.437228 -5.005651
12071 -8.886453 0.591009
12128 -2.428486 1.177042
13436 -5.962050 3.060622
13644 -3.023856 -5.838056
14014 -5.165439 3.436554
14509 -0.691230 2.094300
16779 -4.852051 3.205781
18248 -4.647732 2.194926
18617 -6.072983 2.524080
19083 -5.468160 3.444008
19622 -5.983346 3.240655
21024 -7.962405 1.862972
21961 0.674917 -15.965938
22240 -3.707974 8.383688
22899 -11.180911 4.005950
23587 -4.652424 3.362425
24597 -5.393910 1.050912
24758 -5.190231 3.429649
24920 0.561049 -1.048497
25870 -5.131286 4.309729
26214 -5.209032 3.498066
26936 -8.822481 6.374045
27001 -5.242687 3.423609
27002 -6.899500 1.488527
27214 -5.139344 2.722990
27400 -5.310028 2.846654
28381 -3.134035 2.791673
29231 -7.582253 1.887288
30265 -5.980189 3.775563
30792 -5.605317 3.208745
30916 -5.594893 2.807374
30920 -6.693952 1.651894
30984 -1.901365 -14.088215
34252 -2.929332 1.519165
37436 -6.204513 -0.248411
38275 -5.179872 -2.267432
40263 -5.056844 2.692873
43086 -5.181071 3.034588
43302 -2.763855 3.124568
43431 -5.594635 3.215443
45055 -7.345005 0.742562
45064 -3.708860 4.557444
45107 -2.260514 5.200810
45442 -5.187061 3.284170
48724 -3.322027 -0.497843
48731 -10.190387 0.043412
48747 -10.760792 -0.209348
51013 -4.883645 3.541053
51721 -4.746931 2.212075
51994 -2.734779 1.200282
52581 -5.260426 3.272000
53863 -4.905241 2.653402
54663 -5.240202 3.315296
55621 -8.362411 -0.971341
55920 -5.036500 2.189862
57664 -5.039659 3.040537
57727 -6.663236 -7.229157
58121 -9.111031 -1.744898
59748 -2.323684 -1.543886
60317 -5.199389 3.287331
60432 -2.897227 3.005267
60774 5.178832 -24.867708
61342 5.137970 -18.978134
62004 -7.284144 2.670836
62594 -6.540840 1.411379
62797 -2.510102 -2.674011
63313 -5.257820 3.322102
64098 -8.114889 1.798995
65189 -5.270882 3.248614
67392 -6.154913 2.980623
68443 -5.248337 3.417025
68772 -5.282900 3.460068
70649 -5.319562 3.342550
74052 -5.249068 3.324287
74309 -5.229633 3.407913
74327 -5.395142 3.226559
74649 -7.729449 -1.083018
75392 -6.623878 2.344672
75747 -5.454113 3.303524
77555 -0.646148 1.305333
77599 -11.998373 4.072831
77654 -3.576912 3.919437
78512 -6.032630 3.237971
78552 -5.936532 2.364900
79002 -5.161184 3.418113
79006 -6.130110 -7.556988
79108 -5.278893 3.589185
79147 -5.453156 2.175924
79360 -3.672765 4.807584
80344 -5.186684 3.346032
81855 -2.869977 -0.962496
81893 -5.485918 2.970128
81984 -3.624304 6.232923
82909 -3.841677 3.286679
84730 -8.175219 0.996295
85017 -2.634289 5.014324
86150 -3.438312 2.696357
89245 -1.303598 3.967761
89784 -4.149652 7.922121
90503 -3.630441 2.625979
90703 -5.275217 3.124556
90951 -7.343603 0.544818
93651 -4.806276 4.422349
93739 -5.998552 1.832955
94529 -2.290796 5.073286
95315 -4.901546 2.705283
95541 -4.190757 2.774245
96299 -5.325114 3.082090
96434 -1.746387 1.628359
96779 -5.230607 3.309429
96943 -0.334842 -0.074479
97197 -4.253313 3.244699
98568 -6.683152 -1.266679
98711 -4.971456 1.088654
99314 -4.066838 3.376899
101395 -6.063557 3.139865
101784 -1.744570 5.171869
102051 -5.191171 3.472208
102503 -3.454120 8.291443
102811 -5.983453 1.203295
103405 -5.607186 3.173897
105257 -5.700376 3.120316
105771 -1.022697 3.594828
105928 -3.622179 3.971692
106892 -3.647143 3.952796
107546 -5.520422 3.432629
110415 0.219191 -15.259292
111822 -5.592267 3.424583
112449 -5.428117 3.224509
112657 -5.714350 2.721911
112816 5.476524 -18.999252
113389 0.086775 -10.026508
113989 -19.719843 1.657424
114084 -5.420185 3.152705
114514 -6.765785 3.139987
115470 -6.843175 2.886276
115717 -5.142790 3.747203
116135 -7.521652 1.276253
116531 -5.339255 3.532876
116607 -4.882127 -0.252164
118129 -10.440245 -2.446892
120805 -7.340179 0.827590
121617 -3.134439 2.953390
121817 -2.036633 -2.420326
121832 -3.386928 2.244246
121850 -7.220255 -5.804852
122206 -4.211016 2.217066
125063 -5.195714 3.522466
125808 -5.308308 3.372905
126125 -5.248437 -1.365779
126207 -6.985139 2.885441
126508 -5.292386 0.938396
127686 -5.630379 0.206682
130468 -5.537436 3.607627
130470 -6.227451 3.013602
130688 -6.703490 1.499162
131058 -4.200415 3.005509
131105 -6.191191 3.883140
132839 -6.440735 2.644229
133816 -6.627605 2.684055
133845 -4.706203 3.743718
134336 -3.214470 3.718947
136577 -5.469041 3.197177
136727 -5.317258 3.608850
136914 -5.235327 2.913082
138011 -6.312002 2.564134
138807 -3.280597 1.647680
138881 -6.287964 2.953009
139562 -6.105300 2.964985
139982 -6.023434 2.512567
142249 -4.607164 3.477896
142332 -5.984064 2.801818
143613 -3.177272 2.275429
144009 -6.090448 2.007046
145720 -5.492441 3.486957
151005 -10.425422 -0.248597
151026 -6.341042 3.011279
153027 -5.098751 3.404965
153223 -3.621042 2.873488
153483 -5.644650 -5.795517
153501 -4.179486 4.248679
157409 -7.813161 -2.908669
157553 -5.502463 3.366414
157614 -5.494861 4.343522
158706 -3.426552 3.434584
159638 -5.307020 2.922740
159652 5.603466 -18.857313
159755 -5.831345 3.903211
160803 -4.965645 3.462916
161495 -6.930705 2.716561
161581 -3.518713 -3.260329
164083 -8.446368 8.566899
165095 -8.665350 6.556269
165310 -4.014178 0.802337
165655 -3.454822 4.143392
167048 -7.208547 2.734797
167287 -5.017293 3.486493
168246 -3.764781 2.696021
168440 -3.678184 2.961821
169250 -5.282916 3.578307
170450 -1.932217 -5.656492
170501 -6.328172 4.355605
3139 -6.654772 2.705085
4114 -3.017485 -1.922291
4126 -5.972987 2.376418
4332 -10.370166 -0.370651
5616 -5.023150 3.229895
5635 -4.858747 4.053051
5839 -5.176489 3.424567
6260 5.615522 -19.182955
6747 -8.898826 -1.473710
8280 -3.187851 3.259890
8302 -5.251287 3.065363
8531 -5.234912 3.437625
8685 -5.162999 3.329820
9596 -4.402168 3.855282
9624 -5.115391 3.110462
10147 -5.366812 3.581196
10503 -0.979374 -16.013266
11859 -10.745959 -0.354161
15883 -4.867065 2.754247
16060 -5.076365 2.999550
18995 -7.918443 -3.412183
19699 -5.007447 3.132264
20079 -1.166352 3.558031
20116 -3.664952 2.344430
20722 -5.581267 -2.731897
21064 -7.340729 3.361992
21530 -2.413048 -2.370757
23291 -5.303358 2.841511
26026 -4.778754 3.623454
26221 -4.892447 4.681865
26443 -1.919879 -13.695906
27053 -2.216118 -2.110353
27902 -3.485608 4.219998
28253 -2.540938 4.959636
29125 -5.648731 0.537076
29149 -5.169382 3.412155
31858 -5.094896 3.233366
32709 -1.464743 1.490342
32964 -0.925929 1.856853
33062 -5.091012 3.383859
33337 -4.077384 5.307925
33495 -1.672316 -1.781304
33630 -3.481225 7.230094
34599 -2.680435 -2.322082
34905 -3.601533 3.946151
35163 -5.167527 3.162493
35687 -7.584625 -3.394654
36141 -5.196878 3.282384
36323 2.867424 2.113196
37348 -4.323764 2.423581
37955 -5.975826 2.939081
38357 -5.918511 -3.296279
38737 -5.227568 3.307395
41009 -6.099312 1.381311
41132 -2.264244 3.233031
43991 -1.374452 4.245778
44437 -0.465889 -8.359161
44637 -4.950973 0.288666
45294 -4.621971 4.912173
45441 -4.510619 2.796787
47543 -5.770506 2.242836
47608 -3.436187 4.064779
48765 -3.716388 3.737853
49080 -5.066483 3.350355
49235 -5.887845 2.772485
50256 -4.849597 3.521335
50271 3.710836 1.508151
50413 -3.615686 3.766799
51905 -9.787706 4.902908
52671 -5.909047 1.615789
53338 -9.815074 4.770736
53676 0.379881 4.065566
55005 -3.120335 2.627980
55333 -5.181100 2.173554
56653 -5.985492 1.075070
56960 -3.466696 2.970618
57445 -3.582839 1.311847
57523 -5.230884 3.468084
58313 -6.861571 3.291219
59421 -2.785375 -3.231129
59818 -4.770020 3.153878
61167 -5.244886 3.306723
62352 -4.782799 3.086717
62373 -5.422397 2.712594
63165 -3.138906 2.963138
63582 -4.879592 2.647052
64152 -5.129395 3.545475
65381 -5.173270 2.937016
65687 -5.130290 4.377155
68466 -5.201459 3.326271
70392 -5.286280 3.392048
70601 -2.526141 -0.634634
70943 -6.525646 2.424183
71753 -5.037905 3.134255
73687 -10.431466 0.477809
73966 -4.505255 1.963762
76115 -0.725959 3.717577
76125 -3.312912 -3.013681
77522 -6.223699 -1.353072
77686 -3.805775 7.375021
78633 -7.186274 0.904546
79550 -7.746265 3.044376
80528 -3.789505 2.682034
81195 -10.605289 -0.159858
81704 -3.685921 3.785388
83844 -3.797884 5.824900
84008 -5.024510 3.200618
84621 -6.308516 2.470584
85175 -5.145960 3.461378
86145 4.735318 -2.503894
86502 -3.954916 3.330081
88926 -4.999548 3.542567
89411 -5.000454 3.080624
90619 -3.869242 2.814876
90652 -4.753769 -0.425694
91194 -6.714111 -0.802641
92281 -5.147089 2.718099
92522 -5.291645 3.228371
92981 -2.396925 0.186955
93220 -5.415601 3.170889
95608 -13.247790 2.929447
96184 -4.820488 1.321635
96364 -10.052200 -0.193585
98350 -5.576841 2.114197
99265 -4.976944 3.272266
99684 -5.023238 2.660698
99937 -2.629202 -1.800043
101452 -9.144914 -1.731051
102069 -0.157569 -13.747853
103565 -9.595377 0.966479
104932 -5.357800 3.585569
105578 -2.278061 -0.598493
106716 -4.833974 1.707818
106776 -2.210601 1.045436
106913 -0.692009 3.678559
106993 -2.580616 -3.207284
107808 -5.996351 3.110873
108341 -3.722703 -3.076755
108767 -4.764682 1.203425
108888 -5.663275 1.049671
109324 -5.077632 3.112949
111122 -3.702219 4.589599
111459 -5.096011 3.124149
112483 -5.352196 3.670017
112518 -5.406003 2.376445
112710 -5.372030 3.118492
112790 -2.553096 -0.323720
112881 -4.904709 3.260803
113055 -7.208682 -5.381102
114613 -6.056403 2.466647
115921 -2.827535 -2.066061
117875 -8.528582 0.081856
118438 -3.618027 3.477867
119187 -4.968521 2.511144
119668 -6.693242 -7.110213
120904 -3.508650 4.085430
121158 -5.197044 3.132781
121175 -0.186215 3.687797
121280 -5.162630 3.348924
121338 -2.836754 1.130939
121430 -6.345746 -0.520257
122177 1.109177 9.908381
123281 -2.585046 4.952137
123905 -6.389883 1.351575
124484 -1.021044 3.667575
126052 -5.015097 4.394669
127975 -4.965346 -2.458940
128294 -7.216292 2.884785
128412 -3.799663 0.887326
128694 -4.975621 3.560875
129198 2.845894 2.042538
129687 -7.092897 3.417365
130264 -0.576984 -15.398351
131312 -4.784604 2.707150
132062 -3.765910 1.343329
132486 -6.106613 1.562774
133464 -2.495358 2.891311
133756 -5.303365 3.257943
134602 -0.648044 0.924968
135405 -5.468679 3.367870
135406 -5.469637 3.288282
135407 -5.171795 3.549502
135408 -5.126150 3.385460
135409 -5.297498 3.522744
135410 -5.354126 3.607277
135411 -5.211136 3.660554
136116 -5.952448 2.550842
136211 -6.521134 3.503604
137002 -5.298580 2.777000
137557 3.047130 -17.280586
137797 -5.739151 0.713961
137920 -4.891581 3.438928
138801 0.437809 13.748473
140180 -4.928677 2.407965
142308 -3.729260 3.982688
142760 -5.585325 2.921631
143132 -4.115692 5.173948
143288 -5.233604 1.118137
143465 -5.049114 3.271359
145578 -7.534759 -5.644241
145597 -5.026450 3.269039
145732 -3.635798 3.566281
145743 -6.636271 2.473594
145777 -0.369926 -14.652063
145791 -2.982997 9.205240
145897 -2.700082 3.011974
146054 -4.346872 1.730091
147305 -0.191676 -16.590427
147575 -4.788434 3.798792
148105 -5.021654 3.220430
148317 -3.136829 -3.157620
149689 -4.571984 -2.780436
149767 -5.110898 2.309956
149959 -4.000228 1.482755
151616 -4.980193 1.406883
152636 -2.864273 -3.350909
152827 9.612101 -12.580971
154486 -5.173139 3.691364
154561 -5.068933 3.286973
155338 -1.806825 -14.073048
155907 -4.830287 3.250733
156059 -4.983522 4.248031
156273 -5.098590 3.347897
156315 -3.086220 -5.798680
157469 -0.868763 3.770451
157962 -4.848535 2.860084
160685 -2.773185 -3.424531
161624 -3.071784 -2.604648
161779 -4.838518 2.774494
163017 -3.609377 8.273618
165588 -5.262042 3.303391
166367 -0.937163 2.265048
167158 -5.615586 -1.873251
167340 -6.515709 3.095781
167485 -5.128072 3.415812
167623 -5.179696 3.046308
167761 10.590136 3.573943
167879 -4.963081 3.027065
168226 -4.966099 4.384200
168425 -5.024880 3.496392
168979 -4.658254 3.079313
169527 -1.182137 3.869220
169548 -5.655220 3.275305
169691 -3.862957 2.351050
171236 -3.487972 1.987163
172731 -4.796059 3.551461
1728 -4.849832 3.534966
2180 -5.416029 3.458111
3884 -1.274089 -1.056712
4277 -5.168420 3.131752
4602 -4.992774 3.161619
4620 -4.487460 2.559028
4870 -4.744867 2.461149
5413 -1.108935 3.661082
5678 -4.592176 4.348923
6970 -10.175413 3.572789
7023 -4.289578 1.429257
8441 -1.032712 0.932513
9632 -3.914688 3.499252
9802 -2.362188 -2.155153
10988 -5.647843 -2.766558
12067 -5.639976 -2.367786
12382 -5.112616 3.294655
12400 -5.207345 3.340111
13308 -2.692954 5.054460
14130 -5.167870 3.369374
14924 -3.261726 3.264572
16076 -5.100381 3.464712
17438 -3.458171 -2.142997
17851 -4.741097 2.392221
19315 -4.819278 -0.407287
19656 -5.118281 3.173378
19804 -5.094308 3.217278
19978 -5.045338 3.120668
21607 -4.450044 -1.829269
21625 -3.552299 3.614359
22283 -4.301876 3.194043
22285 -7.866812 2.394434
22344 -4.891199 3.950107
22352 -11.553504 -4.657107
22423 -4.536855 5.118248
23385 -8.575964 -4.881652
24139 -5.136630 3.251873
25389 -6.753201 2.530455
28332 -5.035419 3.209327
29049 -4.933364 3.723137
29318 -1.026893 -16.694971
30148 -5.155440 3.180879
30255 -0.679918 2.120131
30570 -3.844534 -1.412698
31541 -3.873098 2.402583
31714 -1.272816 4.035129
32540 -3.538780 2.264017
34794 -6.243387 1.338721
34883 -5.279694 3.490613
34925 -6.013026 3.171730
35123 -6.205586 4.143542
36732 -5.050003 2.934568
36953 -4.149507 3.256491
38411 -5.059083 3.179992
39193 -7.695370 -3.385932
41323 -5.114424 2.691262
41395 -13.234924 2.980992
45298 -5.060696 3.244735
46424 -6.995407 2.578657
46505 -5.040778 3.397611
48542 -5.212660 3.123522
51543 -5.212462 3.574785
51818 -4.862434 2.912088
52523 -5.009441 2.950339
53926 -8.427793 -2.074650
53965 -3.087628 3.136911
55026 -5.782675 0.001677
55138 -4.640551 2.730289
55444 -3.758712 3.899159
55938 -5.083514 4.574770
57173 -5.573729 3.993992
58742 -4.054037 3.999442
59761 -6.036499 1.385762
60614 8.738016 -9.833576
60883 -4.612784 -0.841670
62638 -6.026484 2.939023
62843 -5.087871 3.193075
65937 -5.428210 3.224669
67295 -6.906346 4.638959
68052 -7.683957 0.882281
68064 -3.804132 4.592259
68289 -5.306531 3.493224
68290 -6.414177 -0.406387
69451 -4.821392 4.708652
70549 -0.705420 3.808936
71543 -3.066579 -0.933511
71771 -5.253121 2.235016
72883 -7.750733 -2.354318
73852 -4.859354 4.133296
74103 -5.323911 3.428065
75018 -1.797045 -14.241863
75142 -5.418649 3.345400
75216 -5.146688 3.461928
76970 -4.513158 4.940955
77611 -6.113886 3.530747
78233 -1.818936 -1.243549
78508 -5.006094 3.423761
79364 -6.076464 2.212393
79889 -5.053746 2.853004
81226 -5.065428 3.185742
81917 -2.562122 -3.077272
83767 -1.100321 3.844395
84123 -2.400230 5.095162
84532 -5.236710 3.687755
85049 -5.933150 2.862845
85396 -0.657704 -2.312038
88452 -3.020704 -3.259587
88839 -7.386313 -6.720572
88958 -4.455185 1.946583
89607 -6.156137 2.430486
91228 -6.944273 1.421817
93933 -4.616624 1.365831
94185 -3.588732 2.349002
94689 -0.608461 3.536669
96995 -4.470029 3.596470
98215 -5.283286 2.180180
99809 -4.652150 -2.710851
100225 -2.935442 2.907949
100441 -5.147648 3.790589
100505 -1.139849 -15.020193
100712 -4.743899 3.547233
100760 -4.476036 2.392839
101243 -7.338787 -6.526871
102593 -6.257368 1.899346
102713 -2.872337 9.359084
103779 -4.422855 3.942343
104672 8.686110 -7.391922
105849 -5.107658 3.042160
105968 -0.574893 -14.817375
107010 -4.894844 2.317236
108490 -5.278888 3.388368
108550 -3.778368 3.236390
109357 -2.554665 -1.192765
109484 -6.014724 3.161312
109686 -5.246614 -0.127496
109959 -5.402048 4.111158
110081 -5.784771 2.209675
110537 -9.435356 -3.601029
111168 -3.503545 3.282493
112104 -5.040564 4.399534
113084 -4.789587 4.453188
113301 -3.717222 2.867850
113967 -2.047003 -2.495542
115002 -3.325339 2.268866
115100 -1.276707 3.921061
115221 -3.782078 1.713188
115862 -0.209132 3.734952
116182 -3.725322 6.396962
117066 -6.009125 1.396422
118991 -4.919001 1.496392
120039 0.394515 -1.099323
120142 5.300961 -1.991239
122242 -5.132694 3.119676
123863 -3.728337 2.181006
124622 -3.694771 3.435091
125183 -5.183306 3.362794
126062 -3.447756 8.028990
126239 -3.047984 -2.565345
126405 -3.794282 2.452563
126683 -3.056205 7.615459
128087 5.491277 -18.975033
128830 -5.130353 2.968766
128872 -6.305020 4.082951
129312 -4.916474 2.292660
129609 -4.173708 3.653218
129986 -5.610589 1.271001
130746 -5.262024 3.384073
131236 -5.118948 3.224421
131813 -0.347917 0.750883
132791 -2.775972 -4.015663
133621 -1.631308 3.512742
134153 -8.449070 0.958602
134295 -7.428123 -3.100267
134621 -4.874044 3.192852
136711 -4.907378 2.448183
139799 -5.421954 -5.003488
140066 -5.721693 2.899755
142962 -4.820765 2.602123
143028 -4.967369 4.050838
143047 -4.829493 3.738881
143280 -6.991855 2.043533
143523 -4.010333 2.570049
143945 -6.164526 2.468421
145687 -4.943526 3.075955
145794 -5.632424 4.029789
145902 -3.031429 -2.937558
146480 -4.678696 4.001934
148797 -8.865419 -1.377525
149036 -2.697124 -2.426320
149176 -3.295799 -2.533001
149786 -0.164309 3.539771
150185 -5.047833 3.349530
153340 -10.864394 0.370074
154184 -5.219089 3.435724
154501 -5.160353 3.246132
155221 -6.139475 -6.598792
155577 -0.018994 0.752720
156448 -3.332193 3.503668
156969 -8.836363 -2.212944
157446 -6.122092 -1.481086
158534 -10.620425 6.701077
159578 -3.399364 -2.439626
160293 -3.091814 3.105595
160299 -12.222157 2.513113
161228 -6.765843 -6.916331
161629 -5.794664 -4.684117
162696 -10.090500 0.092382
163266 -5.147139 3.409712
163278 -4.744248 3.170604
164728 -3.630552 3.883343
165800 -3.460643 3.657772
166092 -5.327923 3.199349
168164 -7.277398 1.778398
169082 -5.178125 3.265524
169477 -3.849456 3.419022
169605 -5.765258 2.152568
169658 -1.047588 3.622957
169941 -4.738065 3.274714
169964 -0.549726 1.924956
170051 -5.088440 7.892712
170327 -8.981602 -1.567398
493 -5.163737 3.475106
649 -5.019058 3.264427
732 -5.228650 -2.649692
1999 4.906590 -18.070904
2845 -10.334344 5.169215
3275 -3.843368 2.467555
4445 -5.206357 3.396100
5852 -0.540891 1.173255
8126 -8.759575 6.562125
8236 -3.422549 2.371425
8869 -5.195093 3.420127
11310 -1.157501 -1.134827
12155 -2.965181 7.373265
13213 -0.699854 3.723156
13636 -5.359417 4.001153
14330 -4.496545 -2.029956
17093 -5.033123 2.175966
17491 -2.812326 -2.330257
18134 -4.196300 3.240796
19612 -3.782115 3.932700
20433 -4.248350 -1.864896
20823 -5.337424 3.158402
20828 -4.985416 3.674442
22852 -8.317720 1.675745
23017 -5.047050 2.887639
24206 -2.251184 0.980063
24795 -5.044055 3.464358
25447 -6.271489 0.084950
25953 -8.232219 -6.021382
26256 3.683235 -0.044319
26904 -5.080918 3.362264
29582 -6.232508 3.725682
33255 -9.639266 1.235760
33945 -4.589517 3.960660
34869 -7.153302 1.811404
34951 -5.519457 1.949523
36133 -5.430418 3.539814
39359 -4.670909 3.999067
41093 -5.157037 3.185840
42041 -4.808332 3.825019
42541 -6.429784 3.114429
43901 -5.022503 3.219419
44025 -3.760912 2.193062
44377 -7.111442 5.815936
46323 -1.022036 3.661799
46352 -5.158367 3.277612
48099 -4.429315 5.830099
48742 -5.210532 3.336638
50324 -5.067488 3.300066
50700 -5.408318 3.628979
50750 1.294881 5.352115
52831 -0.472473 -2.674835
54878 -8.311395 -0.719472
58864 -3.300368 3.216505
59702 -2.240652 0.173234
59827 -0.858620 3.595608
60023 4.570454 3.438455
60623 -14.961402 18.014975
60969 0.660663 -1.423727
61693 -4.907499 3.063398
63386 3.888046 1.513350
63816 -5.028151 3.975640
64117 -3.232327 3.434750
64172 -4.711847 3.199021
66014 -4.984257 4.897144
66282 -0.255888 -17.278481
68614 -5.620975 2.839433
69099 -5.871636 -6.252962
70199 -8.650656 0.665820
70977 -4.525467 1.903334
70982 5.008959 -18.918453
71597 -5.183661 3.308060
72537 -4.921786 3.673057
72963 -6.610741 2.221367
73022 -5.225554 3.216349
74321 -7.437099 1.924899
74515 -6.768735 -0.573718
75646 -2.233569 0.731531
76100 -4.396297 5.163495
76480 -11.646913 -4.924716
76541 -7.088368 2.506444
77632 -3.304801 -2.948457
77756 -0.482384 3.715404
78149 -1.143334 3.660674
78735 -1.377471 -15.043425
79018 -8.421613 5.288660
79278 -3.967190 2.891042
80722 -4.740701 2.287874
83812 -5.534208 2.290705
83996 -3.868609 3.777389
85146 -5.289570 -2.291617
85419 -6.283036 2.628073
86287 -8.819561 -2.265214
86581 -4.300159 3.471089
87888 -5.284235 3.174799
89513 -5.316844 3.514773
89719 -4.838837 5.191378
90310 -5.517488 -2.342269
90693 -5.149700 2.679425
91028 -5.379268 -1.649061
92584 -10.294248 3.446126
93057 -3.313910 -1.840656
93352 -1.452614 3.675042
94650 -4.879107 -2.809896
95052 -2.777250 -3.520689
95491 -6.060438 -1.846282
95734 -2.489490 -0.153454
98309 -2.708537 -3.258788
99231 -0.557366 3.808373
101493 -7.089826 3.420599
103784 -5.116621 2.013597
104067 -5.950491 3.539665
104924 -6.336658 3.161657
105448 -5.262568 3.260189
106427 -2.576729 -2.226570
106699 -0.839863 3.705596
107109 -5.142754 4.201397
107583 -6.136558 2.373729
107840 -5.176185 3.334121
108793 -5.947321 2.411638
109228 -3.456729 6.138580
109254 -2.650390 -3.398388
109386 -5.237599 3.396342
109443 -6.002917 -2.536865
110089 -4.891079 -0.377562
110812 -4.667582 -0.378376
113444 -6.359473 -0.003993
113578 -5.175241 3.329602
115731 -6.131883 2.952783
116792 -5.061969 3.112563
117141 -3.563150 5.783360
118054 -6.422394 2.398552
118686 -3.941979 3.421674
118988 -0.439265 -14.377501
120439 -5.466603 4.190909
121554 -1.392058 3.749463
122595 -4.837158 1.959194
124200 -2.403749 4.914711
124615 -5.118742 2.900932
124623 -3.569868 2.870892
124766 3.734856 -0.479716
125387 -4.682461 2.913078
125559 -8.331841 -1.641118
125865 -5.146694 3.303274
126004 -1.457731 3.515359
126123 -4.871615 3.018763
129487 -4.991041 3.310324
130581 -3.013742 -2.894484
131182 -0.639931 -14.584553
131679 -5.038656 3.171620
133001 -3.677362 6.464285
133020 -5.843502 3.805185
134100 -5.710481 3.940986
134290 -6.232491 0.221543
134637 -0.073238 -2.353983
137163 -4.888269 -0.231396
137736 -4.733440 2.375260
138663 -7.965927 -2.377396
139165 -1.658957 -13.884335
139454 -5.772899 -2.934522
139926 -4.944942 5.400641
140112 -5.178246 3.280691
140695 -7.413795 -3.462880
141555 -1.781022 0.604381
142681 -4.948722 3.739482
143272 -10.481739 -0.280750
143866 -3.690233 2.825071
144256 -4.902390 3.074620
145867 -3.034568 9.258571
146429 -1.841401 -14.160700
146431 -4.939209 3.687309
146714 -5.168215 3.448865
146825 -2.347957 4.925632
146901 -4.325670 3.823219
146962 -5.451549 2.613606
147057 -10.660357 -0.091292
148142 -4.576734 3.730239
148687 -5.124529 3.349454
149479 -4.904132 2.761705
149662 -10.700233 2.951487
151586 -4.502883 3.625732
153533 -3.553373 4.234909
153850 -5.826408 2.741584
154917 5.949100 -0.423240
155161 -5.457028 3.156733
155326 -6.091293 3.397416
156761 -6.252166 3.537882
157877 -5.257787 3.416218
158752 -3.114541 -0.641519
159602 -4.932191 3.313559
159963 3.291306 -1.651282
159975 -8.896524 1.858479
161018 4.729815 3.529995
161215 -1.924763 -14.030045
161761 -3.652963 3.193199
162708 -5.345485 2.902992
163574 -3.330056 3.552928
164344 -5.006176 3.242190
165465 -4.004504 3.289456
166081 -6.646617 -1.268868
166264 -3.080955 -2.785905
166405 -7.075738 1.669322
167565 -6.773269 2.535684
167746 -2.287566 -4.440037
168321 -3.726055 6.118472
168399 -5.120273 3.366508
168638 -3.466099 6.800410
170153 -6.727530 3.437543
170978 -5.115776 3.888598
8279 -5.343536 3.341886
52174 -5.905047 3.855711
115349 -0.211120 -2.050646
149418 4.642418 -18.544317
171396 -9.005898 -1.593914
173465 -3.100198 -3.437026
173466 -9.895568 4.612957
173467 -1.718803 -14.270444
173468 -8.053063 3.469738
173469 -3.312269 3.097895
173470 -0.167780 -8.279661
173472 -4.365163 0.625669
173473 -6.761307 2.674845
173474 -3.454182 2.013977
173476 -5.057646 5.268093
173477 -5.309508 3.618872
173478 -5.260105 -2.285472
173479 -9.003558 4.693781
173480 -5.075411 3.495101
173481 -7.633012 -2.432232
173482 -9.702093 -3.142097
173483 -5.451404 3.989031
173484 -5.542838 3.166167
173485 -5.443233 3.571570
173486 -5.429678 4.232278
173487 -5.567224 2.986106
173488 -7.236459 -5.415033
173489 -3.758700 4.254386
173490 -3.657778 6.305799
173491 -9.958628 1.478237
173492 -6.050880 3.001458
173493 -1.273030 3.539599
173494 3.468022 -1.711839
173495 -4.913373 -2.123844
173496 -3.861267 -3.467595
173497 -5.598176 -5.721111
173498 -14.873471 17.933912
173499 -0.728673 3.764813
173500 -10.002319 1.939416
173501 -3.644513 3.792518
173502 -16.881319 -8.170452
173503 -4.989983 4.165275
173504 -1.450263 -0.949512
173505 -14.731888 17.732019
173506 -5.363388 2.705985
173507 -0.346028 3.710139
173508 -2.867401 -1.578222
173509 -3.901641 -4.961345
173510 -14.934460 17.997765
173511 -2.996120 -3.154170
173512 -14.869508 17.913277
173515 -0.110945 -14.435930
173516 -3.286760 2.381669
173517 -1.870699 -14.284702
173518 -4.852195 -2.191327
173519 -6.095126 -10.792246
173520 -4.022258 4.865293
173521 -5.220289 3.608173
173522 -4.657906 4.346035
173523 -10.218362 -1.923020
173524 -5.263871 4.192604
173525 -3.718849 3.904595
173526 2.980452 2.847949
173527 -5.816286 -3.598447
173528 -7.606369 -3.795861
173529 -4.331245 3.452256
173530 -3.091091 -2.904111
173531 -5.319616 3.659948
173532 -6.332858 0.837394
173533 -1.575004 -14.174332
173534 -1.841943 5.220131
173535 -9.539485 4.966608
173536 -1.838367 -13.909333
173537 -2.369952 -3.111707
173538 -3.631550 8.366912
173539 -4.352804 4.045674
173540 -5.218729 1.828427
173541 -5.403982 3.495298
173542 -6.171658 0.171896
173543 -2.128587 -2.566793
173544 -5.572101 2.145021
173545 -4.855352 4.151458
173546 -3.917246 -1.926812
173547 -6.588746 4.069629
173548 -4.052375 -1.475103
173549 -5.424131 2.613122
173550 -5.245119 3.587934
173551 -7.911071 -4.004540
173552 -5.414713 -1.696620
173553 -1.094371 3.731432
173554 -5.191142 0.250764
173555 -5.630632 2.641626
173556 -7.606826 -5.508832
173557 -6.058038 2.779258
173559 -5.234620 1.898523
173560 -3.504071 3.659211
173561 -5.392553 3.824208
173563 -6.396851 2.700269
173564 -2.636143 -0.330985
173565 -3.559824 4.509474
173566 -7.233671 -3.328559
173567 -5.153944 3.959385
173568 -0.059607 -16.336082
173570 -3.201785 6.638774
173571 -1.841672 -2.480438
173572 0.519892 4.332512
173573 -6.127097 2.757400
173574 -3.403624 1.519298
173575 -3.052397 -3.714466
173577 -3.369285 5.164280
173578 -3.775355 4.078683
173579 -0.514625 3.763468
173580 -2.917192 3.013675
173581 -2.739523 -2.804404
173582 -6.160803 0.675754
173583 -1.471514 -3.226813
173584 -6.539926 -1.873374
173585 -2.401567 -0.101242
173586 -6.148151 2.995358
173587 -3.119044 2.852527
173588 -1.556700 -1.063912
173589 -4.986279 -2.635400
173590 -3.337401 2.414666
173591 -5.082508 2.389680
173592 -5.461581 3.361476
173593 -5.434435 3.639868
173594 -5.519804 4.382587
173595 -3.406421 -2.407650
173596 -3.515887 3.465271
173597 -5.626286 1.087200
173598 -8.309308 -5.208699
173599 -3.878658 3.444405
173601 -5.211524 7.900634
173603 -5.098262 3.627689
173604 -3.377309 2.420328
173605 -3.985317 3.242782
173606 -6.322547 3.990448
173607 -4.504586 5.018374
173608 -4.294078 2.774903
173610 -5.523317 0.317440
173611 -10.644136 -0.444315
173612 -3.508428 4.058362
173614 -6.212611 -2.473310
173616 -5.470903 -1.570660
173618 0.190700 -14.828165
173619 -5.538360 3.396072
173620 -2.969644 3.112081
173621 -4.736864 1.761168
173622 8.006858 -7.129344
173623 -0.812344 -1.697289
173624 -4.146721 -1.535075
173625 -5.510796 3.898464
173626 -7.120438 2.765212
173627 4.934669 -18.888035
173628 -6.423855 2.760169
173629 -5.291692 3.984101
173630 -3.923585 4.642194
173631 -3.320006 4.034686
173632 -10.489217 -0.346116
173633 -5.272477 3.491817
173634 -0.110819 -2.106458
173635 -0.460322 0.139625
173636 -3.612420 7.620493
173637 -5.423797 3.581128
173638 -3.400826 -2.831647
173641 -5.145361 3.658828
173642 -0.488011 -1.855106
173643 -3.065825 -3.727000
173644 -5.140352 3.485176
173646 -4.850848 5.602559
173647 -4.717774 3.396230
173648 -2.350717 -1.169190
173649 -3.174825 3.210209
173650 -6.475912 3.396190
173651 0.147583 -2.597234
173652 -5.312596 3.438890
173653 -3.025940 -3.569131
173654 -6.160636 3.461476
173655 -5.041318 3.342816
173656 -1.507524 -2.311585
173658 -5.325428 3.426816
173659 -5.905773 3.121797
173660 -4.014372 3.149776
173661 -5.512370 2.808269
173662 -5.497124 -2.409341
173663 -4.293619 3.715137
173665 -3.203870 2.379983
173666 -0.750777 2.133519
173667 -5.399766 3.502093
173668 -5.859543 3.146953
173669 -2.019697 -2.006007
173670 -10.943357 -4.848322
173671 -1.889628 -14.028049
173672 -0.451591 -12.993774
173673 -1.864119 -13.977632
173674 -5.498470 4.361860
173675 -4.614686 -0.091606
173676 -3.600344 3.778785
173677 -3.791746 3.978482
173678 -4.900619 1.427172
173679 -3.240207 3.463243
173680 -2.806355 8.824550
173681 -5.023721 1.701715
173682 -5.261115 3.352719
173683 -5.197808 3.539879
173684 -4.810982 3.976567
173685 -5.792742 3.602693
173686 0.086570 -16.777296
173687 -5.421855 2.843567
173688 -2.952452 -0.908081
173689 -5.300572 3.474358
173690 -5.032927 0.136972
173692 -7.851463 -3.428405
173693 -3.194221 3.853295
173694 -5.234330 -0.900701
173696 2.928147 2.074133
173697 1.024721 -1.267851
173698 -6.146679 -0.147351
173699 -5.857532 3.221030
173700 -5.966546 3.067275
173702 -5.592924 0.333454
173703 -4.907698 -1.043223
173704 -3.066646 -2.162057
173705 -4.857492 2.283493
173706 -5.304742 3.481088
173707 -0.581275 3.736868
173708 -2.874081 9.273866
173709 -10.954668 8.935740
173710 3.453789 -12.647863
47957 -5.494452 3.539214
47958 -5.352657 3.463619
47959 -5.295206 3.529682
47960 -5.403653 3.586910
47962 -5.192592 3.472970
47963 -5.378716 3.598156
75795 -5.151112 3.674785
75956 -5.353055 3.519040
75966 -5.454224 3.453919
76279 -5.261899 3.431008
76442 -5.271715 3.693802
82150 -5.192852 3.398447
82151 -5.413866 3.599082
82152 -5.231887 3.486344
82153 -5.293067 3.278042
82154 -5.480062 3.273647
82155 -5.231833 3.422664
82156 -5.323921 3.367272
82157 -5.273812 3.621954
82158 -5.394608 3.519749
82159 -5.323089 3.616001
82160 -5.144129 3.554789
82161 -5.246125 3.590154
82162 -5.284352 3.517532
82163 -5.326359 3.474335
82164 -5.166196 3.410798
82165 -5.434874 3.426192
82166 -5.234904 3.321327
82167 -5.358467 3.507497
82168 -5.416164 3.485351
82169 -5.230011 3.280881
82170 -5.417520 3.412132
82171 -5.374606 3.359551
82172 -5.350297 3.411937
82173 -5.117026 3.340889
82174 -5.334641 3.513331
82175 -5.344373 3.456901
82176 -5.358972 3.326804
82177 -5.311686 3.382445
82178 -5.448582 3.601527
82179 -5.159129 3.358677
82180 -5.313311 3.507944
82181 -5.221994 3.354106
82182 -5.212669 3.594227
82183 -5.113271 3.389835
82184 -12.392290 -10.356221
82185 22.842590 4.065814
82186 -5.274803 3.273370
82187 -5.320568 3.561624
82188 -5.018048 3.431841
82189 -5.362207 3.468491
82190 -5.289144 3.375120
82191 -5.260768 3.485662
82192 -5.375173 3.558767
82193 -5.110919 3.415621
82194 -5.253276 3.693733
82195 -5.212959 3.372788
82196 -5.205770 3.721363
82197 -5.168809 3.490905
82198 -5.209193 3.564925
82199 -5.165041 3.336029
82200 -5.368408 3.447852
82201 -5.332057 3.411355
82202 -12.272315 -10.150531
82203 -5.345384 3.441719
82204 -5.316419 3.410768
82205 -5.291942 3.483198
82206 -5.183290 3.549273
82207 -5.347359 3.299008
82208 -5.311963 3.487113
82209 -5.269374 3.527253
82210 -5.401463 3.526700
82211 -5.273617 3.610593
82245 -5.374777 3.649924
82246 -5.231596 3.445137
82247 -5.364582 3.516898
82248 -5.199841 3.239519
82249 -5.355982 3.466336
82250 -5.322124 3.441097
82251 -5.166158 3.582461
82252 -5.110845 3.538677
82253 -5.433644 3.427620
82254 -5.342684 3.502117
82255 -5.098457 3.373340
82256 -5.380615 3.523577
82257 -5.338167 3.406430
82258 -5.344550 3.483998
82259 -5.337718 3.440088
82260 -5.333843 3.367718
82261 -5.393772 3.496050
82262 -5.401090 3.470060
82263 -5.370764 3.482015
82264 -5.235360 3.466966
82265 -5.304565 3.417634
82266 -5.268735 3.461812
82267 -5.414875 3.461320
82268 -5.102892 3.679811
82269 -5.261909 3.359858
82270 -5.213418 3.280795
82271 -5.364246 3.506526
82272 -5.356256 3.428600
82273 -5.277277 3.426053
82274 -5.328639 3.436500
82275 -5.151254 3.605516
82276 -5.243990 3.371245
82277 -5.304278 3.303665
82278 -13.393999 -10.363617
82279 -5.235897 3.449565
82280 -5.002869 3.365475
82281 -5.411506 3.411406
82282 -5.295328 3.619819
82283 -5.470073 3.538418
82284 -5.229319 3.407246
82285 -5.325958 3.506212
82286 -5.362651 3.483061
82287 -5.126773 3.470076
82288 -5.321027 3.491447
82289 -5.247654 3.462574
82290 -5.216769 3.423238
82291 -5.359168 3.417408
82292 -5.309015 3.319832
82293 -5.381032 3.672217
82294 -5.374931 3.585924
82295 -5.323302 3.430799
82296 -5.397526 3.539783
82297 -5.438480 3.421705
82298 -5.190049 3.501001
82299 -5.382402 3.456416
82300 -5.282636 3.565838
82301 -5.272366 3.462584
82302 -5.495353 3.325993
82303 -5.328514 3.495757
82304 -5.205629 3.424892
82305 -5.296588 3.546096
82306 -5.021212 3.302658
82307 -5.107650 3.558938
82308 -5.085624 3.334811
82309 -5.240105 3.535111
82310 -5.237895 3.275537
82311 -5.347106 3.381051
82312 -5.361515 3.490210
82313 -5.244317 3.356575
82314 -5.173847 3.393035
82315 -5.276720 3.556010
82316 -5.280109 3.638941
82317 -5.279157 3.583747
82318 -5.192319 3.564464
82319 -5.391245 3.324178
82320 -5.170477 3.515636
82321 -5.285586 3.654839
82322 -5.295872 3.480834
82323 -5.220721 3.509553
82324 -5.319990 3.521138
82325 -5.248152 3.533744
82326 -5.296410 3.530216
82327 -5.347353 3.546300
82328 -5.234110 3.425739
82329 -5.298162 3.380759
82330 -5.430379 3.666794
82331 -5.308861 3.528861
82332 -5.297186 3.520283
82333 12.952904 -14.547445
82334 -5.486540 3.654040
82335 2.112034 -20.911358
82336 -5.498020 3.441628
82337 -5.303680 3.610721
82338 -5.219891 3.490254
82339 -5.213421 3.536746
82340 -5.339509 3.555742
82341 -5.291928 3.345971
82342 -5.144647 3.331415
82343 -5.499296 3.562618
82344 -5.487448 3.569618
82345 -5.180907 3.759194
82346 -5.253034 3.391726
82347 -5.311927 3.696000
82348 -5.382580 3.394523
82349 -5.169775 3.446823
82350 -5.340578 3.328540
82351 -5.259742 3.465905
82352 -5.351538 3.371484
82353 -5.130763 3.467271
82354 -5.352422 3.430859
82355 -5.404962 3.506150
82356 -5.164804 3.431059
82357 -5.222678 3.598735
82358 -5.329515 3.416969
82359 -5.139465 3.580637
82360 -5.387840 3.299488
82361 -5.295493 3.501388
82362 -5.328511 3.558333
82363 -5.378317 3.590585
82364 -5.343001 3.331275
82365 -14.870703 -11.720394
82366 -5.309874 3.453095
82367 -5.174966 3.416223
82368 -14.163791 -12.389512
82369 -5.372271 3.470707
82370 -5.235404 3.634615
82371 -5.351397 3.543734
82372 -5.192669 3.503901
82373 -5.290586 3.658377
82374 -5.392143 3.450577
82375 -5.125534 3.459232
82376 -5.358760 3.359918
82377 -5.430502 3.656035
82378 -5.424651 3.434051
82379 -5.185023 3.317938
82380 -5.458182 3.448075
82381 -5.382460 3.489855
82382 -5.358740 3.561120
82383 -5.359911 3.516454
82384 -5.232690 3.372505
82385 -5.265260 3.544330
82386 -5.295027 3.597439
82387 -5.233276 3.671753
82388 -5.347413 3.334965
82389 -5.339014 3.407348
82390 -5.314115 3.392693
82391 -5.149967 3.429159
82392 -5.317396 3.564109
82393 -5.515608 3.505549
82394 -5.137507 3.707305
82395 -5.210872 3.516285
82396 -5.220374 3.631354
82397 -5.340747 3.659096
82398 -12.920055 -10.533473
82399 -5.339768 3.425488
82400 -5.312428 3.396491
82401 -5.176442 3.368177
82402 -5.621217 3.303759
82403 -5.144052 3.618184
82404 -5.345764 3.420696
82405 -5.291587 3.397105
82406 -5.280951 3.515139
82407 -5.060002 3.482126
