1498
10000000 6.7737599 0.04044100000000004
10000001 2.6079211 3.0794073999999996
10000002 4.142039799999999 -2.3102404000000005
10000003 5.7352572 3.8012889000000003
10000004 2.5946708999999997 -3.9323722000000005
10000005 9.5425285 -6.9921393
10000006 4.7385915 6.1944091
10000007 12.691033000000001 -4.3399754999999995
10000008 2.1099457 -2.1438349000000003
10000009 1.4874759999999996 2.7134475
10000010 -0.7148049 1.1036562
10000011 -1.9198993999999998 -4.1002009
10000012 -2.5410497 -5.007282099999999
10000013 8.6746734 4.3800972
10000014 0.44637900000000014 4.1538264
10000015 9.7208127 -1.2292873999999998
10000016 4.1015354 2.5765941
10000017 -0.9691955999999997 2.2743523000000003
10000018 1.8974725 7.45041
10000019 7.1768139999999985 -0.14994479999999988
10000020 1.6320830000000008 -1.2140515000000005
10000021 0.8827618000000002 -0.952026
10000022 6.1702019 0.6767364
10000023 -1.4843401000000003 -1.5414644999999998
10000024 1.7356567000000003 0.8415035999999996
10000025 0.3431638 2.0600085999999997
10000026 1.8989453 -0.5003941000000002
10000027 5.223918599999999 2.3411374
10000028 5.5072727 4.7707847
10000029 2.7483675999999995 3.0461169999999997
10000030 4.0286355 5.8219781
10000031 1.4357057 -1.3358065
10000032 5.2398794 4.8413929
10000033 -3.1506546 -3.9445894000000004
10000034 0.8469658000000002 -0.9825471
10000035 12.870017199999998 -3.3196269000000003
10000036 3.3221784 -5.806832399999999
10000037 3.3254786000000003 2.9635065
10000038 3.2871751000000002 -1.9423735999999998
10000039 3.0556676 1.7256267
10000040 1.0065196 2.3294461
10000041 -4.1477984999999995 -2.8884989000000005
10000042 5.8872263 -2.2730737999999997
10000043 4.6284801 -2.4968764
10000044 2.1511260999999995 0.3244312000000001
10000045 2.1526315 3.886875
10000046 0.7012102000000002 1.1626102
10000047 -0.6438266 4.0617682
10000048 -9.112891600000001 -3.0509463000000006
10000049 -0.9373751000000002 -3.9444100000000004
10000050 1.8361957 0.4039198
10000051 4.879816099999999 4.3549256
10000052 5.4574567 3.7734821
10000053 5.0392838 -4.3518523
10000054 -4.092907800000001 -3.4019945
10000055 10.1938012 -4.7833294
10000056 2.4829244 1.0204961999999997
10000057 5.5653033 8.1594367
10000058 0.20150400000000004 4.890866300000001
10000059 -1.8275394000000003 2.5866622
10000060 0.3078119000000001 11.599797299999999
10000061 2.8452070999999997 2.6801330000000005
10000062 -2.5371905 -0.2345263000000001
10000063 -1.9434418999999998 -0.32224050000000054
10000064 3.5374215999999996 0.027921200000000024
10000065 2.4053358 5.463962399999998
10000066 3.9148067000000006 -1.4115474000000001
10000067 7.7126487 0.5432374000000001
10000068 2.6642233 3.9912914
10000069 6.0461342 4.680429500000001
10000070 0.5815205000000001 8.5527695
10000071 3.4590450000000006 -1.3660200000000002
10000072 0.22097079999999975 -1.1760332
10000073 -1.4739412999999997 0.8804745
10000074 -2.5143072 -1.3939461
10000075 3.3590296999999993 2.5046238
10000076 3.4968778 -0.41285150000000004
10000077 8.6114826 4.0384336
10000078 6.192796400000001 -7.151953399999999
10000079 1.9929975000000002 1.9422476000000004
10000080 6.1920612 -3.9581301000000004
10000081 5.219560599999999 0.11974010000000064
10000082 4.6004894 5.886423000000001
10000083 6.94217 -1.3141387000000002
10000084 1.6680587000000007 -2.2223286
10000085 2.3650756 -2.3607257
10000086 2.7813990999999993 0.4718256
10000087 1.8857761 4.4505364
10000088 6.611317699999999 -2.5084358
10000089 1.3078039000000001 -3.9069225000000003
10000090 9.6062632 3.1617594
10000091 2.4147200000000004 0.12804069999999967
10000092 4.007731 3.2317655000000003
10000093 8.240216799999999 1.7225838
10000094 4.0823325 2.8559753
10000095 5.1246013999999995 -5.0566839
10000096 5.293908499999999 3.6338350000000004
10000097 -5.925924800000001 5.367291
10000098 1.9569392 5.780074900000001
10000099 9.156182099999999 -1.5361322
10000100 -3.7285784 -0.6751454999999997
10000101 9.545851100000002 0.3377677
10000102 -4.5012514 -4.9146721
10000103 1.1577411999999998 -3.9448933000000004
10000104 9.400130899999997 1.3012719000000001
10000105 5.3365279999999995 -0.15721050000000006
10000106 -0.8086551999999999 -3.4252059999999993
10000107 7.6922002 -1.2114274
10000108 0.30248230000000015 10.4161932
10000109 5.573804399999999 5.0656495999999995
10000110 3.8954166999999997 6.3002816
10000111 1.8375055000000002 -0.014013199999999948
10000112 1.5306328 -2.7599076000000005
10000113 0.5860662999999999 6.8779808000000004
10000114 -2.6752742999999994 0.39303380000000027
10000115 0.8826106000000002 -6.136867
10000116 -5.3446918 -0.8516087999999999
10000117 -0.20257989999999956 3.1391791000000002
10000118 7.3318976 4.9218736
10000119 -5.5579014 -6.654603800000001
10000120 2.5435134000000006 -0.0925573
10000121 3.613451799999999 -2.0926577999999996
10000122 3.2215997 4.424816900000001
10000123 -6.549203 -3.8092737999999997
10000124 3.8426769999999997 4.4842792
10000125 4.306358399999999 9.0524741
10000126 6.687761300000001 -3.3829141
10000127 -1.6017579000000002 2.5031252000000004
10000128 4.8268232 0.27422499999999994
10000129 3.4169874 -3.5246028000000003
10000130 8.808946500000001 -5.084449999999999
10000131 1.3076383000000003 0.757207
10000132 10.9606576 -1.9303537000000002
10000133 4.042164 2.6369847000000006
10000134 -0.6158251 3.0114812000000004
10000135 5.470684899999999 -0.5168809999999996
10000136 9.5061561 1.5567306999999997
10000137 9.681653800000001 -1.5702870999999998
10000138 4.3656819 -0.1833565
10000139 -0.2931944000000001 0.5228452000000002
10000140 5.4077632 3.3129992
10000141 3.6065362 2.6069932000000002
10000142 -4.154179 -3.50567
10000143 -3.9694396 2.2233003999999994
10000144 0.4886017000000001 -1.5591319
10000145 2.8073996 3.8044815000000005
10000146 4.418448700000001 -0.6191490000000002
10000147 2.8869415000000007 3.2600487
10000148 1.8251376999999998 -4.9731198
10000149 1.8463349999999998 4.2329679
10000150 3.3407348999999997 1.9214976
10000151 -3.3327528 -3.928891600000001
10000152 7.4835734 -0.03915359999999994
10000153 3.4784583999999996 2.7910258000000003
10000154 -0.5480847999999998 -3.5624455999999993
10000155 1.3543028 0.039079500000000066
10000156 10.485900500000001 -3.3744558
10000157 1.1738347 7.357291999999998
10000158 -9.2766234 -0.15130490000000016
10000159 5.7995662 0.5049624000000001
10000160 5.3432738 2.3893416
10000161 2.9142084 -1.6041311
10000162 9.461644 1.6620128
10000163 6.6447103 3.5531611000000005
10000164 11.1916615 -1.9213223
10000165 2.726891 4.3753061
10000166 1.5570647000000002 2.9850760000000003
10000167 6.478600300000001 0.6692567
10000168 5.8446904 0.5191429000000001
10000169 1.9155112000000003 3.6036791999999997
10000170 -8.3448729 5.0907812
10000171 4.4204761999999995 -2.0011973999999997
10000172 5.5344278000000005 3.626343
10000173 -0.22365950000000004 -0.34734370000000003
10000174 4.8803605 3.8745656000000004
10000175 3.5862051999999998 -1.8078927000000007
10000176 8.052382099999999 -5.164334199999999
10000177 10.8049732 -4.310928
10000178 1.7234009999999997 4.708354600000001
10000179 4.067776 1.1107185
10000180 3.4364483 6.033334099999999
10000181 -2.1890092 12.5214862
10000182 6.6727558 -2.7585649000000005
10000183 0.7502653000000004 3.4310775999999996
10000184 6.3777593999999995 5.5950129
10000185 3.4045665 6.0526516
10000186 5.4309356 2.6486263
10000187 7.4160072 1.1127463
10000188 -4.8215981999999995 -1.5270974999999998
10000189 6.7236016 -1.9669719999999997
10000190 5.8591239999999996 -2.4270956999999997
10000191 5.3778232 -1.0438771
10000192 -1.2770665 2.8044016999999997
10000193 0.9503763999999999 8.7314699
10000194 8.220967 3.3680814000000012
10000195 4.962679400000001 -0.7994201000000001
10000196 -0.11067429999999993 0.09299020000000006
10000197 7.745463599999999 -1.3920186999999997
10000198 3.491306399999999 -3.8288578
10000199 0.4720641000000002 6.976799300000001
10000200 -3.4301179000000004 4.146515
10000201 0.6114143000000001 0.15976300000000024
10000202 3.3082334 5.956091499999999
10000203 -0.11929719999999974 1.4706163999999997
10000204 4.1855150000000005 -2.7400298
10000205 5.654058099999999 3.8032294999999996
10000206 1.6219241 -2.0433250000000003
10000207 0.34613359999999993 -4.470699699999999
10000208 -1.4559128000000001 -1.34939
10000209 4.5691486 7.9600131
10000210 -4.4185994 5.726796999999999
10000211 7.122994 -0.4628434
10000212 5.9513644 1.1696075000000001
10000213 6.325040199999999 1.4697878999999996
10000214 -1.5927159999999998 1.6077829000000001
10000215 6.4588508000000004 3.8133337
10000216 -6.196886799999999 3.7895457
10000217 1.3893108 2.7778894000000003
10000218 4.2112758999999995 2.6951287
10000219 10.2534164 3.7086847
10000220 7.3456934999999985 -0.3142962999999999
10000221 5.4863567 4.8216138
10000222 1.7212066 0.47981919999999983
10000223 0.9769997 5.078729399999999
10000224 5.7558389 -7.726598000000001
10000225 10.539837 4.9018524999999995
10000226 6.972915300000001 -1.3607490000000004
10000227 2.2484941000000007 5.559488100000001
10000228 5.6227152 -0.33443499999999987
10000229 4.4418526 7.735086699999999
10000230 4.1400135 4.003129700000001
10000231 1.5960180000000004 -4.4760198
10000232 11.375398 1.2099430999999998
10000233 -1.8265325999999997 5.1627196
10000234 2.9665848 0.20283840000000003
10000235 0.7796235999999998 8.6973437
10000236 7.9052346 2.0153098
10000237 3.3302353000000005 6.8541207
10000238 6.425644700000001 -2.7166401999999996
10000239 3.4737032 -3.9429125
10000240 3.7873458999999996 -1.9412414000000002
10000241 0.5543343999999998 0.5543839000000002
10000242 5.3185728 -0.7448920999999997
10000243 5.363882299999999 -2.8249015999999996
10000244 3.6711344999999995 2.280799
10000245 -2.9735740999999996 -6.348491699999999
10000246 0.41443119999999994 1.2716945000000002
10000247 3.5825208999999996 -3.7617610999999997
10000248 4.8765282999999995 0.4623267000000002
10000249 9.0510244 2.9244045
10000250 2.0023516 -3.0479548999999997
10000251 3.0657395 0.20611189999999996
10000252 0.3006004 3.6057543
10000253 3.0747317 6.6937449
10000254 7.731994800000001 2.7742563999999996
10000255 -6.6934183 1.525642
10000256 -8.163803299999998 0.7041139
10000257 1.79281 3.7103181999999997
10000258 2.3145531999999998 9.1823375
10000259 4.554166 4.7671965
10000260 -1.0553847000000005 0.24375250000000012
10000261 4.608830299999999 -5.1407687
10000262 0.07878109999999997 3.262384
10000263 10.482163400000001 -4.7603648
10000264 2.5518118000000003 0.2389353999999999
10000265 3.2464844 -1.2038769000000002
10000266 2.0265146 0.8157243
10000267 1.5926107999999999 -4.179503300000001
10000268 2.0299521 1.3902541000000002
10000269 4.9620318 -1.2091045
10000270 10.722825199999999 -2.9445521
10000271 2.7212633 -2.4821513000000004
10000272 6.483264700000001 2.353553
10000273 3.5070501999999997 5.485479100000001
10000274 11.867008299999998 -0.9949295999999996
10000275 4.2695758 -1.3671672
10000276 -0.3704495 3.3445156
10000277 5.2658228000000005 -3.1271756
10000278 7.5227002999999995 0.13232430000000006
10000279 8.0452056 4.884394
10000280 3.0640910000000003 7.2420621
10000281 8.846574899999998 -6.0549040000000005
10000282 -1.2786765000000002 2.9032153999999997
10000283 8.1108474 -1.3660131
10000284 -2.4801229000000005 1.3802516
10000285 0.8104106 1.1618048
10000286 1.9347605 -5.8888041
10000287 -3.4350677 -0.8130365999999999
10000288 1.6758883 1.5667969
10000289 -0.564578 1.3984564000000002
10000290 -0.6936396999999999 -0.3644323999999997
10000291 5.201286 3.892653
10000292 -1.5109250999999997 -6.389064200000001
10000293 4.1365522 6.877468899999999
10000294 4.4554199 3.5770619000000003
10000295 6.772774200000001 -1.2247081000000002
10000296 0.9538422000000001 2.1212319
10000297 6.363727900000001 -1.8280251000000003
10000298 9.145780799999999 -6.676709000000001
10000299 10.995219700000003 0.2164593999999999
10000300 5.8866947 -0.4549804999999999
10000301 3.3836264 -5.0951141
10000302 7.910452899999998 -7.3075734
10000303 2.1592904 3.3573572
10000304 -0.8951716000000001 4.4646112
10000305 2.4762986 1.3039996999999999
10000306 7.5822812 -6.192109100000001
10000307 3.8909222999999997 -0.44494779999999984
10000308 -0.9652033999999994 -1.7785156
10000309 2.6380022 -3.6625102999999997
10000310 -1.8143396000000003 0.22519130000000018
10000311 5.3538876 3.1456124999999995
10000312 -1.7017504000000003 -0.04143079999999997
10000313 6.149818000000001 -5.630777
10000314 8.6737073 -2.6099919
10000315 5.2487017 5.6426307
10000316 2.3471558999999997 4.2038470000000006
10000317 0.3531272 1.0623470999999998
10000318 -2.202351 -3.1189219
10000319 -11.316483600000002 -0.8455676999999999
10000320 10.299549899999999 -5.049767699999999
10000321 0.06384609999999995 -0.4261737999999998
10000322 10.4410198 -3.7819451
10000323 4.874349399999999 4.05424
10000324 -0.2817098000000001 -3.6709942
10000325 3.479598 -2.8733413
10000326 4.9790531 -0.22025120000000004
10000327 3.8208135999999997 -0.7677644000000001
10000328 0.6912022 5.9623878
10000329 4.6133915000000005 -2.8486008999999997
10000330 -0.12742600000000023 5.388115400000001
10000331 5.3098277 -4.712126700000001
10000332 12.948514800000002 -1.2834160000000001
10000333 -0.05386050000000005 4.889073600000001
10000334 -0.6184975 1.9844504
10000335 3.0169278999999998 5.9619242
10000336 7.8585345 -0.5338091
10000337 3.7153091 3.9053023000000002
10000338 -1.3518269999999997 7.9709859
10000339 -0.2872551 -3.0287380000000006
10000340 5.4208581 3.8240373999999995
10000341 0.2792523000000001 -1.3308057000000002
10000342 4.1773521 4.2154875
10000343 -1.9347664999999996 0.7128509
10000344 2.7369282000000004 3.9240502999999998
10000345 3.7478843 5.5084123
10000346 6.924965500000001 5.3844932
10000347 0.4687162000000001 0.19684080000000007
10000348 1.1709985000000003 4.8804054
10000349 5.739003500000001 5.301473199999999
10000350 3.0661099 3.5191699
10000351 4.4605316 6.9719606
10000352 3.2439156 6.3705593
10000353 2.5421994999999997 1.247038
10000354 -0.8609796000000001 2.7813753999999995
10000355 2.5662170000000004 5.781044199999999
10000356 -4.1352648 5.811740299999999
10000357 4.0932535 -2.0582914000000003
10000358 12.312744000000002 -2.4836829000000002
10000359 3.5090275000000006 0.6765364
10000360 2.9554943000000002 -1.3770621
10000361 2.0800194 -1.8153837999999993
10000362 6.8161749 1.9402042000000002
10000363 4.8174917 8.2270187
10000364 1.6365964000000002 5.045207400000001
10000365 1.8076560000000002 -5.278581700000001
10000366 8.212303899999998 0.5791354999999999
10000367 5.4508485 -1.0890550000000003
10000368 4.6548742 2.6935050000000005
10000369 3.6548631 -3.3143249
10000370 -3.3597861 -3.454488500000001
10000371 5.1167563000000005 -0.9647466000000001
10000372 4.2757229 7.219512999999999
10000373 -3.0523636 11.2425754
10000374 5.4673692 8.396112000000002
10000375 5.350936400000001 -2.7615231000000007
10000376 6.5643275 4.7206315
10000377 -3.8635984 -1.8648319000000004
10000378 2.8527971000000005 -1.8322587999999995
10000379 2.3724589 3.4197128
10000380 6.8584784999999995 4.641295400000001
10000381 9.629325300000001 1.7476287
10000382 0.9343311999999996 -0.043211100000000266
10000383 1.6864718 7.7973971
10000384 1.5606486999999996 -2.9544661000000003
10000385 9.0408311 -1.5722312999999999
10000386 3.8135427 3.0918162000000002
10000387 -0.9923786999999997 -1.8153816000000003
10000388 4.401346500000001 6.285187500000001
10000389 -3.7333209999999992 1.0434859
10000390 -4.026365 -2.148087
10000391 8.212108 -0.4297315000000001
10000392 2.4719787 1.4011456
10000393 0.3047907999999994 5.059964099999999
10000394 10.769143799999998 -6.353299400000001
10000395 -5.273795799999999 -2.7771268
10000396 -0.3227444000000002 6.9988899
10000397 3.4245111 6.8238687
10000398 4.3120449 4.113086399999999
10000399 3.780616599999999 -4.285646099999999
10000400 -4.0527776 -4.0973203
10000401 2.013042 3.7705165999999997
10000402 0.4358347000000002 -0.6501246999999999
10000403 7.0204396000000004 3.4685045000000003
10000404 0.42205179999999987 1.3208314999999997
10000405 5.310733900000001 1.0467374999999999
10000406 2.483493 -1.6648009000000001
10000407 2.5012001000000006 -0.9727329000000001
10000408 5.9014199 2.8618307000000005
10000409 8.0478483 -5.4185438
10000410 -1.9404803999999998 -2.4147363
10000411 9.8014256 -2.8828403
10000412 1.2794006 10.672808
10000413 5.3348567000000005 1.5925489
10000414 0.13151740000000006 0.5169116
10000415 9.202117 0.15267139999999987
10000416 6.0420879 4.577946900000001
10000417 -7.037975900000001 4.7652244
10000418 4.6689737 5.4506516000000005
10000419 6.1782879 4.1591394
10000420 2.3230468999999996 5.2306506
10000421 5.6172264 -0.4378118999999998
10000422 -4.6009492000000005 0.20375089999999982
10000423 4.113139800000001 -5.834513299999999
10000424 2.1923116 0.6247898
10000425 3.3310603999999997 1.6695219000000001
10000426 4.9819487 3.3921531000000003
10000427 2.6761971000000004 3.718446600000001
10000428 4.9908184 1.2528188999999998
10000429 6.292889300000001 4.724836999999999
10000430 4.4715156 0.446274
10000431 5.4486536999999995 4.096188499999999
10000432 7.1500011 -5.283736599999999
10000433 -7.2902085 2.2278350999999996
10000434 -0.8715109999999999 -0.7537198999999999
10000435 -2.7403503 -4.731792099999999
10000436 -4.1088840000000015 12.9589021
10000437 3.177112 4.302907299999999
10000438 9.979030300000002 0.7810509999999999
10000439 6.4189597 4.6049489
10000440 0.40374809999999994 -1.9133723
10000441 14.934386 -1.6746908
10000442 3.7042665 -1.5450513999999997
10000443 2.8254079 -6.1374126
10000444 2.0357906 2.5449284000000003
10000445 7.528337499999999 -3.3173736000000007
10000446 2.0097776 2.7935740999999994
10000447 6.3799075 4.900521899999999
10000448 5.048647300000001 3.5050413
10000449 0.9227618999999999 2.2177933999999997
10000450 7.2540041 7.8751712
10000451 4.1305602 4.686487
10000452 4.8341233 -3.3750035000000005
10000453 -0.5766704000000002 1.4670735000000001
10000454 2.1511241 -1.7040489
10000455 11.6242269 -1.9472984
10000456 11.188980599999999 -10.877364700000001
10000457 2.7054514000000003 -2.998921599999999
10000458 -2.2406227999999997 -2.4796676
10000459 1.3864098999999999 6.6170388
10000460 4.9225528 3.9281693999999994
10000461 0.2634358000000002 -1.0771263000000002
10000462 -0.7930920000000004 -9.784884
10000463 4.7773967 1.0675208999999999
10000464 6.2916826 -3.3153436
10000465 0.4457754000000002 -0.5364235000000003
10000466 3.5209292000000003 -1.5656136999999999
10000467 5.544118199999999 1.4523559000000001
10000468 -0.4258675000000002 -0.9033458999999995
10000469 12.726281799999999 -1.3218706
10000470 1.2600384000000002 4.962501
10000471 5.0324419 -10.5853513
10000472 8.703595100000001 -0.5976477000000001
10000473 4.3272791999999995 -6.6149839
10000474 1.2035227000000002 2.8492488000000002
10000475 3.8141407999999997 2.7080171
10000476 6.41866 2.1424244000000003
10000477 3.5209012999999993 5.8276249
10000478 3.2677822 4.0365442
10000479 0.37783450000000024 -0.4969376000000002
10000480 10.620650699999999 1.2463861999999999
10000481 -0.7194600000000004 -2.2471323
10000482 2.6935640000000003 1.4780271999999999
10000483 7.979776799999999 -1.4633137
10000484 8.9313889 -4.6875385000000005
10000485 5.3049937 -10.9298055
10000486 4.605790700000001 2.2288554000000005
10000487 5.020522 -0.8424151999999999
10000488 3.3935600999999993 5.6367522999999995
10000489 0.24696119999999971 4.274612599999999
10000490 0.02801549999999988 -1.9380411000000002
10000491 3.5834175000000004 -7.5650110999999995
10000492 -1.4303426 -1.6811771
10000493 11.794317099999999 -1.9244177
10000494 7.0571798 3.8315738
10000495 4.6283057 5.6074376
10000496 3.5306617000000005 -6.371955099999999
10000497 7.248464399999999 -3.0600357
10000498 6.8118474 0.4761215999999999
10000499 4.238866499999999 1.855756
10000500 3.3322812999999996 3.2037544
10000501 1.1004684999999998 -2.6047341999999998
10000502 5.893244700000001 -0.03208080000000017
10000503 9.2598099 -4.6373631
10000504 -1.2092977000000003 1.6725797999999998
10000505 2.9478313 1.8037618000000002
10000506 -0.9681964000000001 1.1446642999999999
10000507 -0.9322379000000003 -1.5047579
10000508 -0.7438993 -7.518802500000001
10000509 7.272094000000001 5.3492199
10000510 7.8185744999999995 -1.6793933999999997
10000511 7.9246205000000005 4.965838
10000512 4.3718882 4.4801843
10000513 4.2785459 1.4403687
10000514 3.5914953000000005 6.5268955
10000515 -3.0735253000000005 1.0435778
10000516 4.1220441 -8.641345300000001
10000517 5.9149207 10.079330200000001
10000518 0.6397994 -1.0179030000000002
10000519 -3.5935613 0.6122344999999999
10000520 -1.3715324 -2.2800585
10000521 -3.4840235 -0.5188603000000004
10000522 1.8903396999999997 1.5404366
10000523 -9.2416161 -0.44798340000000036
10000524 6.4506383 2.9490867999999995
10000525 2.2947258999999995 0.5799476
10000526 8.157912999999999 2.9639081000000003
10000527 5.2642955 -8.2750045
10000528 9.6229552 -1.9805427999999998
10000529 -4.0340962000000005 1.577059
10000530 0.23449820000000007 2.5137829
10000531 8.5940892 -1.8606337999999998
10000532 9.5870356 1.0928240999999992
10000533 6.465565100000001 -4.4175756
10000534 4.0562996 -4.483939500000001
10000535 2.9039857 -3.4893048999999996
10000536 5.4639196 2.2864989000000002
10000537 8.0964465 2.4462774
10000538 1.8967925 -1.7317456999999998
10000539 2.29174 -1.7576513999999999
10000540 3.3611720000000007 -2.7498970000000007
10000541 8.427564499999999 0.19317489999999987
10000542 1.7010837000000003 1.2287925000000002
10000543 2.8255202 5.351651999999999
10000544 0.6890090999999998 5.9709687
10000545 2.8255262 4.2591573
10000546 0.48442409999999947 -1.9182299
10000547 4.0473208 4.8930618
10000548 8.0853262 -0.2097991000000002
10000549 6.6261992 2.9281650999999997
10000550 8.4806976 0.8305379
10000551 4.379495299999999 1.0065003999999997
10000552 2.7938896000000004 0.46044800000000025
10000553 2.1880461 2.0053424
10000554 3.0752475999999995 7.000797200000001
10000555 3.0826310000000006 5.4737174
10000556 -0.3931578 0.1798829000000001
10000557 5.5308943 7.1096739
10000558 -2.8070364000000003 -1.5992034
10000559 7.472826899999999 3.5182393
10000560 2.9604995 -5.742902300000001
10000561 8.307675999999997 1.6788457
10000562 0.8372726000000004 0.5087721000000001
10000563 4.4640982000000005 1.0711619000000003
10000564 11.409112699999998 -3.7113989000000003
10000565 -1.4804086000000005 -6.4675437
10000566 8.4744697 -2.4747273
10000567 2.1047815000000005 2.6849095
10000568 3.2531242 -1.7286446000000004
10000569 6.1008043999999995 1.5024997999999998
10000570 -4.5827767 6.739416599999998
10000571 2.8629932 3.4347068
10000572 0.5611101000000002 1.5712775999999997
10000573 6.5084244 -0.9597215000000002
10000574 -0.11100729999999996 -3.5268924
10000575 4.5255641 6.152746500000001
10000576 1.6222216000000003 -2.5636822
10000577 2.5576735 -0.23714879999999994
10000578 0.38890699999999995 1.8942974
10000579 5.345985000000001 -1.4011694999999997
10000580 4.9003049 0.06555990000000005
10000581 -8.4567329 0.1599316000000003
10000582 10.216976599999999 3.4229517
10000583 0.2065641999999997 -1.7343488999999999
10000584 4.4490693 2.8698623000000003
10000585 11.7874988 0.4086021000000001
10000586 4.7427442 2.1840132999999997
10000587 3.5333535999999994 3.0904
10000588 3.4951739 5.4479704
10000589 4.105040499999999 1.5039527000000001
10000590 7.6714234 2.9598737
10000591 8.8214439 4.466873399999999
10000592 2.6848313 -0.6968912999999995
10000593 6.117030099999999 -0.9142590000000002
10000594 5.982502400000001 -0.6957342000000001
10000595 4.9268245 0.27549009999999985
10000596 -0.5912829000000001 -5.4034756999999995
10000597 3.1975454000000005 1.9954760999999999
10000598 5.1442274 5.7411857
10000599 5.268717799999999 0.2170416
10000600 3.4944283999999994 0.10643190000000007
10000601 6.1504856 -7.0910438
10000602 4.264691399999999 0.8238717999999998
10000603 4.3293593 -2.1893771000000006
10000604 4.032144000000001 -4.5996414
10000605 -0.46114209999999983 -1.3764774
10000606 6.948196 -3.2349279
10000607 1.5669537999999998 1.0411788999999998
10000608 6.306684799999999 -1.1914398
10000609 1.4834510999999997 -0.1585032000000001
10000610 2.8528538999999995 5.4180185000000005
10000611 4.5859214999999995 -2.8750091000000007
10000612 -7.2037697000000005 -7.9318713
10000613 5.1881146000000005 0.5451779999999999
10000614 2.9017896999999997 -0.7748732
10000615 4.2257788 2.6629021
10000616 7.4626801 3.5667310999999997
10000617 2.4618368999999998 5.4562608
10000618 6.494923099999999 3.513191
10000619 1.5692160000000002 10.2574432
10000620 -8.3135466 -6.9110145
10000621 4.828603599999999 -3.0270508
10000622 6.0082368 1.7777512999999998
10000623 9.3826869 -4.1331726
10000624 7.2812824 -4.595780599999999
10000625 2.7456124 -0.4514488
10000626 5.7734822 2.6397722999999997
10000627 3.5438791999999992 2.5303945999999997
10000628 7.378583900000001 6.945583400000001
10000629 -0.4370796 -2.2881203
10000630 11.290424900000001 -3.3352481
10000631 5.235707499999999 -4.479467100000001
10000632 3.4696844000000007 3.7914202
10000633 2.0093086 0.3841806999999996
10000634 0.008417800000000008 6.866539300000001
10000635 0.13310190000000005 -1.2496823000000004
10000636 6.615916899999999 5.6643218
10000637 -1.2704419999999998 -1.4473829999999999
10000638 1.5515371999999996 -0.34929790000000005
10000639 4.0013542 -3.9020187999999996
10000640 3.2356138999999997 -0.7220645000000001
10000641 3.4767751 -1.0003208000000001
10000642 2.7999251000000003 -6.440057900000001
10000643 9.8216833 -0.7452814000000003
10000644 0.9697186 -1.2754526
10000645 4.2387991 6.3225185
10000646 0.3251951999999999 -0.4317280999999998
10000647 5.822110699999999 0.32947550000000003
10000648 6.568552200000001 1.5968979
10000649 4.7654777 3.4522928999999998
10000650 11.6841286 -2.0944684
10000651 -2.0010398 2.9732695
10000652 4.2837328 -2.2392783
10000653 4.5030262 3.9473528
10000654 5.6798549000000005 1.5261444000000004
10000655 8.7267212 0.020888700000000072
10000656 3.7180055000000003 2.2207188
10000657 1.8026966000000002 6.3667383
10000658 5.530262099999999 0.8097922000000002
10000659 -0.2699706 -5.033383799999998
10000660 0.34843139999999995 0.6554897999999998
10000661 3.1766847999999994 2.4605264
10000662 5.188239099999999 3.1921739
10000663 5.3945915 4.6541067
10000664 7.264499499999999 2.8032835999999994
10000665 10.685697000000001 -1.7031961000000002
10000666 3.3869843000000004 5.9405949
10000667 3.1025145999999997 1.4315924999999994
10000668 5.4149777 7.820928
10000669 7.0897178 -0.28015850000000014
10000670 4.2186151 -0.3677453
10000671 3.9605417999999992 -0.2902598
10000672 6.491503 5.5863074
10000673 2.3731226000000003 4.706067
10000674 4.4995012999999995 1.846682
10000675 4.233463400000001 3.2782009999999993
10000676 6.380707699999999 1.8177422
10000677 3.81318 7.4696716
10000678 -2.077073 2.6344369999999997
10000679 3.600834999999999 -0.33702940000000015
10000680 3.0680623 3.0107350999999998
10000681 2.1240166999999994 3.8074146
10000682 5.705647900000001 0.11383689999999991
10000683 3.5799028 1.5369508999999997
10000684 3.8781507 0.5639752999999997
10000685 4.4889600000000005 2.2071911999999996
10000686 -5.01365 -0.558939
10000687 2.9808118 5.099587699999999
10000688 5.008099299999999 -2.5461934000000004
10000689 4.3507027 -1.3828187
10000690 5.0177366 3.7131426999999997
10000691 7.8058655 2.8620767999999996
10000692 5.300997799999999 7.2829837
10000693 3.2402273999999998 8.0791827
10000694 9.9874323 4.936385700000001
10000695 8.3341551 0.9665149
10000696 1.7142673999999996 6.1079273999999995
10000697 -5.027437000000001 4.1636314
10000698 -1.1267155000000002 -5.804713899999999
10000699 1.2561224000000002 -0.6444527
10000700 11.409910700000001 -1.3305486
10000701 2.4933497000000004 4.4749308
10000702 9.5404223 1.0315258
10000703 3.4080259999999996 4.6700348
10000704 10.8500981 4.6612413
10000705 7.704191599999999 2.7520374999999997
10000706 -0.6759587999999996 3.7407202999999996
10000707 5.3032799 3.5241572999999997
10000708 3.1813683999999998 2.0316424
10000709 9.2314444 -7.121887699999999
10000710 0.39266959999999973 -4.1753788
10000711 3.8531926 5.2292262
10000712 4.451295300000001 0.915259
10000713 5.4677767 0.37707009999999996
10000714 9.181458300000001 5.6377405000000005
10000715 1.8716458999999994 1.4144136
10000716 4.7126092 3.3585363
10000717 7.234647400000002 -2.4410692000000003
10000718 2.7195107 -8.2253295
10000719 9.4667948 0.29894180000000004
10000720 10.6484673 6.365449
10000721 2.5078291999999998 3.1496464
10000722 2.2323175 6.545030299999999
10000723 -0.3757397000000003 4.513784900000001
10000724 3.2787670999999996 -1.1209791999999998
10000725 9.8762124 3.2240249
10000726 5.896135 -0.2145699999999998
10000727 0.7160661000000001 1.8943185
10000728 2.7748049 -5.8531296
10000729 7.8300218 3.9597515000000003
10000730 -3.5683844000000002 9.797953300000001
10000731 -0.892421 1.6494322000000001
10000732 -1.9915746000000003 1.7752268
10000733 -2.8899562 2.6581984
10000734 3.0715559 0.8605345000000002
10000735 7.4626131 7.114766300000001
10000736 4.2481841000000005 1.9606624999999998
10000737 6.8713626 4.2683661
10000738 6.2390376000000005 1.1564429999999999
10000739 9.131927000000001 -1.4045138999999998
10000740 6.5929103 5.1714237999999995
10000741 2.4840798 -0.08173169999999992
10000742 0.07049759999999985 1.0007826000000004
10000743 -0.2705988 -3.3601055999999994
10000744 5.1281593 7.482549799999999
10000745 4.0590627 4.4761674
10000746 6.3870766 -6.9506426
10000747 -2.3296226999999994 1.2984087000000006
10000748 5.758078300000001 4.1917425
10000749 5.749648199999998 -0.0606031999999999
10000750 1.3621771 1.9640954000000002
10000751 0.3031533000000001 0.4088229000000001
10000752 4.6750751 -4.4184303
10000753 3.3308787000000004 4.3901299
10000754 2.9780498 -0.9221430999999999
10000755 10.0130122 -3.8455066
10000756 6.1460841 -3.2428512999999994
10000757 7.1380997 4.9449266000000005
10000758 5.9740484999999985 -1.144523
10000759 5.4828552 -2.6709749999999994
10000760 7.499088300000001 0.18144020000000002
10000761 10.670103899999999 2.8141088
10000762 1.5916332 2.1463848999999997
10000763 2.4697177999999997 -2.8732157000000003
10000764 6.874528 -6.224493699999999
10000765 -2.5814816 6.804691200000001
10000766 -3.5289513 -0.694217
10000767 -6.058408300000001 -2.9169861
10000768 4.8843691 -6.457578099999999
10000769 3.5040926 -8.4221598
10000770 7.8407347000000005 5.617568199999999
10000771 -4.1294552 3.911637699999999
10000772 -1.1579079 1.2149069
10000773 -7.0891848 -0.5651436999999999
10000774 1.6256374 -4.0770082
10000775 3.8187860000000002 -3.2210542
10000776 -4.0769026 0.15916080000000007
10000777 0.5393591999999999 3.9448017999999996
10000778 2.5786802 1.3100127000000001
10000235 0.7796235999999998 8.6973437
10000779 5.480198700000001 0.4879878000000001
10000780 3.7162919000000003 0.16081220000000007
10000781 1.5324282000000005 -0.5593902
10000782 2.0035667999999998 2.417297
10000783 8.633589899999999 -1.0609918999999999
10000784 4.210792499999999 0.07200290000000006
10000785 0.2354053000000001 7.306693200000001
10000786 3.9090585999999994 -2.7427993
10000787 -5.3080324 -2.4769389
10000788 -2.4916086 4.1214979
10000789 7.145511000000001 4.9051071
10000790 1.7922773999999997 -0.9622718000000002
10000791 2.0687568 0.35650259999999995
10000792 5.882824099999999 1.8009823999999999
10000793 1.6978157 2.0722426
10000794 3.13103 1.0424299000000001
10000795 3.8603867999999997 7.3030355
10000796 3.0395387 4.4293319
10000797 4.994257900000001 4.3972394
10000798 2.2318306999999993 2.4876052
10000799 4.5308963 0.5796213
10000800 1.8044885999999998 1.2213494999999999
10000801 -0.6879807999999997 5.2411476
10000802 8.197604299999998 -4.1049088
10000803 6.616541900000001 3.7854391
10000804 2.4394934000000004 -0.26593529999999965
10000805 3.1365762 2.1635177999999997
10000806 0.9061675000000001 1.1671524000000002
10000807 -1.6282767999999996 2.3920324
10000808 -0.6712345999999999 -2.106136200000001
10000809 -2.0099484 0.1591476
10000810 0.9372087 -7.025085399999999
10000811 9.161155699999998 1.1761000000000004
10000812 -4.738217499999999 -2.3909133000000002
10000813 1.3651067 1.8630155000000006
10000117 -0.20257989999999956 3.1391791000000002
10000814 6.968307100000001 3.6677152
10000815 1.1607061999999995 3.846863400000001
10000816 -9.738443700000001 -4.058662099999999
10000817 4.6315005 -0.22648059999999987
10000818 6.0109642999999995 -2.460168
10000819 5.917453999999999 -2.7533925999999997
10000820 -1.2353997999999997 -0.8716274999999998
10000821 3.3369517 0.6633909000000001
10000822 0.2509408000000001 -2.2370947
10000823 10.0190734 -1.2287887
10000824 -4.8429451 -3.9154624
10000825 1.9092391 -1.9454208000000002
10000826 2.1722995 2.5049224999999997
10000827 1.5718762999999998 1.1408658999999997
10000828 2.944431899999999 -1.5164891000000003
10000829 -3.716251700000001 2.2806542
10000830 9.680144199999997 2.1151303999999995
10000831 3.2589988999999995 -4.038784699999999
10000832 6.1058539 -1.6337869999999999
10000833 3.3120816 -2.8364742
10000834 5.2823842 -2.920838
10000835 -3.8302580999999996 5.418613
10000133 4.042164 2.6369847000000006
10000836 6.1407105 2.8494549
10000837 -3.6588281 0.3332148999999999
10000838 2.7650154000000002 6.7500265
10000839 -0.6419990000000002 6.752615400000001
10000840 9.788049999999998 -4.045898199999999
10000841 -0.0694312 -0.0035050000000001803
10000842 3.7212404 -9.1662848
10000843 1.9053691000000001 2.8255131
10000844 -3.452269200000001 2.5965246
10000845 9.2734043 3.0457792000000006
10000846 4.7500501 -3.6045229
10000847 2.4011065 -0.10938440000000005
10000848 8.898558300000001 1.2839295
10000849 0.002142200000000161 -0.8688568999999999
10000850 4.011734200000001 1.6201148000000003
10000851 5.8337698 3.8398590000000006
10000852 -2.1226817999999996 7.309012000000001
10000853 11.462982399999998 -1.4397262999999998
10000854 4.421139 -10.8281857
10000855 0.6010996000000001 -0.978436
10000856 3.2197620000000002 -3.4027581999999996
10000857 2.8253719000000004 -0.5453001000000001
10000858 4.857406499999999 0.07434590000000033
10000859 11.0520237 -0.5525651999999999
10000860 3.4953156 4.9213343
10000861 1.1031367999999997 -1.4609631999999997
10000862 1.2564929 -3.3789305
10000863 2.4376796 -1.6133602
10000864 -1.3078708000000001 2.0380354999999994
10000865 5.3156897 -2.5199865999999993
10000866 -6.649333899999999 -4.8292926000000005
10000867 3.7212994000000004 -9.6191857
10000868 4.1275042 -4.4697914
10000869 1.6205322 5.1010749
10000870 6.32879 -3.3123914000000014
10000871 5.270936799999999 0.8825991999999999
10000872 6.411844699999999 5.5909548000000004
10000873 1.2450330000000003 0.7334459999999998
10000874 1.1164030999999999 6.143875099999999
10000875 5.267863 7.6569409
10000876 1.5467701000000003 3.726517500000001
10000877 -6.614698999999999 -2.9044646
10000878 2.8764086 3.1350463999999993
10000879 7.634054600000001 5.1656428
10000880 5.6636212 0.45959909999999987
10000881 4.546699500000001 0.2158706
10000882 3.5417340000000004 2.0953464
10000883 1.4985797999999997 2.6040965999999997
10000884 1.2928194 4.572221400000001
10000885 1.9348187 3.1038176
10000886 1.7302371000000005 1.3829915
10000887 0.7644326 1.8485401000000004
10000888 0.8853986 -3.892542900000001
10000889 7.997128099999999 -3.7122693000000004
10000890 1.9944572999999999 -1.0649815
10000891 1.7846303000000003 3.1678133
10000184 6.3777593999999995 5.5950129
10000892 1.9324974999999998 2.3924406
10000893 6.492310999999999 3.0416608999999997
10000894 4.5578311 -3.6603089000000004
10000895 1.3438258 2.8932077
10000896 7.7014994 3.9952962
10000897 2.5706724999999997 3.8915683000000003
10000898 4.7965756 -2.6527638
10000899 -0.14566439999999944 -0.4696693999999999
10000900 3.5612462000000007 3.5199425
10000901 2.6208342 -2.7621963999999997
10000902 2.3357918 0.39439970000000013
10000903 4.7083246 3.8576417
10000904 1.0884251000000003 3.622077
10000905 3.598471599999999 1.7448625
10000906 12.014414799999999 -6.494005
10000907 -3.0667591000000005 7.564290999999999
10000908 0.5417259 0.9669723000000001
10000909 4.4567008 3.3991198000000002
10000910 2.8692175000000004 1.5467456
10000911 7.1253794 -5.7608098000000005
10000912 8.660481899999999 1.2433222999999998
10000913 5.618119 -2.8872818
10000914 6.9187451 -5.8441142
10000915 1.6986702000000005 1.9639537
10000916 4.2155707 4.260357999999999
10000917 1.7226385 5.264978800000001
10000918 3.5428414000000004 2.7494380999999994
10000919 5.5129456999999995 -5.449318900000001
10000920 6.616791000000001 1.3100109999999998
10000921 8.2047033 -2.8912188
10000922 0.39113549999999997 5.595827599999999
10000923 1.8007249 2.1951572999999995
10000924 2.4502435999999994 -4.6207937999999995
10000925 1.1396573 5.1711881
10000926 3.3902721 6.667198900000001
10000927 1.4582725 -0.1168120000000001
10000928 4.907832 6.978739599999999
10000929 4.4672311 2.4283745000000003
10000930 3.773551 1.9268193999999998
10000931 6.4332353 0.47535940000000015
10000932 -4.0106440999999995 -1.1163690000000002
10000933 4.1920116 0.6220432000000001
10000934 3.4585243999999995 -0.27316949999999995
10000935 -0.8754004 1.1151560999999999
10000936 2.6007775000000004 -2.9708576
10000937 8.734964699999999 -1.4340591999999996
10000938 1.7429978000000002 0.4298164
10000939 0.4808840000000002 -0.5440579000000001
10000940 0.8679086000000001 -3.4398092000000005
10000941 0.37991719999999995 0.3442756000000002
10000942 -0.6657612000000002 0.19178940000000058
10000943 4.4263585 7.805985700000001
10000944 0.5673335000000004 1.7755918999999998
10000945 1.3496016000000002 0.2652035
10000946 2.4014650000000004 2.5802062
10000947 2.2014340999999997 1.3118486000000003
10000948 4.675244000000001 7.922915400000001
10000949 2.1454797999999995 6.0135618
10000950 1.216073 2.1213307
10000951 -2.4028058 -3.479289
10000952 10.513881000000001 -4.1453916
10000953 7.999165100000001 -2.1193563
10000954 0.09139310000000016 -0.47983100000000006
10000955 2.1050397 -0.10870489999999997
10000956 6.6013801 -6.6040759
10000957 -0.5072258999999999 1.9193154
10000958 6.4893148 -2.3493115999999996
10000959 2.2145744 0.23866750000000003
10000960 5.2877943 -5.045905500000001
10000961 7.0485016 1.8558663000000002
10000962 5.272944699999999 -3.9823978
10000963 4.963089299999998 -8.157852799999999
10000964 3.6485241999999993 7.5755759
10000965 1.4473961 3.7096604999999996
10000966 3.2237029999999995 1.0457156
10000967 -9.164784299999999 0.1887452999999999
10000968 10.612790999999998 -4.8194576
10000969 6.293926600000001 1.6008418
10000970 9.714665100000001 -1.9300441
10000971 12.239392599999999 -2.9771301
10000972 0.05250739999999983 5.769195399999999
10000973 2.2807532999999998 -1.0409003000000001
10000974 2.2315815999999997 -0.2770291999999998
10000975 1.0245726000000002 8.0439176
10000976 8.3974313 -7.850854199999999
10000977 5.1519598 -2.0418637000000004
10000978 9.519375100000001 -2.8606686
10000979 7.9019958 -5.696630300000001
10000980 2.7747854999999997 -0.41884560000000015
10000981 0.9615424999999999 9.0918389
10000982 2.7888741 -2.259279
10000983 8.290776499999998 -0.3061008000000002
10000984 11.970311699999998 -3.7213263
10000985 8.8661992 2.3619769000000006
10000986 4.8903421 -3.9291318000000004
10000987 1.7417261 -0.9227874999999995
10000988 -0.8965265000000004 3.1696496
10000989 0.1119803 6.7111491
10000990 13.819054399999999 -2.4494215000000006
10000991 7.847023699999999 -0.2584861
10000992 -6.2031908 -1.5883877000000002
10000993 3.3115815 8.0246623
10000994 0.4660907000000002 2.9398122
10000995 3.5059706999999998 -6.8260739
10000996 7.330190999999999 -4.3309332000000005
10000997 -0.030371900000000184 -5.0113347
10000998 -4.17362 0.8404964999999999
10000999 3.8724743000000004 0.3898789999999998
10001000 5.610569600000001 2.761329
10001001 0.11832889999999996 1.9934394999999998
10001002 5.2714519 0.563529
10001003 6.197234999999999 5.8860874999999995
10001004 0.8013091999999997 8.855804099999999
10001005 4.221589000000001 3.5413453000000006
10001006 10.9595749 -4.956011299999999
10001007 2.2085232 7.741246599999999
10001008 6.8030946 -0.6161939000000003
10001009 2.7305311 5.7727757
10001010 5.4369958 1.4854854999999998
10001011 11.319401799999998 1.9958194000000002
10001012 7.286878100000001 -0.4928923999999997
10001013 6.536747000000001 2.8155491
10001014 3.614693 -1.0144111
10001015 1.9929541 1.1900505000000003
10001016 2.5881336999999993 9.4831623
10001017 9.8390345 -0.8422012999999999
10001018 0.5135185999999996 3.3043709999999997
10001019 4.7418961 3.9280379999999995
10001020 3.0563911 0.22274450000000004
10001021 2.0733517 4.744769400000001
10001022 7.039445499999999 6.508363900000001
10001023 9.330572700000001 1.9960270999999998
10001024 5.8504982000000005 4.0612084
10001025 -3.6434782000000006 0.9244525000000001
10001026 -6.614865399999999 -1.9285713999999998
10001027 1.4103280000000002 9.9684816
10001028 1.9916193 5.5854889
10001029 2.6845493 6.8211935
10001030 -4.7439973 3.0078132
10001031 9.156961599999999 6.032317000000001
10001032 0.7353752999999991 -3.9836658
10001033 4.0722425 -3.3776991999999995
10001034 6.7486534 2.4776515
10001035 1.3248562 -2.8064944000000005
10001036 2.3835108000000003 -0.23425789999999988
10001037 3.7205541999999996 -2.9248335
10001038 4.085747899999999 1.5785405
10001039 4.801739899999999 -4.0659919
10001040 2.5033904 6.1485488
10001041 6.0351541000000015 0.5434313999999997
10001042 4.050261 0.6132434000000001
10001043 8.815899599999998 -4.9585907
10001044 4.5197527 -4.0142796999999995
10001045 2.6289130999999997 -6.0964304
10001046 8.6187363 -4.0038826
10001047 4.7823452 -3.5070843
10001048 0.7559222000000002 -3.1547190999999994
10001049 2.735776 -1.1447113999999998
10001050 -1.9607815 -4.128926999999999
10001051 -0.22058790000000011 6.0358541
10001052 3.5412489000000003 1.5287058999999998
10001053 1.3924941999999998 -4.7782807
10001054 5.2126523 -1.2121349000000001
10001055 3.1900453000000004 2.5051152999999995
10001056 -1.7542811000000005 1.6296948999999998
10001057 7.966886499999999 5.0940206
10001058 3.6461283 0.8274345000000001
10001059 1.8926732000000002 0.7532867000000001
10001060 2.3991305000000005 0.8497588000000003
10001061 1.4334630000000002 2.2471693999999998
10001062 -3.0815281 2.8454882
10001063 -5.762814100000001 8.3501729
10001064 3.5491912999999995 1.0277669
10001065 1.4874582000000003 -1.5063525000000002
10001066 6.774100399999999 4.6566597000000005
10001067 -0.11037279999999976 -0.13703120000000002
10001068 4.1818233 0.7068255999999998
10001069 5.549216199999999 7.309473700000001
10001070 -1.2685008999999998 7.768651199999999
10001071 10.196819 -1.8019995000000002
10001072 1.4176445000000002 -1.4973711
10001073 -0.45401239999999976 -0.20363949999999997
10001074 5.7916134 2.4272997
10001075 0.7965999 3.3203154000000006
10001076 2.5905609999999997 -0.40333509999999995
10001077 5.419814799999999 0.48583809999999994
10001078 2.2364951 5.7825959
10001079 0.8194075000000002 1.2759411999999997
10001080 3.1878088 1.9804203
10001081 8.122611400000002 4.0187228
10001082 4.5923509 -2.0369127
10001083 3.3345866 2.8502888
10001084 3.4873126999999995 0.6381682000000003
10001085 -0.8004613 1.4100584999999997
10001086 5.0398722000000005 -3.571618
10001087 2.910008200000001 6.5676266
10001088 9.2278458 -0.36899930000000003
10001089 -2.0638368 3.6453755
10001090 4.740016 0.24036370000000007
10001091 4.3561873 -2.3843906
10001092 9.4847657 -3.0586689999999996
10001093 9.092499199999999 -1.2799425
10001094 2.8622846999999996 3.2694917000000006
10001095 6.4900742 -8.3561833
10001096 6.203637500000001 -1.5425359
10001097 6.448397899999999 6.153832100000001
10001098 -6.476934 2.0767105999999997
10001099 -0.8100669 5.859200599999999
10001100 3.1335383 2.6766853999999998
10001101 1.9895204999999998 -0.47542530000000055
10001102 2.9743907999999997 -0.8818379000000001
10001103 -1.1982183000000002 -0.19747689999999984
10001104 6.654625300000001 -3.604783500000001
10001105 6.037488799999999 4.6161324
10001106 2.4308530999999998 4.2116063
10001107 -0.4312790000000001 8.700203900000002
10001108 2.9820054999999996 2.321499
10001109 4.2009362 6.155440799999999
10001110 2.8736216000000003 0.7731539000000002
10001111 2.9626384000000003 -0.7415175000000006
10001112 4.8431736999999995 -4.4745408
10001113 0.5893004 -0.013633999999999702
10001114 3.4552292000000002 -4.730365099999999
10001115 2.5166414 7.291469000000001
10001116 -1.3118116 0.3941821
10001117 2.5208838 5.380844999999999
10001118 3.9931664999999987 4.0141454
10001119 5.4640842 4.7905347
10001120 1.4259977 8.984952400000001
10001121 6.7675638000000005 -0.5306180000000001
10001122 6.786199399999999 3.7770905
10001123 -1.3617822 7.5894987999999985
10001124 -0.14517570000000032 -4.441898800000001
10001125 9.8497564 2.5370542
10001126 -0.4032706999999995 -0.8797592000000003
10001127 3.441810099999999 4.569668200000001
10001128 7.511327200000001 0.48211829999999994
10001129 4.5636741 3.1041217
10001130 3.2019786000000003 3.3385071
10001131 1.3015284 2.4863317
10001132 0.43892820000000016 -9.6584649
10001133 3.1162723999999997 -1.1382339
10001134 2.2260143999999995 6.063281600000001
10001135 5.8817173 -2.7301697999999996
10001136 5.9978845000000005 -12.163586999999998
10001137 4.825508600000001 3.6767311
10000339 -0.2872551 -3.0287380000000006
10001138 3.2963192000000006 -0.5736338999999999
10001139 -0.8715809999999996 -4.824495000000001
10001140 2.9242236999999998 3.0809349
10001141 7.4918051000000006 4.0884533
10001142 2.1253227000000003 0.8267
10001143 6.887777999999999 3.8494154000000003
10001144 -2.148857 6.5360824
10001145 3.0882586 6.9549847
10001146 -1.2277203000000003 1.3207485000000005
10001147 6.008805100000001 2.9480542999999995
10001148 8.6972571 -1.4865940000000006
10001149 6.7274474 4.311338199999999
10001150 8.5155416 6.815119
10001151 -0.6790152 9.4467508
10001152 3.7980477 -1.7613969999999999
10001153 3.7056200999999995 -2.0704153999999995
10001154 2.8088199 -1.7726
10001155 2.8680773000000004 0.020089500000000003
10001156 -0.20822270000000015 -3.2721666999999997
10001157 7.2434609 2.9738990999999997
10001158 5.3724815999999995 0.8516785000000002
10001159 7.023302200000001 3.1144144999999996
10001160 -3.9185648 3.9540324
10001161 5.427928500000001 -4.0659013
10001162 6.9244787 4.6629698
10001163 12.423051599999999 -4.2974767
10001164 1.3981330999999997 4.5853262
10001165 5.017818 3.4101259999999995
10001166 3.0284178999999996 0.5007048000000001
10001167 6.3249502 -3.5605097999999997
10001168 0.10025650000000005 -1.8777532999999997
10001169 2.7576948 2.6162186
10001170 4.1974582 6.965127099999999
10001171 -0.48312150000000004 2.4633065999999997
10001172 6.7212563 4.859817899999999
10001173 9.2412539 0.14203129999999967
10001174 6.5688399 6.835885899999999
10001175 7.2571186 0.9438926999999999
10001176 6.615544699999999 3.7985685000000005
10001177 5.2359307 3.8692968
10001178 4.4233115000000005 3.8240060999999996
10001179 -2.1141046 -4.7365783
10001180 -0.28099230000000014 -2.6469873999999995
10001181 3.0682037 -6.095572699999999
10001182 10.4344763 0.4558296000000001
10001183 4.7572791 3.9274369
10001184 10.632191 1.5551779
10001185 3.3666122 5.547599999999999
10001186 1.8817877000000003 3.2877693
10001187 6.1354753 7.200275899999999
10001188 5.7147022000000005 6.676262200000001
10001189 6.004216899999999 3.8467545000000003
10001190 8.0822568 -4.079457699999999
10001191 9.0912133 2.9841987000000003
10001192 2.1344525000000005 -2.6141737000000003
10001193 3.7719241999999995 6.2562273
10001194 7.27351 5.724226399999999
10001195 3.0581913999999997 -7.508855000000001
10001196 2.7689400999999996 7.5336438
10001197 7.493538099999999 0.3046829
10001198 0.12200769999999997 -0.9437809000000001
10001199 8.7025181 -8.5757572
10001200 0.5760407000000001 6.0955112
10001201 6.0511524 -0.6373353
10001202 2.4004670999999997 0.5094055000000001
10001203 3.5532943 4.0732230000000005
10001204 4.0119816 -2.0952216
10001205 -0.21586390000000008 -0.8182244000000001
10001206 8.1182569 -0.0055812000000001975
10001207 2.5109182 3.4696388999999996
10001208 2.0979073 -3.2968815
10001209 0.8381096000000003 1.2748184
10001210 7.762695500000001 -4.3334638
10001211 2.7105026000000003 2.9904807999999994
10001212 -1.7585266999999998 -5.1229559
10001213 5.717622699999999 0.37509430000000055
10001214 4.569974 8.4570546
10001215 2.34754 1.6671652
10000417 -7.037975900000001 4.7652244
10001216 4.4306657000000005 0.4151343000000002
10001217 2.4525604999999997 1.4514664
10001218 4.7404526 -1.7207853
10001219 3.9154654 0.7430083000000001
10001220 6.1820566999999995 -3.4189555
10001221 10.3638644 0.6609079000000003
10001222 13.614548099999999 -4.8786257
10001223 4.2463451999999995 -2.9027517000000005
10001224 5.4339230999999995 -2.6600423
10001225 8.357758700000002 -11.2536945
10001226 5.235904300000001 6.4447551
10001227 0.06245850000000015 0.44990720000000034
10001228 -0.9649795000000001 1.5140211000000001
10001229 4.4359188 2.7305217
10001230 2.8972824 3.7416782999999993
10001231 5.3877932 -0.11611140000000009
10001232 3.0875840000000006 -1.1362155999999999
10001233 8.995874599999999 -1.7876426000000003
10001234 7.5541664000000015 -3.1807448
10001235 4.1536097 2.8673347
10001236 1.9511026999999999 2.6361479999999995
10001237 2.2296171 7.0271998
10001238 4.020194299999999 6.3251811
10001239 2.6337112000000005 2.2968213
10001240 -2.5317582 1.1159137000000001
10001241 1.0957991 4.255189799999999
10001242 2.5913130000000004 -1.7554592
10001243 -0.2604775 3.3483369999999995
10001244 3.833899 6.4758686
10001245 0.6593340000000001 2.2470731999999995
10001246 -0.1105668 1.8028
10001247 -5.3216676 2.486640500000001
10001248 10.647550200000001 -0.011025500000000044
10001249 -1.37087 -0.12210379999999983
10001250 6.8575142 -6.093833999999999
10001251 8.373199199999998 -5.8308047
10001252 8.761297700000002 6.328962
10001253 9.703581799999998 -0.3934085999999999
10001254 5.2585369 4.8827026
10001255 1.5685509000000004 6.547679100000001
10001256 3.2512558 0.8636545000000002
10001257 0.9841027999999996 -0.9990330000000001
10001258 4.590984 -0.39097230000000016
10001259 4.5546218 5.5831906
10001260 3.742618099999999 10.4285373
10001261 1.1033532000000004 -2.3767411000000007
10001262 5.053557199999999 -1.0899131000000002
10001263 0.012503700000000072 -7.249621900000001
10001264 5.2869514 4.5290661
10001265 6.435058 3.7195393
10001266 2.3075419000000004 8.996832199999998
10001267 -3.0453330000000003 -4.4972620999999995
10001268 4.0107649 6.3030843
10001269 5.638120499999999 -7.4204328
10001270 -1.5766270000000004 -0.5939031000000001
10001271 2.0307511000000003 6.184433900000001
10001272 -0.1780533999999999 0.38898140000000014
10001273 7.075493799999999 2.4204875
10001274 -1.8178241 -2.0041797
10001275 4.845202199999999 4.428939400000001
10001276 10.0285917 -6.2445261
10001277 6.3517239 -2.1784461
10001278 1.3354380999999997 4.326635
10001279 5.085635 -1.5628077000000002
10001280 5.219216699999999 9.593676799999997
10001281 2.5423675 5.1348689
10001282 1.5812388000000002 2.7183718999999997
10001283 7.845040399999999 -2.8999499999999996
10001284 0.36271609999999976 -4.3738948
10001285 2.9309775 9.7041962
10001286 2.8225111 2.4795665999999996
10001287 0.1387146000000005 -0.5298297000000003
10001288 5.986423 0.26957499999999984
10001289 1.5641801 -8.084390700000002
10001290 1.8529546000000003 2.4503978999999996
10000027 5.223918599999999 2.3411374
10001291 9.108490300000003 -3.9793407000000003
10001292 -6.729506000000001 -0.16804669999999994
10001293 4.3945109 -4.2008814
10001294 0.8156938 2.6287751
10001295 2.7131290999999997 -7.025121
10001296 0.6328717999999998 -1.2204065
10001297 -3.7075922000000006 -0.05925860000000025
10001298 3.8809626 -6.3668211
10000673 2.3731226000000003 4.706067
10001299 3.760027199999999 0.38544579999999995
10001300 1.3308453999999998 -0.8726584
10001301 2.3023868 3.3487817
10001302 4.5578865 5.1604256
10001303 -1.1819562 4.1590047
10001304 -0.6197759000000002 6.3380843
10001305 -1.3377181999999999 -2.2545070000000003
10001306 1.1631024 -7.136468699999999
10001307 2.1579005 3.9903641999999997
10001308 7.356943000000001 -3.1115377000000004
10001309 4.319830999999999 -1.3406718999999998
10001310 -3.0554699999999992 -2.4806418
10001311 4.6566948 0.03010679999999999
10001312 1.0007851 -0.049868699999999946
10001313 7.385322099999999 -2.2018340000000003
10001314 -0.7942789 1.0293395
10001315 3.1320461000000006 -1.6974422000000005
10001316 5.2229617 7.119105900000001
10001317 -2.1525489999999996 5.7410034
10001318 4.459111999999999 2.7201535000000003
10001319 4.3837565 -1.458044
10001320 0.7755616000000002 6.370572600000001
10001321 3.9194812999999997 7.970221300000001
10001322 -0.4165775000000001 4.424475299999999
10001323 4.7060063 -4.817584
10001324 10.842895500000001 1.2964321
10001325 2.0717646 3.788979800000001
10001326 2.5269510000000004 6.5186763999999995
10001327 9.4815351 -3.4530108999999998
10001328 2.4515859000000004 -0.7371656999999999
10001329 3.845948800000001 10.9340042
10001330 1.4705786 6.410231300000001
10001331 4.8530515 -0.11347209999999999
10001332 -4.2386852 10.7892195
10001333 6.226184 -3.186543500000001
10001334 2.9768328999999993 2.4756683999999995
10001335 5.1616954 4.8064999
10001336 6.0114841000000006 1.1187549
10001337 4.011548299999999 0.8959955
10001338 -0.3694622000000002 -3.0589126999999996
10001339 3.4188696 2.9516112999999997
10001340 2.3871877999999995 -3.5808345000000004
10001341 8.468496 4.893924800000001
10001342 -3.0906408 2.425194200000001
10001343 5.155141599999999 6.628924700000001
10001344 4.1898653999999995 5.967815900000001
10001345 -4.871508899999999 3.6602648
10001346 -1.6554027999999996 -0.13607279999999983
10001347 2.2288885 3.3295349
10001348 9.310407399999999 3.5764975
10001349 3.6370248000000003 2.3939236
10001350 10.953754700000001 -2.9956169999999998
10001351 2.6887472 -2.0546115
10001352 0.7519647 -1.4581887999999998
10001353 7.377949900000002 -2.1155853
10001354 3.1394385000000002 9.7647656
10001355 3.7091646999999996 6.200287400000001
10001356 10.356378700000002 -2.6511196
10001357 2.4161832 5.8755618
10001358 -0.07179010000000008 -1.6696312
10001359 4.857628499999999 -1.7888628999999998
10001360 4.8384994 3.6323415
10001361 3.3192460999999995 6.1612279999999995
10001362 6.0657067 -3.5668409
10001363 4.193684599999999 8.334581
10001364 5.167215 1.8454895999999998
10001365 0.4167262 4.3293898
10001366 7.942794299999998 -3.5272273
10001367 -1.5652266999999997 -1.0220140000000002
10001368 0.7100837000000002 1.5341114999999999
10001369 3.0482673 8.009094099999999
10001370 3.8735978 4.2572929
10001371 2.8842055999999996 -2.0825391
10001372 1.7156784000000005 0.8741920999999999
10001373 1.7184583 4.0466333
10001374 4.264367099999999 1.8633527
10001375 1.7062134 -2.9761546
10001376 8.1637601 1.9350583000000001
10001377 1.8809249000000001 -0.09265819999999998
10001378 8.830557899999999 0.7378417999999999
10001379 -0.41696800000000006 -6.583512199999999
10001380 7.052273299999999 3.547287
10001381 2.749631 6.978492700000001
10001382 7.9206012999999995 0.8414746000000003
10001383 1.5309453000000002 4.0483585
10001384 5.7317634 0.044380399999999966
10001385 -6.253204900000001 -3.9315248000000005
10001386 7.6159031 3.5584227
10001387 6.062481900000001 2.9598341
10001388 9.6928779 -1.1112891
10001389 5.5373404 -1.1802588999999997
10001390 -0.25663110000000006 -5.2988466
10001391 5.195151500000001 -1.4667205000000003
10001392 -2.0761049 0.8042913
10001393 3.6850041000000004 -1.0414761000000001
10001394 2.6266466 -4.5046652
10001395 6.645487 5.6245038
10001396 2.3404362 -5.193090000000001
10001397 4.5685604 3.0187347000000004
10001398 7.1840237 2.3810578999999996
10001399 0.9904270000000001 2.2943362
10001400 0.7853755 8.241147
10001401 2.7719719000000005 -0.2887003000000005
10001402 7.838150199999999 1.3447192
10001403 4.9256637 -6.427680199999999
10001404 1.3304382 -3.8061439
10001405 -0.18581340000000018 8.1908843
10001406 -1.8498131 5.6835754000000005
10001407 0.5943893999999998 -0.10852810000000002
10001408 2.6588027 1.3070352
10001409 2.8065194 6.2986111000000005
10001410 2.7521966000000004 6.454571400000001
10001411 4.045726500000001 -0.027100799999999658
10001412 8.7479507 -2.296171
10001413 0.7688168999999999 -1.0813845000000004
10001414 5.855719 4.508838000000001
10001415 6.810345 1.9583347000000006
10001416 9.633140299999999 3.8009524999999997
10001417 2.8354312999999993 3.918094
10001418 6.5116941 3.1364878
10001419 7.837436199999999 -5.632451499999999
10001420 10.119392600000001 -4.982799300000001
10001421 4.899073700000001 -3.0192790000000005
10001422 5.9706869000000005 5.2575534
10001423 6.8171564 3.3704527
10001424 -0.8805196000000002 -0.8462368000000003
10001425 3.2554998000000004 2.0143063000000003
10001426 4.0878681 2.2827778000000003
10001427 5.6619935 0.6427105
10001428 -3.5882460000000007 3.0750465
10001429 3.3194029 0.9044858999999998
10001430 4.2123475 3.690107
10001431 1.2655581000000002 1.8304852
10001432 8.3127158 3.6275107000000006
10001433 -1.0363678999999997 -3.9826739000000004
10001434 4.314205 1.0271265
10001435 1.4443916000000003 3.6485097000000004
10001436 1.5306139 1.3842838
10001437 5.991319300000001 1.3814514
10001438 1.9081804000000002 5.1932959
10001439 3.6134149 5.1084394
10001440 9.605721900000002 1.9111038000000005
10001441 -1.4967115 -3.8787552000000005
10001442 -3.0075294 2.9695614000000004
10001443 4.431205999999999 9.161072200000001
10001444 4.585306699999999 3.2839569000000006
10001445 5.997048000000001 -2.519753
10001446 4.6334845 0.44836459999999984
10001447 6.75785 2.7824923999999998
10001448 -0.30770520000000046 -0.06061070000000033
10001449 5.3502577 -3.7844886000000004
10001450 6.2111603 -3.801845
10001451 8.277376499999999 5.239680999999999
10001452 11.415107399999998 -2.1287247999999996
10001453 9.5786929 4.1427817
10000757 7.1380997 4.9449266000000005
10001454 11.4486416 4.5109490999999995
10001455 -0.9907634999999999 2.9706595000000005
10001456 3.786878 -3.5538885999999996
10001457 1.6357233000000004 -4.8077821
10001458 7.5588014999999995 -6.994015399999999
10001459 10.422383400000001 2.4485018
10001460 13.8025676 -1.8522863999999999
10001461 2.0620813 2.1343810000000003
10001462 1.3628418999999998 0.4097009999999999
10001463 4.6139699 -6.4747562
10001464 4.988771799999999 4.491328900000001
10001465 -4.042903600000001 -0.7958588999999999
10001466 5.736009699999999 -1.6904949000000002
10001467 0.2046183000000001 2.3547053
10001468 4.731533600000001 2.9396377
10001469 8.075783900000001 -1.0812272999999997
10001470 7.620506700000002 -4.4570229
10001471 7.759191999999999 -0.9470432000000002
10001472 6.6901839999999995 -2.0098829999999994
10001473 6.935808200000001 -4.863597599999999
10001474 1.4665328 3.8184440000000004
10001475 4.105364100000001 1.3976107999999998
10001476 3.3430125999999993 -0.8608866999999998
10001477 2.9386878 -2.8432252999999994
10001478 -0.0863834999999999 7.2803453000000005
10001479 6.3951991 6.5923998
10001480 8.002073099999999 -0.7146912000000001
10001481 1.2364291 0.6448313999999999
10001482 2.2005076000000003 1.2197645
10001483 6.6750302 2.0523135
10001484 10.6412856 6.2423907
10001485 1.2931782000000003 11.280061400000001
10001486 1.9675835999999998 -1.5834060999999995
10001487 4.4859605 -9.6835747
10001488 4.5540818 4.0700362000000005
