36
1 -17.001139 1.036956
1 -16.889933 0.931773
1 -16.998007 0.854105
1 -16.974688 0.959664
1 -16.954189 0.883326
1 -16.845381 0.912163
1 -16.215042 0.489831
1 -16.264236 0.153885
1 -16.457867 0.713799
1 -16.163782 0.369967
1 -16.316441 0.664913
1 -16.285557 0.440115
1 -16.380203 0.582671
1 -16.429956 0.305875
1 -16.095079 0.543419
1 -16.128794 0.550502
1 -16.423452 0.661662
1 -16.439875 0.818822
1 -16.315611 0.381818
1 -16.412476 0.212151
1 -16.152481 0.643357
1 -16.186563 0.428473
1 -16.309095 0.674334
1 -17.116663 1.020631
1 -16.285463 0.431500
1 -16.289827 0.472860
1 -16.647137 0.871780
1 -16.541191 0.930433
1 -16.220102 0.488533
1 -16.054306 0.468192
1 -16.329556 0.705681
1 -16.155851 0.468747
1 -16.112129 0.462252
1 -16.512636 0.827127
1 -16.556351 0.709208
1 -16.599825 0.611566
