699
1 -4.446135 15.721961
1 -8.256609 15.581356
1 -5.352145 15.284432
1 -8.653470 16.125961
1 0.833880 8.704704
1 -16.636547 10.601145
1 -4.918334 16.218067
1 -8.840697 15.873323
1 -8.847282 15.957545
1 -3.967908 -13.823345
1 1.126783 10.226452
1 0.888854 9.390320
1 21.560934 0.574844
1 2.705392 11.365919
1 -4.041354 15.044091
1 -3.635566 15.310408
1 0.361441 10.689621
1 -4.349688 16.291672
1 0.547977 14.664940
1 -8.898342 15.610414
1 -0.072240 12.978945
1 -0.421544 12.052200
1 -0.224206 13.731268
1 -0.290073 13.866416
1 -3.870209 16.169744
1 -8.570956 16.280518
1 -2.779198 -13.288666
1 -16.630030 1.113498
1 -2.341868 -13.237006
1 -1.274377 13.348221
1 1.717326 11.774810
1 -4.600785 15.919125
1 0.443604 10.812366
1 0.751393 12.113233
1 -16.686232 0.546307
1 0.900619 13.046370
1 2.620661 12.731832
1 0.036075 13.050272
1 1.152528 12.094917
1 0.612358 11.107333
1 0.377284 11.132660
1 1.385211 11.131285
1 0.417637 12.940681
1 0.971369 10.977813
1 -1.601044 13.797355
1 -0.314249 13.928432
1 2.445940 11.600145
1 0.117745 13.238594
1 -7.452188 16.042015
1 0.984715 13.346202
1 -9.322875 16.384071
1 -17.563595 0.808560
1 -15.501258 0.654558
1 -4.186507 15.761379
1 -0.909699 13.453404
1 -1.539551 13.597820
1 1.874233 12.049709
1 -4.791662 16.261896
1 -9.518053 16.207418
1 -9.536349 16.297262
1 1.475205 11.894843
1 0.775657 10.209542
1 -16.475674 10.683575
1 -4.346453 16.573341
1 -17.015757 0.963448
1 -3.504459 15.367722
1 0.878114 9.396516
1 0.994504 11.623831
1 0.479542 10.755228
1 5.939174 14.030061
1 15.633091 -17.326822
1 -17.681046 0.837028
1 -19.110521 2.728407
1 -11.986143 12.280627
1 13.752540 -9.484935
1 7.776577 7.204276
1 0.920045 10.868073
1 -9.534109 16.461515
1 -16.579538 1.061590
1 -16.184658 0.639953
1 -11.772995 12.023771
1 -16.525839 0.169632
1 0.534903 8.517281
1 -0.295877 12.687981
1 -0.120294 12.702225
1 0.550795 11.053693
1 -3.986511 16.278826
1 -0.198062 12.975183
1 -5.981814 16.650043
1 1.308661 11.812088
1 1.243226 11.679119
1 -11.774480 12.166904
1 -3.291646 -9.958631
1 1.222671 11.974990
1 1.232223 12.444541
1 0.369436 12.591188
1 1.114617 11.394920
1 1.346636 11.684762
1 1.626182 11.170893
1 1.749807 12.391954
1 1.741758 11.537056
1 1.330798 11.876987
1 0.829971 12.068941
1 1.830353 12.311307
1 -16.316380 0.605714
1 -11.652159 12.175711
1 1.124408 12.002906
1 1.623123 11.452304
1 1.364587 11.826742
1 0.861024 12.267388
1 1.460656 11.774387
1 1.443290 11.544932
1 -16.139334 0.631554
1 0.838540 11.332686
1 1.626926 12.083721
1 1.843824 11.153089
1 -16.041058 0.431068
1 1.369198 12.103713
1 1.328560 12.087580
1 1.876606 11.504346
1 -16.399559 0.578760
1 0.808330 12.063191
1 1.004919 11.548373
1 -16.333035 0.451936
1 -16.084970 0.685191
1 -16.016817 0.334555
1 -16.129488 0.462920
1 -16.195663 0.464679
1 -16.247564 0.561001
1 1.294117 11.972928
1 1.366083 11.961452
1 0.437465 10.885780
1 -0.354502 12.319321
1 -16.540594 1.555990
1 0.311754 14.018392
1 0.480473 13.488211
1 1.067140 8.961324
1 -0.002816 13.924658
1 0.078020 13.946331
1 1.739170 11.121614
1 0.273911 10.493825
1 -4.759752 15.460595
1 1.376385 12.458811
1 0.011581 13.351336
1 0.039517 13.225285
1 -3.569711 15.427334
1 0.770839 11.040178
1 3.154959 14.396168
1 0.403317 12.045224
1 -2.331802 -13.262424
1 0.342539 13.110432
1 0.843383 9.669981
1 1.960090 11.440144
1 -0.113174 13.655477
1 13.759062 -11.038360
1 1.725169 10.924580
1 1.132361 12.272161
1 -16.352407 0.892114
1 1.513907 12.895574
1 -16.620848 1.020279
1 -15.798526 0.839261
1 14.348104 -11.376663
1 0.058849 13.289512
1 -1.079114 12.931453
1 -0.071288 13.407606
1 -17.597940 0.755297
1 -1.265872 13.386950
1 1.174968 10.974112
1 0.213362 10.353189
1 15.885564 -11.921769
1 0.060567 -0.420502
1 -4.217937 15.771047
1 1.086579 12.168653
1 1.270396 9.253210
1 -1.335033 12.722840
1 -15.967395 0.827389
1 0.722951 12.348926
1 -0.460230 12.058092
1 -16.685465 1.918490
1 -16.715235 0.577902
1 0.899278 9.295707
1 -15.783544 0.444816
1 -6.429293 16.643925
1 -15.623439 1.356721
1 -3.039219 15.345085
1 -1.082134 11.239204
1 -17.776871 0.935578
1 3.386809 14.508606
1 -0.322447 12.632303
1 0.903370 11.599483
1 1.093377 11.719209
1 0.965438 12.391959
1 1.484401 11.788072
1 1.137919 11.702088
1 -6.814285 -10.698253
1 1.613845 12.337636
1 1.684484 12.387876
1 -18.425442 14.679256
1 -18.154078 16.402227
1 0.740108 11.603173
1 -16.060402 0.472312
1 -16.120659 0.547804
1 -16.505136 0.626350
1 1.364116 11.819177
1 -16.090893 0.631004
1 0.609065 11.552636
1 1.339193 11.490893
1 -16.416542 0.513950
1 8.243462 12.839982
1 -16.148540 0.418453
1 1.338388 12.123584
1 0.973661 11.905955
1 -5.360290 -10.761175
1 0.768435 12.495068
1 1.232500 11.868273
1 -8.586472 16.359211
1 -9.009884 15.857655
1 -8.629283 16.339855
1 -9.310833 15.585763
1 -14.445532 0.960236
1 -9.443007 16.439228
1 -17.191935 1.259098
1 -9.136613 16.319361
1 -18.148754 -1.937235
1 -12.076479 10.599301
1 -11.912209 12.123662
1 -17.670294 0.771597
1 -3.960837 14.325239
1 -16.617723 0.433903
1 -4.749471 16.499826
1 -4.679968 15.490437
1 -7.924032 15.473516
1 -11.856750 12.339071
1 -11.725905 12.232173
1 -17.608265 0.763468
1 -16.833319 1.305598
1 -15.296045 12.565810
1 0.097805 15.842884
1 -17.086916 0.993391
1 -9.120816 15.559514
1 -16.619339 0.908950
1 -9.161788 16.385845
1 -16.102743 0.753123
1 -17.136511 1.169195
1 -13.090277 12.667636
1 -8.997948 16.484100
1 -11.982267 11.786431
1 -17.838959 0.909465
1 -12.140388 11.734699
1 -11.814499 11.945510
1 -1.106430 13.692005
1 -18.669222 -0.645848
1 -16.636459 0.842715
1 -16.837370 0.537023
1 -5.194469 16.495525
1 -8.907957 15.944103
1 -0.524881 13.761335
1 -18.598778 15.844050
1 -16.277908 0.614444
1 -11.504165 12.280003
1 -16.212364 0.681987
1 -16.027269 0.379985
1 -16.327244 0.602647
1 -16.118710 0.616590
1 -16.151291 0.438630
1 -11.820148 12.303186
1 -16.109375 0.569622
1 0.690131 7.775925
1 -4.202602 -5.025383
1 -4.248533 15.594924
1 -3.549370 15.377785
1 0.164355 14.056025
1 -4.090451 14.603404
1 -8.654636 16.302910
1 0.918283 8.726124
1 -0.174464 13.403092
1 0.333990 12.402732
1 0.517529 9.929102
1 0.550070 10.302959
1 -0.394555 12.207241
1 1.683204 10.928483
1 1.315288 10.913592
1 -11.301091 1.068480
1 0.337736 13.503530
1 0.995864 13.613760
1 -16.770325 10.562073
1 -2.403818 -3.051229
1 2.754104 12.808781
1 -3.969084 -13.836921
1 0.270261 13.688406
1 1.533693 8.486752
1 2.730647 11.569030
1 0.830045 9.226604
1 -1.130131 11.209794
1 0.278630 12.611226
1 16.243742 -17.951702
1 -3.936944 15.302976
1 0.458699 13.217862
1 1.190986 9.701137
1 1.159685 8.278462
1 0.095899 13.874990
1 0.184525 13.630519
1 0.568609 10.806385
1 1.746892 10.393525
1 -17.226830 1.189272
1 0.827110 8.553920
1 1.500324 10.355080
1 1.459895 10.127324
1 -17.046455 1.245178
1 -16.947412 1.400430
1 0.890137 9.192328
1 0.954155 8.928254
1 0.898216 9.354173
1 2.716082 12.576329
1 0.429107 13.455653
1 0.310759 13.883615
1 0.939479 8.937677
1 -1.405139 13.956833
1 -5.243093 16.540255
1 -2.779572 -13.293241
1 -9.475572 16.750240
1 -3.172779 14.076045
1 -16.671595 1.209592
1 -16.783657 1.141644
1 2.321883 14.174803
1 0.241069 13.750888
1 -16.618330 1.484272
1 0.248721 13.525508
1 0.294529 13.889963
1 1.462866 11.189652
1 -4.348093 16.076839
1 -4.367959 15.894347
1 0.047352 9.831521
1 0.814696 13.490876
1 1.073738 14.286671
1 -7.314851 16.036032
1 -4.096825 15.701723
1 -4.566890 15.378312
1 0.321055 13.991504
1 -16.677313 1.403820
1 -2.958444 -3.392422
1 -3.423353 15.392253
1 -20.008665 11.043294
1 -12.140111 11.238736
1 0.992042 10.202391
1 -3.988535 15.746839
1 1.419698 12.731915
1 -16.625158 1.085556
1 -12.009144 12.258220
1 -3.662694 14.231338
1 -16.663773 1.132883
1 -1.433874 13.134252
1 -0.306449 13.744215
1 1.060624 11.603138
1 -1.957205 13.977983
1 0.804421 8.677011
1 -1.079075 12.904045
1 -3.783164 14.364447
1 -6.824493 16.350458
1 -18.737715 -0.922533
1 -11.869714 12.268763
1 -3.513222 14.968009
1 0.805422 13.502011
1 -6.945317 15.990136
1 0.303255 10.364670
1 0.936462 12.036099
1 -0.201436 12.434374
1 -4.836144 16.583578
1 -0.503767 13.429550
1 -4.166084 15.842875
1 -15.815043 0.524833
1 2.119427 12.519780
1 5.047279 14.245765
1 -9.353639 15.746203
1 -3.939697 15.715318
1 3.555552 10.977654
1 -12.060763 11.402820
1 -16.648804 1.085948
1 -9.458009 16.236736
1 -16.613317 10.687485
1 0.950943 11.432876
1 -2.659678 15.303515
1 1.419812 10.550530
1 16.277721 -13.159481
1 -17.246754 0.969339
1 -0.021216 13.891074
1 -7.442194 14.954437
1 -16.532480 0.805652
1 0.939824 8.399603
1 15.571870 -13.165488
1 -17.070738 1.285739
1 0.480746 12.805261
1 0.500465 12.691842
1 -16.978918 1.165232
1 1.329807 12.266816
1 -12.143173 12.319919
1 -12.023513 12.391278
1 -18.054695 -2.157649
1 1.260230 13.227589
1 -17.969240 -1.533873
1 -17.826557 0.952023
1 0.301193 13.904917
1 -16.743374 1.157779
1 -7.945946 16.141026
1 -17.199619 1.224682
1 -16.973295 1.396566
1 0.921196 11.484879
1 -17.133722 1.083599
1 -16.738079 0.982459
1 -5.215270 16.447655
1 -0.289621 13.938045
1 -0.333098 15.233229
1 -2.327209 -13.288658
1 -15.293367 12.534034
1 -11.707713 12.246474
1 5.710454 13.973291
1 1.471333 11.826186
1 1.149900 11.663891
1 1.006743 11.876199
1 -1.024385 -8.477176
1 -11.676252 12.232768
1 1.669656 12.013862
1 1.641258 12.426919
1 0.760455 11.546197
1 1.387720 12.016594
1 0.974182 12.546492
1 1.701347 11.141464
1 0.851527 11.739375
1 1.002438 11.919552
1 1.352044 11.682498
1 0.874116 12.084709
1 1.204806 11.965423
1 1.340708 12.185070
1 1.017292 12.069566
1 0.928474 12.373435
1 0.841482 11.675107
1 0.744459 12.445026
1 1.355959 11.444596
1 1.842652 12.719127
1 1.104967 12.025079
1 1.663170 12.340217
1 1.082591 11.443251
1 -1.480695 -9.790897
1 1.126592 11.726157
1 1.488803 11.961751
1 1.180303 11.423589
1 1.140309 11.423117
1 1.678889 12.414169
1 0.978400 11.994336
1 1.181208 12.253646
1 1.049166 11.924601
1 1.387220 11.624513
1 1.564366 11.091817
1 0.971554 12.202300
1 1.659552 11.483607
1 1.461626 12.191483
1 1.056865 12.102611
1 1.343824 12.115355
1 1.101869 12.063426
1 1.171130 12.251216
1 1.592093 11.997289
1 1.455240 11.810095
1 1.917599 11.543040
1 0.926705 12.130618
1 -11.660237 11.999665
1 0.276953 12.009401
1 -16.294975 0.412624
1 1.272189 12.239355
1 -11.678875 11.896214
1 -0.748911 -10.041725
1 -11.686517 12.075925
1 1.189583 11.954609
1 1.023625 12.168048
1 1.354203 11.723974
1 1.652657 12.400156
1 -1.173590 -8.990095
1 -11.880371 12.254107
1 1.248644 11.591228
1 1.076538 12.222672
1 -11.675924 12.240351
1 1.351101 11.931173
1 1.868180 11.701756
1 0.748252 11.673717
1 1.025021 11.732566
1 -16.066488 0.527680
1 -16.736214 0.582309
1 -16.326540 0.680379
1 -17.012535 1.089300
1 -16.225809 0.618704
1 0.651108 11.350208
1 0.967461 12.142610
1 0.764272 11.427536
1 0.979943 12.225182
1 -11.748429 12.250112
1 1.278436 12.386415
1 -11.649585 12.166462
1 -11.824203 12.041337
1 0.579658 11.306407
1 -11.518929 12.223482
1 -11.904520 12.196469
1 -12.800200 20.134161
1 0.412555 10.583392
1 -0.075487 13.757055
1 1.006530 8.946396
1 -0.444504 12.915450
1 -16.739893 10.425734
1 0.514028 10.098313
1 0.073314 12.273978
1 -8.611083 16.491167
1 1.530419 10.891388
1 0.685583 9.139763
1 0.227347 12.829739
1 -0.000312 13.927241
1 1.326190 8.404804
1 -1.926437 -3.406549
1 -2.656729 -3.229075
1 0.598443 10.191426
1 1.747487 10.574835
1 0.317864 13.845390
1 -4.093458 14.716610
1 -4.206209 14.659451
1 -4.101643 14.677979
1 0.818062 9.002147
1 0.410507 13.153138
1 16.283072 -17.955584
1 1.238759 10.700630
1 3.348174 14.380568
1 -3.503459 -13.021440
1 -3.480172 -12.967539
1 1.201192 9.700322
1 0.383154 13.893692
1 1.825355 11.200314
1 0.758556 12.949369
1 1.477747 10.363325
1 1.437523 10.520842
1 1.084706 13.985429
1 0.424776 9.734197
1 0.294885 10.524780
1 -17.149128 1.275032
1 0.716055 8.457692
1 2.031776 9.987001
1 0.662834 10.280375
1 -17.200771 1.358872
1 -16.148928 10.883010
1 -5.259741 -5.714359
1 0.264044 13.649573
1 -4.618716 -11.978474
1 -9.484911 14.810825
1 2.690588 12.682927
1 0.244393 13.634056
1 0.467554 13.270943
1 0.836952 9.117511
1 1.327851 13.251430
1 -8.951562 15.151134
1 -8.468043 15.586817
1 -8.908195 15.292394
1 -4.611071 -11.962606
1 1.380769 10.157600
1 -7.002669 16.003498
1 0.695425 9.554022
1 0.672397 9.968342
1 1.464897 10.799232
1 0.676166 11.232209
1 -17.027290 1.298746
1 -9.502439 18.072397
1 -9.568113 18.016005
1 -8.525530 16.290096
1 -0.156869 13.787148
1 -4.009003 14.697929
1 0.876922 13.657285
1 0.252967 13.470449
1 6.074824 14.078145
1 1.747009 10.822829
1 0.854602 10.529918
1 -4.368827 14.782247
1 1.254466 10.786160
1 0.920524 13.734042
1 0.548177 13.281622
1 -0.115310 13.034621
1 -3.986918 14.817170
1 0.477916 14.244101
1 -4.829308 16.030682
1 -0.153055 14.112984
1 20.424231 -17.553888
1 0.183491 11.203617
1 0.041732 14.051724
1 -12.124073 12.339071
1 -16.885519 1.701175
1 -3.835644 15.778442
1 0.003207 13.946696
1 -16.926785 1.073815
1 -0.452714 13.873239
1 2.906109 11.102865
1 17.038778 -13.462999
1 -0.628781 12.758102
1 -7.465658 15.922639
1 -18.767960 -0.852808
1 -3.091534 13.731187
1 0.387882 13.432985
1 0.270052 13.478503
1 0.212006 10.381631
1 0.244241 10.324493
1 14.310590 -11.236721
1 -11.860050 11.569871
1 1.294882 12.615513
1 -9.497250 16.411634
1 -2.295572 14.468816
1 -9.084623 15.627503
1 -4.758958 15.284067
1 16.031534 -13.084558
1 0.313914 10.424554
1 5.535780 13.460235
1 2.517488 12.675862
1 0.209510 10.356414
1 -4.228944 15.823691
1 -16.356642 0.502951
1 -17.766012 1.028847
1 0.133118 12.924224
1 -4.738759 15.583975
1 -1.507162 13.671463
1 -4.630561 -11.979780
1 -16.958303 1.288880
1 -16.927916 1.128199
1 -17.061102 1.265118
1 -16.902552 1.136749
1 0.383412 12.892201
1 2.883772 4.213928
1 0.144071 12.682693
1 -12.148251 12.399061
1 -12.136881 11.725208
1 0.334259 13.869309
1 -16.764868 0.860159
1 -9.445636 16.840027
1 -16.191820 0.552282
1 -17.981699 -2.265461
1 1.264880 13.424942
1 0.633047 11.283727
1 1.611060 11.516512
1 1.432406 10.777600
1 -16.858816 1.085572
1 17.077438 -12.502787
1 2.143174 8.666393
1 -9.482726 15.782254
1 0.632269 11.505733
1 -17.654652 0.535977
1 -16.277300 0.674812
1 -9.470115 16.540834
1 4.338356 4.092913
1 1.136643 13.577245
1 -6.679635 16.567078
1 1.232217 12.224175
1 1.399150 11.670247
1 -16.151722 0.556654
1 1.070249 11.510505
1 1.251532 11.505539
1 1.002137 12.574081
1 1.513429 12.226971
1 1.262165 12.076320
1 -16.263254 0.327290
1 1.113793 11.873083
1 0.986156 12.026077
1 0.402570 11.140742
1 1.258689 11.658403
1 1.135732 11.135747
1 1.430755 12.013948
1 1.377029 11.460314
1 1.768544 11.932700
1 -15.883023 0.448122
1 -16.160694 0.581052
1 0.747452 11.937296
1 1.630482 11.853002
1 1.020241 12.371548
1 1.165897 12.695788
1 -16.375347 0.438485
1 -1.486949 -10.961748
1 -16.250246 0.786882
1 1.018390 11.574309
1 -11.666825 12.204402
1 -11.565808 12.337448
1 1.341246 12.031634
1 -0.972407 -9.255349
1 1.841774 12.502954
1 1.229492 11.778771
1 1.238855 12.767825
1 1.206709 12.018478
1 2.006341 11.304367
1 -16.212147 0.506554
1 -16.409449 0.681501
1 -13.108855 19.655836
1 -16.150463 0.555082
1 -11.621313 12.154236
1 -16.540167 0.610582
1 1.440419 11.988645
1 -16.292635 0.656632
1 0.809614 12.055353
1 -11.588350 12.234522
1 1.975199 11.462295
1 0.943532 11.911188
1 1.444938 11.653351
