1065
1 0.437465 10.885780
1 -0.354502 12.319321
1 -16.540594 1.555990
1 0.311754 14.018392
1 0.480473 13.488211
1 1.067140 8.961324
1 -0.002816 13.924658
1 0.078020 13.946331
1 1.739170 11.121614
1 0.273911 10.493825
1 -4.759752 15.460595
1 1.376385 12.458811
1 0.011581 13.351336
1 0.039517 13.225285
1 -3.569711 15.427334
1 0.770839 11.040178
1 3.154959 14.396168
1 0.403317 12.045224
1 -2.331802 -13.262424
1 0.342539 13.110432
1 0.843383 9.669981
1 1.960090 11.440144
1 -0.113174 13.655477
1 13.759062 -11.038360
1 1.725169 10.924580
1 1.132361 12.272161
1 -16.352407 0.892114
1 1.513907 12.895574
1 -16.620848 1.020279
1 -15.798526 0.839261
1 14.348104 -11.376663
1 0.058849 13.289512
1 -1.079114 12.931453
1 -0.071288 13.407606
1 -17.597940 0.755297
1 -1.265872 13.386950
1 1.174968 10.974112
1 0.213362 10.353189
1 15.885564 -11.921769
1 0.060567 -0.420502
1 -4.217937 15.771047
1 1.086579 12.168653
1 1.270396 9.253210
1 -1.335033 12.722840
1 -15.967395 0.827389
1 0.722951 12.348926
1 -0.460230 12.058092
1 -16.685465 1.918490
1 -16.715235 0.577902
1 0.899278 9.295707
1 -15.783544 0.444816
1 -6.429293 16.643925
1 -15.623439 1.356721
1 -3.039219 15.345085
1 -1.082134 11.239204
1 -17.776871 0.935578
1 3.386809 14.508606
1 -0.322447 12.632303
1 0.903370 11.599483
1 1.093377 11.719209
1 0.965438 12.391959
1 1.484401 11.788072
1 1.137919 11.702088
1 -6.814285 -10.698253
1 1.613845 12.337636
1 1.684484 12.387876
1 -18.425442 14.679256
1 -18.154078 16.402227
1 0.740108 11.603173
1 -16.060402 0.472312
1 -16.120659 0.547804
1 -16.505136 0.626350
1 1.364116 11.819177
1 -16.090893 0.631004
1 0.609065 11.552636
1 1.339193 11.490893
1 -16.416542 0.513950
1 8.243462 12.839982
1 -16.148540 0.418453
1 1.338388 12.123584
1 0.973661 11.905955
1 -5.360290 -10.761175
1 0.768435 12.495068
1 1.232500 11.868273
1 -8.586472 16.359211
1 -9.009884 15.857655
1 -8.629283 16.339855
1 -9.310833 15.585763
1 -14.445532 0.960236
1 -9.443007 16.439228
1 -17.191935 1.259098
1 -9.136613 16.319361
1 -18.148754 -1.937235
1 -12.076479 10.599301
1 -11.912209 12.123662
1 -17.670294 0.771597
1 -3.960837 14.325239
1 -16.617723 0.433903
1 -4.749471 16.499826
1 -4.679968 15.490437
1 -7.924032 15.473516
1 -11.856750 12.339071
1 -11.725905 12.232173
1 -17.608265 0.763468
1 -16.833319 1.305598
1 -15.296045 12.565810
1 0.097805 15.842884
1 -17.086916 0.993391
1 -9.120816 15.559514
1 -16.619339 0.908950
1 -9.161788 16.385845
1 -16.102743 0.753123
1 -17.136511 1.169195
1 -13.090277 12.667636
1 -8.997948 16.484100
1 -11.982267 11.786431
1 -17.838959 0.909465
1 -12.140388 11.734699
1 -11.814499 11.945510
1 -1.106430 13.692005
1 -18.669222 -0.645848
1 -16.636459 0.842715
1 -16.837370 0.537023
1 -5.194469 16.495525
1 -8.907957 15.944103
1 -0.524881 13.761335
1 -18.598778 15.844050
1 -16.277908 0.614444
1 -11.504165 12.280003
1 -16.212364 0.681987
1 -16.027269 0.379985
1 -16.327244 0.602647
1 -16.118710 0.616590
1 -16.151291 0.438630
1 -11.820148 12.303186
1 -16.109375 0.569622
1 0.690131 7.775925
1 -4.202602 -5.025383
1 -4.248533 15.594924
1 -3.549370 15.377785
1 0.164355 14.056025
1 -4.090451 14.603404
1 -8.654636 16.302910
1 0.918283 8.726124
1 -0.174464 13.403092
1 0.333990 12.402732
1 0.517529 9.929102
1 0.550070 10.302959
1 -0.394555 12.207241
1 1.683204 10.928483
1 1.315288 10.913592
1 -11.301091 1.068480
1 0.337736 13.503530
1 0.995864 13.613760
1 -16.770325 10.562073
1 -2.403818 -3.051229
1 2.754104 12.808781
1 -3.969084 -13.836921
1 0.270261 13.688406
1 1.533693 8.486752
1 2.730647 11.569030
1 0.830045 9.226604
1 -1.130131 11.209794
1 0.278630 12.611226
1 16.243742 -17.951702
1 -3.936944 15.302976
1 0.458699 13.217862
1 1.190986 9.701137
1 1.159685 8.278462
1 0.095899 13.874990
1 0.184525 13.630519
1 0.568609 10.806385
1 1.746892 10.393525
1 -17.226830 1.189272
1 0.827110 8.553920
1 1.500324 10.355080
1 1.459895 10.127324
1 -17.046455 1.245178
1 -16.947412 1.400430
1 0.890137 9.192328
1 0.954155 8.928254
1 0.898216 9.354173
1 2.716082 12.576329
1 0.429107 13.455653
1 0.310759 13.883615
1 0.939479 8.937677
1 -1.405139 13.956833
1 -5.243093 16.540255
1 -2.779572 -13.293241
1 -9.475572 16.750240
1 -3.172779 14.076045
1 -16.671595 1.209592
1 -16.783657 1.141644
1 2.321883 14.174803
1 0.241069 13.750888
1 -16.618330 1.484272
1 0.248721 13.525508
1 0.294529 13.889963
1 1.462866 11.189652
1 -4.348093 16.076839
1 -4.367959 15.894347
1 0.047352 9.831521
1 0.814696 13.490876
1 1.073738 14.286671
1 -7.314851 16.036032
1 -4.096825 15.701723
1 -4.566890 15.378312
1 0.321055 13.991504
1 -16.677313 1.403820
1 -2.958444 -3.392422
1 -3.423353 15.392253
1 -20.008665 11.043294
1 -12.140111 11.238736
1 0.992042 10.202391
1 -3.988535 15.746839
1 1.419698 12.731915
1 -16.625158 1.085556
1 -12.009144 12.258220
1 -3.662694 14.231338
1 -16.663773 1.132883
1 -1.433874 13.134252
1 -0.306449 13.744215
1 1.060624 11.603138
1 -1.957205 13.977983
1 0.804421 8.677011
1 -1.079075 12.904045
1 -3.783164 14.364447
1 -6.824493 16.350458
1 -18.737715 -0.922533
1 -11.869714 12.268763
1 -3.513222 14.968009
1 0.805422 13.502011
1 -6.945317 15.990136
1 0.303255 10.364670
1 0.936462 12.036099
1 -0.201436 12.434374
1 -4.836144 16.583578
1 -0.503767 13.429550
1 -4.166084 15.842875
1 -15.815043 0.524833
1 2.119427 12.519780
1 5.047279 14.245765
1 -9.353639 15.746203
1 -3.939697 15.715318
1 3.555552 10.977654
1 -12.060763 11.402820
1 -16.648804 1.085948
1 -9.458009 16.236736
1 -16.613317 10.687485
1 0.950943 11.432876
1 -2.659678 15.303515
1 1.419812 10.550530
1 16.277721 -13.159481
1 -17.246754 0.969339
1 -0.021216 13.891074
1 -7.442194 14.954437
1 -16.532480 0.805652
1 0.939824 8.399603
1 15.571870 -13.165488
1 -17.070738 1.285739
1 0.480746 12.805261
1 0.500465 12.691842
1 -16.978918 1.165232
1 1.329807 12.266816
1 -12.143173 12.319919
1 -12.023513 12.391278
1 -18.054695 -2.157649
1 1.260230 13.227589
1 -17.969240 -1.533873
1 -17.826557 0.952023
1 0.301193 13.904917
1 -16.743374 1.157779
1 -7.945946 16.141026
1 -17.199619 1.224682
1 -16.973295 1.396566
1 0.921196 11.484879
1 -17.133722 1.083599
1 -16.738079 0.982459
1 -5.215270 16.447655
1 -0.289621 13.938045
1 -0.333098 15.233229
1 -2.327209 -13.288658
1 -15.293367 12.534034
1 -11.707713 12.246474
1 5.710454 13.973291
1 1.471333 11.826186
1 1.149900 11.663891
1 1.006743 11.876199
1 -1.024385 -8.477176
1 -11.676252 12.232768
1 1.669656 12.013862
1 1.641258 12.426919
1 0.760455 11.546197
1 1.387720 12.016594
1 0.974182 12.546492
1 1.701347 11.141464
1 0.851527 11.739375
1 1.002438 11.919552
1 1.352044 11.682498
1 0.874116 12.084709
1 1.204806 11.965423
1 1.340708 12.185070
1 1.017292 12.069566
1 0.928474 12.373435
1 0.841482 11.675107
1 0.744459 12.445026
1 1.355959 11.444596
1 1.842652 12.719127
1 1.104967 12.025079
1 1.663170 12.340217
1 1.082591 11.443251
1 -1.480695 -9.790897
1 1.126592 11.726157
1 1.488803 11.961751
1 1.180303 11.423589
1 1.140309 11.423117
1 1.678889 12.414169
1 0.978400 11.994336
1 1.181208 12.253646
1 1.049166 11.924601
1 1.387220 11.624513
1 1.564366 11.091817
1 0.971554 12.202300
1 1.659552 11.483607
1 1.461626 12.191483
1 1.056865 12.102611
1 1.343824 12.115355
1 1.101869 12.063426
1 1.171130 12.251216
1 1.592093 11.997289
1 1.455240 11.810095
1 1.917599 11.543040
1 0.926705 12.130618
1 -11.660237 11.999665
1 0.276953 12.009401
1 -16.294975 0.412624
1 1.272189 12.239355
1 -11.678875 11.896214
1 -0.748911 -10.041725
1 -11.686517 12.075925
1 1.189583 11.954609
1 1.023625 12.168048
1 1.354203 11.723974
1 1.652657 12.400156
1 -1.173590 -8.990095
1 -11.880371 12.254107
1 1.248644 11.591228
1 1.076538 12.222672
1 -11.675924 12.240351
1 1.351101 11.931173
1 1.868180 11.701756
1 0.748252 11.673717
1 1.025021 11.732566
1 -16.066488 0.527680
1 -16.736214 0.582309
1 -16.326540 0.680379
1 -17.012535 1.089300
1 -16.225809 0.618704
1 0.651108 11.350208
1 0.967461 12.142610
1 0.764272 11.427536
1 0.979943 12.225182
1 -11.748429 12.250112
1 1.278436 12.386415
1 -11.649585 12.166462
1 -11.824203 12.041337
1 0.579658 11.306407
1 -11.518929 12.223482
1 -11.904520 12.196469
1 -12.800200 20.134161
1 0.412555 10.583392
1 -0.075487 13.757055
1 1.006530 8.946396
1 -0.444504 12.915450
1 -16.739893 10.425734
1 0.514028 10.098313
1 0.073314 12.273978
1 -8.611083 16.491167
1 1.530419 10.891388
1 0.685583 9.139763
1 0.227347 12.829739
1 -0.000312 13.927241
1 1.326190 8.404804
1 -1.926437 -3.406549
1 -2.656729 -3.229075
1 0.598443 10.191426
1 1.747487 10.574835
1 0.317864 13.845390
1 -4.093458 14.716610
1 -4.206209 14.659451
1 -4.101643 14.677979
1 0.818062 9.002147
1 0.410507 13.153138
1 16.283072 -17.955584
1 1.238759 10.700630
1 3.348174 14.380568
1 -3.503459 -13.021440
1 -3.480172 -12.967539
1 1.201192 9.700322
1 0.383154 13.893692
1 1.825355 11.200314
1 0.758556 12.949369
1 1.477747 10.363325
1 1.437523 10.520842
1 1.084706 13.985429
1 0.424776 9.734197
1 0.294885 10.524780
1 -17.149128 1.275032
1 0.716055 8.457692
1 2.031776 9.987001
1 0.662834 10.280375
1 -17.200771 1.358872
1 -16.148928 10.883010
1 -5.259741 -5.714359
1 0.264044 13.649573
1 -4.618716 -11.978474
1 -9.484911 14.810825
1 2.690588 12.682927
1 0.244393 13.634056
1 0.467554 13.270943
1 0.836952 9.117511
1 1.327851 13.251430
1 -8.951562 15.151134
1 -8.468043 15.586817
1 -8.908195 15.292394
1 -4.611071 -11.962606
1 1.380769 10.157600
1 -7.002669 16.003498
1 0.695425 9.554022
1 0.672397 9.968342
1 1.464897 10.799232
1 0.676166 11.232209
1 -17.027290 1.298746
1 -9.502439 18.072397
1 -9.568113 18.016005
1 -8.525530 16.290096
1 -0.156869 13.787148
1 -4.009003 14.697929
1 0.876922 13.657285
1 0.252967 13.470449
1 6.074824 14.078145
1 1.747009 10.822829
1 0.854602 10.529918
1 -4.368827 14.782247
1 1.254466 10.786160
1 0.920524 13.734042
1 0.548177 13.281622
1 -0.115310 13.034621
1 -3.986918 14.817170
1 0.477916 14.244101
1 -4.829308 16.030682
1 -0.153055 14.112984
1 20.424231 -17.553888
1 0.183491 11.203617
1 0.041732 14.051724
1 -12.124073 12.339071
1 -16.885519 1.701175
1 -3.835644 15.778442
1 0.003207 13.946696
1 -16.926785 1.073815
1 -0.452714 13.873239
1 2.906109 11.102865
1 17.038778 -13.462999
1 -0.628781 12.758102
1 -7.465658 15.922639
1 -18.767960 -0.852808
1 -3.091534 13.731187
1 0.387882 13.432985
1 0.270052 13.478503
1 0.212006 10.381631
1 0.244241 10.324493
1 14.310590 -11.236721
1 -11.860050 11.569871
1 1.294882 12.615513
1 -9.497250 16.411634
1 -2.295572 14.468816
1 -9.084623 15.627503
1 -4.758958 15.284067
1 16.031534 -13.084558
1 0.313914 10.424554
1 5.535780 13.460235
1 2.517488 12.675862
1 0.209510 10.356414
1 -4.228944 15.823691
1 -16.356642 0.502951
1 -17.766012 1.028847
1 0.133118 12.924224
1 -4.738759 15.583975
1 -1.507162 13.671463
1 -4.630561 -11.979780
1 -16.958303 1.288880
1 -16.927916 1.128199
1 -17.061102 1.265118
1 -16.902552 1.136749
1 0.383412 12.892201
1 2.883772 4.213928
1 0.144071 12.682693
1 -12.148251 12.399061
1 -12.136881 11.725208
1 0.334259 13.869309
1 -16.764868 0.860159
1 -9.445636 16.840027
1 -16.191820 0.552282
1 -17.981699 -2.265461
1 1.264880 13.424942
1 0.633047 11.283727
1 1.611060 11.516512
1 1.432406 10.777600
1 -16.858816 1.085572
1 17.077438 -12.502787
1 2.143174 8.666393
1 -9.482726 15.782254
1 0.632269 11.505733
1 -17.654652 0.535977
1 -16.277300 0.674812
1 -9.470115 16.540834
1 4.338356 4.092913
1 1.136643 13.577245
1 -6.679635 16.567078
1 1.232217 12.224175
1 1.399150 11.670247
1 -16.151722 0.556654
1 1.070249 11.510505
1 1.251532 11.505539
1 1.002137 12.574081
1 1.513429 12.226971
1 1.262165 12.076320
1 -16.263254 0.327290
1 1.113793 11.873083
1 0.986156 12.026077
1 0.402570 11.140742
1 1.258689 11.658403
1 1.135732 11.135747
1 1.430755 12.013948
1 1.377029 11.460314
1 1.768544 11.932700
1 -15.883023 0.448122
1 -16.160694 0.581052
1 0.747452 11.937296
1 1.630482 11.853002
1 1.020241 12.371548
1 1.165897 12.695788
1 -16.375347 0.438485
1 -1.486949 -10.961748
1 -16.250246 0.786882
1 1.018390 11.574309
1 -11.666825 12.204402
1 -11.565808 12.337448
1 1.341246 12.031634
1 -0.972407 -9.255349
1 1.841774 12.502954
1 1.229492 11.778771
1 1.238855 12.767825
1 1.206709 12.018478
1 2.006341 11.304367
1 -16.212147 0.506554
1 -16.409449 0.681501
1 -13.108855 19.655836
1 -16.150463 0.555082
1 -11.621313 12.154236
1 -16.540167 0.610582
1 1.440419 11.988645
1 -16.292635 0.656632
1 0.809614 12.055353
1 -11.588350 12.234522
1 1.975199 11.462295
1 0.943532 11.911188
1 1.444938 11.653351
1 -16.263760 0.889367
1 17.236797 -13.915145
1 0.698693 7.849742
1 1.606404 9.969151
1 -0.081696 14.231579
1 1.101314 7.706168
1 1.561352 14.924819
1 22.176313 -14.493660
1 -3.771847 14.309585
1 0.918972 8.710760
1 -2.861455 -4.414740
1 -0.120372 13.659423
1 -16.494053 2.492952
1 2.543953 11.123451
1 0.459120 9.899241
1 0.568661 10.228909
1 0.863306 10.972042
1 1.911823 10.565267
1 1.636111 10.239383
1 -0.011438 13.847459
1 -12.458675 12.518453
1 -0.221933 13.781696
1 -0.215187 13.730658
1 -2.306843 -3.271963
1 14.764925 -10.394426
1 3.036462 12.669114
1 1.283707 14.258497
1 16.818989 -12.239768
1 0.890759 9.255269
1 16.771152 -11.408225
1 2.228877 9.476057
1 -16.285887 1.275038
1 -4.122499 14.670342
1 -0.772092 12.985606
1 0.506616 13.368049
1 -16.338717 1.004514
1 12.307736 -18.687033
1 3.294369 14.348172
1 1.771999 9.743382
1 -2.069209 -3.915452
1 16.655937 -19.689379
1 0.872424 8.526706
1 1.800047 11.075882
1 -15.894254 0.915317
1 0.456402 13.636573
1 1.513120 10.322584
1 0.985231 10.480634
1 0.192680 -0.250279
1 2.615946 11.147923
1 -2.089983 -2.793482
1 -7.598259 15.001786
1 -3.844969 14.662600
1 0.225812 -0.342037
1 0.394708 8.008758
1 16.463680 -12.629412
1 13.722261 -11.071144
1 -4.613461 -11.976830
1 -4.631335 -12.001590
1 0.089145 12.887492
1 3.497816 4.109614
1 16.270529 -13.145784
1 2.541182 12.681713
1 0.328319 13.966141
1 0.103275 13.846530
1 -0.081727 11.555341
1 -15.723919 1.015234
1 0.157415 13.915250
1 0.939189 7.596662
1 -2.029010 -2.693997
1 -0.679481 12.723037
1 0.202961 13.930978
1 14.804480 -10.285469
1 -8.776715 15.488935
1 0.778177 8.870691
1 -4.619853 -11.980937
1 -15.888490 0.206995
1 1.014689 9.301102
1 -16.932701 10.216784
1 0.599901 9.607983
1 -3.499768 14.199640
1 20.890085 -15.080892
1 20.884666 -14.970313
1 17.015049 -11.676611
1 0.249809 13.942478
1 1.947850 12.880697
1 -3.705469 15.166057
1 1.864978 11.549242
1 15.706921 -18.950466
1 0.210528 13.451850
1 0.293201 13.603170
1 14.533652 -11.356647
1 17.553755 -13.029826
1 6.216125 14.105506
1 0.496087 12.287378
1 -16.580807 0.533147
1 1.281240 10.740738
1 22.223690 -14.509076
1 -17.054399 1.395584
1 -3.997833 14.769683
1 14.922797 -11.016394
1 15.087446 -11.160022
1 -0.234529 13.763138
1 -12.033758 10.666339
1 15.861368 -11.695929
1 15.450864 -12.289802
1 12.259607 -18.572935
1 1.508572 10.354934
1 -0.150987 12.267347
1 16.374104 -12.057713
1 13.426423 -10.280489
1 16.777369 -12.926116
1 -9.106975 14.866812
1 -16.770489 1.267354
1 3.591746 10.817845
1 0.748113 9.009808
1 14.392533 -20.395243
1 2.941171 3.978184
1 3.300727 3.113628
1 -15.620150 0.255635
1 0.230315 13.424892
1 -17.654150 0.695542
1 1.358207 13.227678
1 15.421262 -11.303144
1 15.111519 -11.303142
1 3.723275 3.168446
1 0.298931 15.899022
1 15.028841 -13.074897
1 -16.240675 0.779629
1 3.552480 14.655235
1 1.795491 10.673650
1 16.637796 -11.419296
1 14.118324 -20.531042
1 16.485744 -11.715411
1 16.569147 -11.727544
1 3.036281 2.223832
1 3.138916 2.153007
1 17.992500 -13.952140
1 0.861635 9.135754
1 0.931486 7.225788
1 -0.063565 9.754562
1 0.314096 13.535049
1 15.952657 -11.668389
1 14.922054 -11.482011
1 16.620026 -12.161823
1 16.467236 -13.382977
1 16.060001 -11.814309
1 16.153126 -11.893983
1 17.011000 -11.752018
1 -11.990321 11.487125
1 18.163742 -13.119756
1 17.153955 -11.986693
1 1.756024 11.299333
1 -0.856906 13.932657
1 15.215928 -10.879076
1 15.428111 -10.800509
1 16.103104 -12.205509
1 13.341136 -6.323420
1 -7.533129 16.087904
1 16.036934 -13.003118
1 0.170399 -0.272741
1 17.437395 -12.680165
1 15.298661 -11.184977
1 0.919326 8.187832
1 -5.159592 15.573188
1 6.351462 -16.545324
1 3.554943 2.615459
1 -9.475618 16.867266
1 17.010080 -11.826379
1 18.241449 -14.329428
1 16.170349 -12.833375
1 -5.325227 15.574514
1 1.432885 12.122405
1 -2.717164 -3.045391
1 0.093558 -0.366836
1 12.299881 -18.677526
1 11.418874 -18.095961
1 15.205521 -19.230865
1 16.218739 -12.323472
1 3.093196 2.276765
1 16.544849 -11.755161
1 0.883749 8.335088
1 0.846318 8.302425
1 16.082598 -11.970679
1 -3.110950 -3.697758
1 17.999487 -12.948223
1 15.221818 -13.498707
1 16.176962 -13.207088
1 1.204823 8.109099
1 -0.423022 -0.871553
1 16.629869 -11.761975
1 16.433281 -11.107634
1 16.620729 -12.832923
1 0.477181 9.887491
1 17.503603 -18.628820
1 17.190990 -12.632688
1 14.430634 -10.990236
1 1.468380 12.412807
1 -3.111652 14.754681
1 -4.783887 15.251436
1 -4.990374 15.062339
1 16.144793 -12.957654
1 16.708227 -13.150977
1 16.493788 -12.970549
1 0.439034 8.125629
1 5.985626 13.447446
1 14.169810 -20.570074
1 -3.911448 -4.541897
1 0.027848 -0.732700
1 17.009762 -13.343202
1 16.866802 -13.316689
1 14.521351 -10.022993
1 16.049440 -13.111742
1 -20.375462 12.764853
1 0.920290 6.707235
1 10.817620 -18.873543
1 6.080328 14.108418
1 -16.661644 0.982699
1 3.028119 2.383391
1 15.902165 -18.141945
1 -11.221592 12.813351
1 16.714931 -12.973663
1 1.620513 12.452083
1 16.118671 -13.158490
1 3.028821 2.391006
1 0.164686 -0.304202
1 5.679657 13.524372
1 16.290649 -17.355799
1 -0.633667 12.670307
1 0.232637 -0.270068
1 4.039513 3.479381
1 0.448975 12.719465
1 16.149075 -11.830599
1 0.518339 16.613485
1 3.280881 2.043340
1 1.499304 10.457013
1 15.704849 -12.765392
1 16.280773 -12.974874
1 -6.435509 14.421662
1 0.079848 -0.173873
1 -3.739144 14.590336
1 15.024957 -20.274788
1 2.465281 11.322415
1 -16.140627 0.446289
1 20.291506 -17.536430
1 14.699581 -14.537350
1 -16.558687 0.886611
1 1.102407 10.364465
1 -17.145845 1.220756
1 -3.940344 15.599483
1 -3.891604 15.576945
1 22.680767 -13.321012
1 22.631605 -13.340308
1 15.717010 -11.778137
1 4.087344 3.350711
1 -8.956723 15.624346
1 4.024836 2.621961
1 16.482977 -12.879788
1 1.135460 8.083982
1 -17.021120 1.351024
1 -16.545189 2.013203
1 3.448540 2.497141
1 16.025621 -12.774690
1 0.100263 -0.292352
1 16.487501 -12.911749
1 14.965206 -10.538651
1 15.617613 -12.551586
1 -17.114815 1.573219
1 3.666259 1.945292
1 15.239570 -10.679408
1 -17.079350 1.485281
1 -9.486443 16.927189
1 16.249123 -12.505293
1 15.369534 -12.303023
1 22.443916 -12.785955
1 -4.144066 14.877472
1 16.196310 -11.680424
1 3.972737 2.449209
1 3.255798 2.691350
1 3.973599 3.319137
1 22.550077 -13.459910
1 1.057622 13.625128
1 -18.700260 -0.824264
1 15.716059 -12.237514
1 14.749538 -10.446259
1 0.712853 10.028762
1 1.004721 9.138737
1 0.458249 11.370905
1 -16.768570 1.354911
1 -16.983953 1.059424
1 15.530532 -12.318288
1 -12.534617 1.061759
1 0.633977 9.603595
1 3.606444 2.098329
1 -3.317627 14.143174
1 2.875014 2.114080
1 14.173526 -17.036350
1 15.549876 -11.138791
1 3.337345 2.127986
1 2.927837 4.077289
1 17.290842 -12.361925
1 16.685196 -11.808932
1 3.063591 2.361339
1 14.744013 -14.484810
1 -8.758273 16.498386
1 2.298030 11.237323
1 -0.302484 12.317032
1 3.244635 2.370910
1 20.903313 -13.769314
1 3.507669 2.119054
1 0.332499 13.520453
1 15.445964 -12.549026
1 14.747383 -10.405166
1 16.175407 -17.440449
1 14.631905 -10.659523
1 -16.188505 0.929474
1 -12.153821 11.282397
1 1.756116 11.625336
1 -8.876241 15.945291
1 15.548323 -12.216283
1 0.897148 12.130538
1 1.676264 12.056066
1 14.894762 -10.439207
1 0.929235 11.808129
1 15.099641 -10.091739
1 1.389288 11.978289
1 14.839261 -10.368797
1 1.732342 11.728705
1 1.074896 12.194918
1 -0.888832 -10.103994
1 3.063971 2.637369
1 1.427688 11.723681
1 1.085904 11.949197
1 1.320198 11.930391
1 -16.379583 0.377009
1 0.365211 -0.429200
1 1.371179 12.377164
1 0.400155 -0.358156
1 1.681888 11.990555
1 3.252864 2.382548
1 1.402613 11.454487
1 1.451061 11.605783
1 1.165702 11.802567
1 1.101779 11.807081
1 -16.261454 0.466671
1 14.809739 -10.275665
1 1.412168 11.804712
1 1.537337 12.034560
1 1.689068 12.453378
1 2.628375 2.661406
1 0.114540 -0.475454
1 15.615873 -12.164773
1 14.888412 -10.138564
1 14.788245 -10.344711
1 1.034560 11.909884
1 14.698779 -10.331044
1 14.852036 -10.452498
1 0.312933 -0.328820
1 14.822637 -10.484887
1 1.099427 11.783765
1 1.192539 12.190472
1 3.295303 2.275686
1 -16.265856 0.556058
1 1.745215 11.604672
1 2.991883 2.452249
1 -1.347609 -9.328991
1 0.891798 11.976202
1 1.607133 11.477345
1 3.109542 2.592637
1 3.306432 2.579660
1 -19.750683 5.674973
1 3.330259 2.324049
1 14.537862 -10.510320
1 23.590870 -4.967175
1 20.516870 -11.488672
1 3.315959 2.590270
1 14.763080 -10.180306
1 14.820943 -10.350265
1 14.862988 -10.101148
1 3.275424 2.046552
1 0.167534 -0.454333
1 0.139437 -0.226590
1 15.726335 -12.175741
1 3.258835 2.430315
1 3.143107 2.440471
1 15.180448 -10.433726
1 -19.753483 6.981372
1 14.717364 -10.369412
1 -0.650745 -7.960625
1 24.503788 -9.179250
1 3.185444 2.442641
1 15.734792 -12.269274
1 -20.308081 6.370980
1 3.254930 2.254344
1 14.795941 -10.494983
1 1.304737 11.886550
1 -11.489888 12.300946
1 14.659255 -10.205161
1 14.759929 -10.144819
1 14.828321 -10.253531
1 3.185335 2.704939
1 3.161507 2.361042
1 14.767628 -10.353728
1 15.030587 -10.389937
1 1.627361 12.300771
1 15.706302 -12.305446
1 14.976803 -10.311683
1 14.973669 -10.432257
1 0.212856 -0.242511
1 14.870417 -10.510300
1 3.012155 2.225798
1 0.169552 -0.364535
1 3.365674 2.216651
1 1.865093 12.289921
1 14.890305 -10.313254
1 0.302875 -0.240352
1 -11.735917 12.121875
1 3.377283 2.109528
1 14.652161 -10.335132
1 1.358231 12.033012
1 -16.023932 0.435500
1 1.420017 12.036407
1 14.863505 -10.327827
1 -16.206989 0.413543
1 14.979004 -10.547530
1 25.703876 -11.606023
1 11.259501 -13.534526
1 3.339165 2.498524
1 0.090761 -0.241536
1 3.663489 2.606218
1 15.042380 -10.106337
1 3.294179 2.391796
1 14.669756 -10.319308
1 14.472970 -10.520699
1 20.144543 -18.842911
1 14.772140 -10.201360
1 1.577079 12.409793
1 3.233690 2.261744
1 3.044836 2.632756
1 15.683818 -12.269359
1 3.782823 1.854358
1 14.992701 -10.490149
1 14.649573 -10.334369
1 14.791365 -10.525389
1 3.243077 2.408184
1 3.151368 2.247962
1 14.770732 -10.321217
1 14.879619 -10.201826
1 3.409108 2.704151
1 15.654445 -12.287370
1 14.793433 -10.499535
1 14.834156 -10.271912
1 3.303552 2.860864
1 14.984787 -10.382526
1 24.012798 -6.009599
1 3.210806 2.322029
1 15.643189 -12.277740
1 3.310237 2.463066
1 15.739953 -12.214114
1 -16.309437 0.527682
1 -16.285038 0.640205
1 15.659364 -12.245053
1 -15.923244 0.580895
1 14.986362 -10.399475
1 3.035420 2.200543
1 3.185501 2.212788
1 0.990435 11.986579
1 3.259298 2.510695
1 3.026743 2.163517
1 0.248746 -0.522673
1 -16.351660 0.814649
1 24.580013 -7.233336
1 2.903051 2.637208
1 3.493290 2.160827
1 3.370276 2.099138
1 3.344842 2.298258
1 3.045595 2.250636
1 14.943818 -10.327321
1 3.210926 2.329651
1 3.267354 2.111278
1 1.440507 11.606035
1 14.592462 -10.095595
1 3.421260 2.535110
1 3.309189 2.175883
1 2.962195 2.279550
1 3.118380 2.543355
1 15.039632 -10.375163
1 3.717573 1.857262
1 -19.942461 7.118424
1 14.690485 -10.140409
1 14.920456 -10.241117
1 3.359638 2.317723
1 14.820140 -10.214879
1 14.790782 -10.340617
1 3.283196 2.210194
1 1.184419 12.090345
1 -23.050051 -0.801033
1 15.771558 -12.428932
