1332
1 -8.586472 16.359211
1 -9.009884 15.857655
1 -8.629283 16.339855
1 -9.310833 15.585763
1 -14.445532 0.960236
1 -9.443007 16.439228
1 -17.191935 1.259098
1 -9.136613 16.319361
1 -18.148754 -1.937235
1 -12.076479 10.599301
1 -11.912209 12.123662
1 -17.670294 0.771597
1 -3.960837 14.325239
1 -16.617723 0.433903
1 -4.749471 16.499826
1 -4.679968 15.490437
1 -7.924032 15.473516
1 -11.856750 12.339071
1 -11.725905 12.232173
1 -17.608265 0.763468
1 -16.833319 1.305598
1 -15.296045 12.565810
1 0.097805 15.842884
1 -17.086916 0.993391
1 -9.120816 15.559514
1 -16.619339 0.908950
1 -9.161788 16.385845
1 -16.102743 0.753123
1 -17.136511 1.169195
1 -13.090277 12.667636
1 -8.997948 16.484100
1 -11.982267 11.786431
1 -17.838959 0.909465
1 -12.140388 11.734699
1 -11.814499 11.945510
1 -1.106430 13.692005
1 -18.669222 -0.645848
1 -16.636459 0.842715
1 -16.837370 0.537023
1 -5.194469 16.495525
1 -8.907957 15.944103
1 -0.524881 13.761335
1 -18.598778 15.844050
1 -16.277908 0.614444
1 -11.504165 12.280003
1 -16.212364 0.681987
1 -16.027269 0.379985
1 -16.327244 0.602647
1 -16.118710 0.616590
1 -16.151291 0.438630
1 -11.820148 12.303186
1 -16.109375 0.569622
1 0.690131 7.775925
1 -4.202602 -5.025383
1 -4.248533 15.594924
1 -3.549370 15.377785
1 0.164355 14.056025
1 -4.090451 14.603404
1 -8.654636 16.302910
1 0.918283 8.726124
1 -0.174464 13.403092
1 0.333990 12.402732
1 0.517529 9.929102
1 0.550070 10.302959
1 -0.394555 12.207241
1 1.683204 10.928483
1 1.315288 10.913592
1 -11.301091 1.068480
1 0.337736 13.503530
1 0.995864 13.613760
1 -16.770325 10.562073
1 -2.403818 -3.051229
1 2.754104 12.808781
1 -3.969084 -13.836921
1 0.270261 13.688406
1 1.533693 8.486752
1 2.730647 11.569030
1 0.830045 9.226604
1 -1.130131 11.209794
1 0.278630 12.611226
1 16.243742 -17.951702
1 -3.936944 15.302976
1 0.458699 13.217862
1 1.190986 9.701137
1 1.159685 8.278462
1 0.095899 13.874990
1 0.184525 13.630519
1 0.568609 10.806385
1 1.746892 10.393525
1 -17.226830 1.189272
1 0.827110 8.553920
1 1.500324 10.355080
1 1.459895 10.127324
1 -17.046455 1.245178
1 -16.947412 1.400430
1 0.890137 9.192328
1 0.954155 8.928254
1 0.898216 9.354173
1 2.716082 12.576329
1 0.429107 13.455653
1 0.310759 13.883615
1 0.939479 8.937677
1 -1.405139 13.956833
1 -5.243093 16.540255
1 -2.779572 -13.293241
1 -9.475572 16.750240
1 -3.172779 14.076045
1 -16.671595 1.209592
1 -16.783657 1.141644
1 2.321883 14.174803
1 0.241069 13.750888
1 -16.618330 1.484272
1 0.248721 13.525508
1 0.294529 13.889963
1 1.462866 11.189652
1 -4.348093 16.076839
1 -4.367959 15.894347
1 0.047352 9.831521
1 0.814696 13.490876
1 1.073738 14.286671
1 -7.314851 16.036032
1 -4.096825 15.701723
1 -4.566890 15.378312
1 0.321055 13.991504
1 -16.677313 1.403820
1 -2.958444 -3.392422
1 -3.423353 15.392253
1 -20.008665 11.043294
1 -12.140111 11.238736
1 0.992042 10.202391
1 -3.988535 15.746839
1 1.419698 12.731915
1 -16.625158 1.085556
1 -12.009144 12.258220
1 -3.662694 14.231338
1 -16.663773 1.132883
1 -1.433874 13.134252
1 -0.306449 13.744215
1 1.060624 11.603138
1 -1.957205 13.977983
1 0.804421 8.677011
1 -1.079075 12.904045
1 -3.783164 14.364447
1 -6.824493 16.350458
1 -18.737715 -0.922533
1 -11.869714 12.268763
1 -3.513222 14.968009
1 0.805422 13.502011
1 -6.945317 15.990136
1 0.303255 10.364670
1 0.936462 12.036099
1 -0.201436 12.434374
1 -4.836144 16.583578
1 -0.503767 13.429550
1 -4.166084 15.842875
1 -15.815043 0.524833
1 2.119427 12.519780
1 5.047279 14.245765
1 -9.353639 15.746203
1 -3.939697 15.715318
1 3.555552 10.977654
1 -12.060763 11.402820
1 -16.648804 1.085948
1 -9.458009 16.236736
1 -16.613317 10.687485
1 0.950943 11.432876
1 -2.659678 15.303515
1 1.419812 10.550530
1 16.277721 -13.159481
1 -17.246754 0.969339
1 -0.021216 13.891074
1 -7.442194 14.954437
1 -16.532480 0.805652
1 0.939824 8.399603
1 15.571870 -13.165488
1 -17.070738 1.285739
1 0.480746 12.805261
1 0.500465 12.691842
1 -16.978918 1.165232
1 1.329807 12.266816
1 -12.143173 12.319919
1 -12.023513 12.391278
1 -18.054695 -2.157649
1 1.260230 13.227589
1 -17.969240 -1.533873
1 -17.826557 0.952023
1 0.301193 13.904917
1 -16.743374 1.157779
1 -7.945946 16.141026
1 -17.199619 1.224682
1 -16.973295 1.396566
1 0.921196 11.484879
1 -17.133722 1.083599
1 -16.738079 0.982459
1 -5.215270 16.447655
1 -0.289621 13.938045
1 -0.333098 15.233229
1 -2.327209 -13.288658
1 -15.293367 12.534034
1 -11.707713 12.246474
1 5.710454 13.973291
1 1.471333 11.826186
1 1.149900 11.663891
1 1.006743 11.876199
1 -1.024385 -8.477176
1 -11.676252 12.232768
1 1.669656 12.013862
1 1.641258 12.426919
1 0.760455 11.546197
1 1.387720 12.016594
1 0.974182 12.546492
1 1.701347 11.141464
1 0.851527 11.739375
1 1.002438 11.919552
1 1.352044 11.682498
1 0.874116 12.084709
1 1.204806 11.965423
1 1.340708 12.185070
1 1.017292 12.069566
1 0.928474 12.373435
1 0.841482 11.675107
1 0.744459 12.445026
1 1.355959 11.444596
1 1.842652 12.719127
1 1.104967 12.025079
1 1.663170 12.340217
1 1.082591 11.443251
1 -1.480695 -9.790897
1 1.126592 11.726157
1 1.488803 11.961751
1 1.180303 11.423589
1 1.140309 11.423117
1 1.678889 12.414169
1 0.978400 11.994336
1 1.181208 12.253646
1 1.049166 11.924601
1 1.387220 11.624513
1 1.564366 11.091817
1 0.971554 12.202300
1 1.659552 11.483607
1 1.461626 12.191483
1 1.056865 12.102611
1 1.343824 12.115355
1 1.101869 12.063426
1 1.171130 12.251216
1 1.592093 11.997289
1 1.455240 11.810095
1 1.917599 11.543040
1 0.926705 12.130618
1 -11.660237 11.999665
1 0.276953 12.009401
1 -16.294975 0.412624
1 1.272189 12.239355
1 -11.678875 11.896214
1 -0.748911 -10.041725
1 -11.686517 12.075925
1 1.189583 11.954609
1 1.023625 12.168048
1 1.354203 11.723974
1 1.652657 12.400156
1 -1.173590 -8.990095
1 -11.880371 12.254107
1 1.248644 11.591228
1 1.076538 12.222672
1 -11.675924 12.240351
1 1.351101 11.931173
1 1.868180 11.701756
1 0.748252 11.673717
1 1.025021 11.732566
1 -16.066488 0.527680
1 -16.736214 0.582309
1 -16.326540 0.680379
1 -17.012535 1.089300
1 -16.225809 0.618704
1 0.651108 11.350208
1 0.967461 12.142610
1 0.764272 11.427536
1 0.979943 12.225182
1 -11.748429 12.250112
1 1.278436 12.386415
1 -11.649585 12.166462
1 -11.824203 12.041337
1 0.579658 11.306407
1 -11.518929 12.223482
1 -11.904520 12.196469
1 -12.800200 20.134161
1 0.412555 10.583392
1 -0.075487 13.757055
1 1.006530 8.946396
1 -0.444504 12.915450
1 -16.739893 10.425734
1 0.514028 10.098313
1 0.073314 12.273978
1 -8.611083 16.491167
1 1.530419 10.891388
1 0.685583 9.139763
1 0.227347 12.829739
1 -0.000312 13.927241
1 1.326190 8.404804
1 -1.926437 -3.406549
1 -2.656729 -3.229075
1 0.598443 10.191426
1 1.747487 10.574835
1 0.317864 13.845390
1 -4.093458 14.716610
1 -4.206209 14.659451
1 -4.101643 14.677979
1 0.818062 9.002147
1 0.410507 13.153138
1 16.283072 -17.955584
1 1.238759 10.700630
1 3.348174 14.380568
1 -3.503459 -13.021440
1 -3.480172 -12.967539
1 1.201192 9.700322
1 0.383154 13.893692
1 1.825355 11.200314
1 0.758556 12.949369
1 1.477747 10.363325
1 1.437523 10.520842
1 1.084706 13.985429
1 0.424776 9.734197
1 0.294885 10.524780
1 -17.149128 1.275032
1 0.716055 8.457692
1 2.031776 9.987001
1 0.662834 10.280375
1 -17.200771 1.358872
1 -16.148928 10.883010
1 -5.259741 -5.714359
1 0.264044 13.649573
1 -4.618716 -11.978474
1 -9.484911 14.810825
1 2.690588 12.682927
1 0.244393 13.634056
1 0.467554 13.270943
1 0.836952 9.117511
1 1.327851 13.251430
1 -8.951562 15.151134
1 -8.468043 15.586817
1 -8.908195 15.292394
1 -4.611071 -11.962606
1 1.380769 10.157600
1 -7.002669 16.003498
1 0.695425 9.554022
1 0.672397 9.968342
1 1.464897 10.799232
1 0.676166 11.232209
1 -17.027290 1.298746
1 -9.502439 18.072397
1 -9.568113 18.016005
1 -8.525530 16.290096
1 -0.156869 13.787148
1 -4.009003 14.697929
1 0.876922 13.657285
1 0.252967 13.470449
1 6.074824 14.078145
1 1.747009 10.822829
1 0.854602 10.529918
1 -4.368827 14.782247
1 1.254466 10.786160
1 0.920524 13.734042
1 0.548177 13.281622
1 -0.115310 13.034621
1 -3.986918 14.817170
1 0.477916 14.244101
1 -4.829308 16.030682
1 -0.153055 14.112984
1 20.424231 -17.553888
1 0.183491 11.203617
1 0.041732 14.051724
1 -12.124073 12.339071
1 -16.885519 1.701175
1 -3.835644 15.778442
1 0.003207 13.946696
1 -16.926785 1.073815
1 -0.452714 13.873239
1 2.906109 11.102865
1 17.038778 -13.462999
1 -0.628781 12.758102
1 -7.465658 15.922639
1 -18.767960 -0.852808
1 -3.091534 13.731187
1 0.387882 13.432985
1 0.270052 13.478503
1 0.212006 10.381631
1 0.244241 10.324493
1 14.310590 -11.236721
1 -11.860050 11.569871
1 1.294882 12.615513
1 -9.497250 16.411634
1 -2.295572 14.468816
1 -9.084623 15.627503
1 -4.758958 15.284067
1 16.031534 -13.084558
1 0.313914 10.424554
1 5.535780 13.460235
1 2.517488 12.675862
1 0.209510 10.356414
1 -4.228944 15.823691
1 -16.356642 0.502951
1 -17.766012 1.028847
1 0.133118 12.924224
1 -4.738759 15.583975
1 -1.507162 13.671463
1 -4.630561 -11.979780
1 -16.958303 1.288880
1 -16.927916 1.128199
1 -17.061102 1.265118
1 -16.902552 1.136749
1 0.383412 12.892201
1 2.883772 4.213928
1 0.144071 12.682693
1 -12.148251 12.399061
1 -12.136881 11.725208
1 0.334259 13.869309
1 -16.764868 0.860159
1 -9.445636 16.840027
1 -16.191820 0.552282
1 -17.981699 -2.265461
1 1.264880 13.424942
1 0.633047 11.283727
1 1.611060 11.516512
1 1.432406 10.777600
1 -16.858816 1.085572
1 17.077438 -12.502787
1 2.143174 8.666393
1 -9.482726 15.782254
1 0.632269 11.505733
1 -17.654652 0.535977
1 -16.277300 0.674812
1 -9.470115 16.540834
1 4.338356 4.092913
1 1.136643 13.577245
1 -6.679635 16.567078
1 1.232217 12.224175
1 1.399150 11.670247
1 -16.151722 0.556654
1 1.070249 11.510505
1 1.251532 11.505539
1 1.002137 12.574081
1 1.513429 12.226971
1 1.262165 12.076320
1 -16.263254 0.327290
1 1.113793 11.873083
1 0.986156 12.026077
1 0.402570 11.140742
1 1.258689 11.658403
1 1.135732 11.135747
1 1.430755 12.013948
1 1.377029 11.460314
1 1.768544 11.932700
1 -15.883023 0.448122
1 -16.160694 0.581052
1 0.747452 11.937296
1 1.630482 11.853002
1 1.020241 12.371548
1 1.165897 12.695788
1 -16.375347 0.438485
1 -1.486949 -10.961748
1 -16.250246 0.786882
1 1.018390 11.574309
1 -11.666825 12.204402
1 -11.565808 12.337448
1 1.341246 12.031634
1 -0.972407 -9.255349
1 1.841774 12.502954
1 1.229492 11.778771
1 1.238855 12.767825
1 1.206709 12.018478
1 2.006341 11.304367
1 -16.212147 0.506554
1 -16.409449 0.681501
1 -13.108855 19.655836
1 -16.150463 0.555082
1 -11.621313 12.154236
1 -16.540167 0.610582
1 1.440419 11.988645
1 -16.292635 0.656632
1 0.809614 12.055353
1 -11.588350 12.234522
1 1.975199 11.462295
1 0.943532 11.911188
1 1.444938 11.653351
1 -16.263760 0.889367
1 17.236797 -13.915145
1 0.698693 7.849742
1 1.606404 9.969151
1 -0.081696 14.231579
1 1.101314 7.706168
1 1.561352 14.924819
1 22.176313 -14.493660
1 -3.771847 14.309585
1 0.918972 8.710760
1 -2.861455 -4.414740
1 -0.120372 13.659423
1 -16.494053 2.492952
1 2.543953 11.123451
1 0.459120 9.899241
1 0.568661 10.228909
1 0.863306 10.972042
1 1.911823 10.565267
1 1.636111 10.239383
1 -0.011438 13.847459
1 -12.458675 12.518453
1 -0.221933 13.781696
1 -0.215187 13.730658
1 -2.306843 -3.271963
1 14.764925 -10.394426
1 3.036462 12.669114
1 1.283707 14.258497
1 16.818989 -12.239768
1 0.890759 9.255269
1 16.771152 -11.408225
1 2.228877 9.476057
1 -16.285887 1.275038
1 -4.122499 14.670342
1 -0.772092 12.985606
1 0.506616 13.368049
1 -16.338717 1.004514
1 12.307736 -18.687033
1 3.294369 14.348172
1 1.771999 9.743382
1 -2.069209 -3.915452
1 16.655937 -19.689379
1 0.872424 8.526706
1 1.800047 11.075882
1 -15.894254 0.915317
1 0.456402 13.636573
1 1.513120 10.322584
1 0.985231 10.480634
1 0.192680 -0.250279
1 2.615946 11.147923
1 -2.089983 -2.793482
1 -7.598259 15.001786
1 -3.844969 14.662600
1 0.225812 -0.342037
1 0.394708 8.008758
1 16.463680 -12.629412
1 13.722261 -11.071144
1 -4.613461 -11.976830
1 -4.631335 -12.001590
1 0.089145 12.887492
1 3.497816 4.109614
1 16.270529 -13.145784
1 2.541182 12.681713
1 0.328319 13.966141
1 0.103275 13.846530
1 -0.081727 11.555341
1 -15.723919 1.015234
1 0.157415 13.915250
1 0.939189 7.596662
1 -2.029010 -2.693997
1 -0.679481 12.723037
1 0.202961 13.930978
1 14.804480 -10.285469
1 -8.776715 15.488935
1 0.778177 8.870691
1 -4.619853 -11.980937
1 -15.888490 0.206995
1 1.014689 9.301102
1 -16.932701 10.216784
1 0.599901 9.607983
1 -3.499768 14.199640
1 20.890085 -15.080892
1 20.884666 -14.970313
1 17.015049 -11.676611
1 0.249809 13.942478
1 1.947850 12.880697
1 -3.705469 15.166057
1 1.864978 11.549242
1 15.706921 -18.950466
1 0.210528 13.451850
1 0.293201 13.603170
1 14.533652 -11.356647
1 17.553755 -13.029826
1 6.216125 14.105506
1 0.496087 12.287378
1 -16.580807 0.533147
1 1.281240 10.740738
1 22.223690 -14.509076
1 -17.054399 1.395584
1 -3.997833 14.769683
1 14.922797 -11.016394
1 15.087446 -11.160022
1 -0.234529 13.763138
1 -12.033758 10.666339
1 15.861368 -11.695929
1 15.450864 -12.289802
1 12.259607 -18.572935
1 1.508572 10.354934
1 -0.150987 12.267347
1 16.374104 -12.057713
1 13.426423 -10.280489
1 16.777369 -12.926116
1 -9.106975 14.866812
1 -16.770489 1.267354
1 3.591746 10.817845
1 0.748113 9.009808
1 14.392533 -20.395243
1 2.941171 3.978184
1 3.300727 3.113628
1 -15.620150 0.255635
1 0.230315 13.424892
1 -17.654150 0.695542
1 1.358207 13.227678
1 15.421262 -11.303144
1 15.111519 -11.303142
1 3.723275 3.168446
1 0.298931 15.899022
1 15.028841 -13.074897
1 -16.240675 0.779629
1 3.552480 14.655235
1 1.795491 10.673650
1 16.637796 -11.419296
1 14.118324 -20.531042
1 16.485744 -11.715411
1 16.569147 -11.727544
1 3.036281 2.223832
1 3.138916 2.153007
1 17.992500 -13.952140
1 0.861635 9.135754
1 0.931486 7.225788
1 -0.063565 9.754562
1 0.314096 13.535049
1 15.952657 -11.668389
1 14.922054 -11.482011
1 16.620026 -12.161823
1 16.467236 -13.382977
1 16.060001 -11.814309
1 16.153126 -11.893983
1 17.011000 -11.752018
1 -11.990321 11.487125
1 18.163742 -13.119756
1 17.153955 -11.986693
1 1.756024 11.299333
1 -0.856906 13.932657
1 15.215928 -10.879076
1 15.428111 -10.800509
1 16.103104 -12.205509
1 13.341136 -6.323420
1 -7.533129 16.087904
1 16.036934 -13.003118
1 0.170399 -0.272741
1 17.437395 -12.680165
1 15.298661 -11.184977
1 0.919326 8.187832
1 -5.159592 15.573188
1 6.351462 -16.545324
1 3.554943 2.615459
1 -9.475618 16.867266
1 17.010080 -11.826379
1 18.241449 -14.329428
1 16.170349 -12.833375
1 -5.325227 15.574514
1 1.432885 12.122405
1 -2.717164 -3.045391
1 0.093558 -0.366836
1 12.299881 -18.677526
1 11.418874 -18.095961
1 15.205521 -19.230865
1 16.218739 -12.323472
1 3.093196 2.276765
1 16.544849 -11.755161
1 0.883749 8.335088
1 0.846318 8.302425
1 16.082598 -11.970679
1 -3.110950 -3.697758
1 17.999487 -12.948223
1 15.221818 -13.498707
1 16.176962 -13.207088
1 1.204823 8.109099
1 -0.423022 -0.871553
1 16.629869 -11.761975
1 16.433281 -11.107634
1 16.620729 -12.832923
1 0.477181 9.887491
1 17.503603 -18.628820
1 17.190990 -12.632688
1 14.430634 -10.990236
1 1.468380 12.412807
1 -3.111652 14.754681
1 -4.783887 15.251436
1 -4.990374 15.062339
1 16.144793 -12.957654
1 16.708227 -13.150977
1 16.493788 -12.970549
1 0.439034 8.125629
1 5.985626 13.447446
1 14.169810 -20.570074
1 -3.911448 -4.541897
1 0.027848 -0.732700
1 17.009762 -13.343202
1 16.866802 -13.316689
1 14.521351 -10.022993
1 16.049440 -13.111742
1 -20.375462 12.764853
1 0.920290 6.707235
1 10.817620 -18.873543
1 6.080328 14.108418
1 -16.661644 0.982699
1 3.028119 2.383391
1 15.902165 -18.141945
1 -11.221592 12.813351
1 16.714931 -12.973663
1 1.620513 12.452083
1 16.118671 -13.158490
1 3.028821 2.391006
1 0.164686 -0.304202
1 5.679657 13.524372
1 16.290649 -17.355799
1 -0.633667 12.670307
1 0.232637 -0.270068
1 4.039513 3.479381
1 0.448975 12.719465
1 16.149075 -11.830599
1 0.518339 16.613485
1 3.280881 2.043340
1 1.499304 10.457013
1 15.704849 -12.765392
1 16.280773 -12.974874
1 -6.435509 14.421662
1 0.079848 -0.173873
1 -3.739144 14.590336
1 15.024957 -20.274788
1 2.465281 11.322415
1 -16.140627 0.446289
1 20.291506 -17.536430
1 14.699581 -14.537350
1 -16.558687 0.886611
1 1.102407 10.364465
1 -17.145845 1.220756
1 -3.940344 15.599483
1 -3.891604 15.576945
1 22.680767 -13.321012
1 22.631605 -13.340308
1 15.717010 -11.778137
1 4.087344 3.350711
1 -8.956723 15.624346
1 4.024836 2.621961
1 16.482977 -12.879788
1 1.135460 8.083982
1 -17.021120 1.351024
1 -16.545189 2.013203
1 3.448540 2.497141
1 16.025621 -12.774690
1 0.100263 -0.292352
1 16.487501 -12.911749
1 14.965206 -10.538651
1 15.617613 -12.551586
1 -17.114815 1.573219
1 3.666259 1.945292
1 15.239570 -10.679408
1 -17.079350 1.485281
1 -9.486443 16.927189
1 16.249123 -12.505293
1 15.369534 -12.303023
1 22.443916 -12.785955
1 -4.144066 14.877472
1 16.196310 -11.680424
1 3.972737 2.449209
1 3.255798 2.691350
1 3.973599 3.319137
1 22.550077 -13.459910
1 1.057622 13.625128
1 -18.700260 -0.824264
1 15.716059 -12.237514
1 14.749538 -10.446259
1 0.712853 10.028762
1 1.004721 9.138737
1 0.458249 11.370905
1 -16.768570 1.354911
1 -16.983953 1.059424
1 15.530532 -12.318288
1 -12.534617 1.061759
1 0.633977 9.603595
1 3.606444 2.098329
1 -3.317627 14.143174
1 2.875014 2.114080
1 14.173526 -17.036350
1 15.549876 -11.138791
1 3.337345 2.127986
1 2.927837 4.077289
1 17.290842 -12.361925
1 16.685196 -11.808932
1 3.063591 2.361339
1 14.744013 -14.484810
1 -8.758273 16.498386
1 2.298030 11.237323
1 -0.302484 12.317032
1 3.244635 2.370910
1 20.903313 -13.769314
1 3.507669 2.119054
1 0.332499 13.520453
1 15.445964 -12.549026
1 14.747383 -10.405166
1 16.175407 -17.440449
1 14.631905 -10.659523
1 -16.188505 0.929474
1 -12.153821 11.282397
1 1.756116 11.625336
1 -8.876241 15.945291
1 15.548323 -12.216283
1 0.897148 12.130538
1 1.676264 12.056066
1 14.894762 -10.439207
1 0.929235 11.808129
1 15.099641 -10.091739
1 1.389288 11.978289
1 14.839261 -10.368797
1 1.732342 11.728705
1 1.074896 12.194918
1 -0.888832 -10.103994
1 3.063971 2.637369
1 1.427688 11.723681
1 1.085904 11.949197
1 1.320198 11.930391
1 -16.379583 0.377009
1 0.365211 -0.429200
1 1.371179 12.377164
1 0.400155 -0.358156
1 1.681888 11.990555
1 3.252864 2.382548
1 1.402613 11.454487
1 1.451061 11.605783
1 1.165702 11.802567
1 1.101779 11.807081
1 -16.261454 0.466671
1 14.809739 -10.275665
1 1.412168 11.804712
1 1.537337 12.034560
1 1.689068 12.453378
1 2.628375 2.661406
1 0.114540 -0.475454
1 15.615873 -12.164773
1 14.888412 -10.138564
1 14.788245 -10.344711
1 1.034560 11.909884
1 14.698779 -10.331044
1 14.852036 -10.452498
1 0.312933 -0.328820
1 14.822637 -10.484887
1 1.099427 11.783765
1 1.192539 12.190472
1 3.295303 2.275686
1 -16.265856 0.556058
1 1.745215 11.604672
1 2.991883 2.452249
1 -1.347609 -9.328991
1 0.891798 11.976202
1 1.607133 11.477345
1 3.109542 2.592637
1 3.306432 2.579660
1 -19.750683 5.674973
1 3.330259 2.324049
1 14.537862 -10.510320
1 23.590870 -4.967175
1 20.516870 -11.488672
1 3.315959 2.590270
1 14.763080 -10.180306
1 14.820943 -10.350265
1 14.862988 -10.101148
1 3.275424 2.046552
1 0.167534 -0.454333
1 0.139437 -0.226590
1 15.726335 -12.175741
1 3.258835 2.430315
1 3.143107 2.440471
1 15.180448 -10.433726
1 -19.753483 6.981372
1 14.717364 -10.369412
1 -0.650745 -7.960625
1 24.503788 -9.179250
1 3.185444 2.442641
1 15.734792 -12.269274
1 -20.308081 6.370980
1 3.254930 2.254344
1 14.795941 -10.494983
1 1.304737 11.886550
1 -11.489888 12.300946
1 14.659255 -10.205161
1 14.759929 -10.144819
1 14.828321 -10.253531
1 3.185335 2.704939
1 3.161507 2.361042
1 14.767628 -10.353728
1 15.030587 -10.389937
1 1.627361 12.300771
1 15.706302 -12.305446
1 14.976803 -10.311683
1 14.973669 -10.432257
1 0.212856 -0.242511
1 14.870417 -10.510300
1 3.012155 2.225798
1 0.169552 -0.364535
1 3.365674 2.216651
1 1.865093 12.289921
1 14.890305 -10.313254
1 0.302875 -0.240352
1 -11.735917 12.121875
1 3.377283 2.109528
1 14.652161 -10.335132
1 1.358231 12.033012
1 -16.023932 0.435500
1 1.420017 12.036407
1 14.863505 -10.327827
1 -16.206989 0.413543
1 14.979004 -10.547530
1 25.703876 -11.606023
1 11.259501 -13.534526
1 3.339165 2.498524
1 0.090761 -0.241536
1 3.663489 2.606218
1 15.042380 -10.106337
1 3.294179 2.391796
1 14.669756 -10.319308
1 14.472970 -10.520699
1 20.144543 -18.842911
1 14.772140 -10.201360
1 1.577079 12.409793
1 3.233690 2.261744
1 3.044836 2.632756
1 15.683818 -12.269359
1 3.782823 1.854358
1 14.992701 -10.490149
1 14.649573 -10.334369
1 14.791365 -10.525389
1 3.243077 2.408184
1 3.151368 2.247962
1 14.770732 -10.321217
1 14.879619 -10.201826
1 3.409108 2.704151
1 15.654445 -12.287370
1 14.793433 -10.499535
1 14.834156 -10.271912
1 3.303552 2.860864
1 14.984787 -10.382526
1 24.012798 -6.009599
1 3.210806 2.322029
1 15.643189 -12.277740
1 3.310237 2.463066
1 15.739953 -12.214114
1 -16.309437 0.527682
1 -16.285038 0.640205
1 15.659364 -12.245053
1 -15.923244 0.580895
1 14.986362 -10.399475
1 3.035420 2.200543
1 3.185501 2.212788
1 0.990435 11.986579
1 3.259298 2.510695
1 3.026743 2.163517
1 0.248746 -0.522673
1 -16.351660 0.814649
1 24.580013 -7.233336
1 2.903051 2.637208
1 3.493290 2.160827
1 3.370276 2.099138
1 3.344842 2.298258
1 3.045595 2.250636
1 14.943818 -10.327321
1 3.210926 2.329651
1 3.267354 2.111278
1 1.440507 11.606035
1 14.592462 -10.095595
1 3.421260 2.535110
1 3.309189 2.175883
1 2.962195 2.279550
1 3.118380 2.543355
1 15.039632 -10.375163
1 3.717573 1.857262
1 -19.942461 7.118424
1 14.690485 -10.140409
1 14.920456 -10.241117
1 3.359638 2.317723
1 14.820140 -10.214879
1 14.790782 -10.340617
1 3.283196 2.210194
1 1.184419 12.090345
1 -23.050051 -0.801033
1 15.771558 -12.428932
1 -12.196677 10.708283
1 -16.918901 1.705708
1 -17.020636 1.550890
1 0.805942 7.813315
1 0.654905 7.964970
1 0.614581 7.495924
1 -0.644557 -1.229979
1 0.644548 8.007832
1 0.941961 13.699466
1 16.080591 -18.106678
1 1.023757 7.610365
1 -5.141885 15.109600
1 -5.261754 15.351944
1 4.079952 3.153790
1 -0.110951 -0.623761
1 1.363378 8.558045
1 16.768204 -9.774271
1 4.323848 2.775779
1 -16.960217 1.161137
1 -16.835112 1.120301
1 -16.801437 1.243968
1 -16.300734 1.026633
1 -16.767267 1.286082
1 -16.872955 1.145266
1 -16.721806 1.408081
1 -16.912968 1.301722
1 15.607711 -13.448637
1 14.626862 -10.322289
1 5.681406 6.638962
1 0.718865 8.244700
1 -8.787214 16.176672
1 0.796813 8.129320
1 0.862738 8.347305
1 -0.101744 -0.537645
1 15.580935 -11.274838
1 -16.072861 1.188425
1 -9.143143 15.686360
1 0.835037 7.734861
1 15.407328 -11.264193
1 -5.301054 15.407466
1 16.920519 -10.762631
1 -16.577095 1.553078
1 -1.658724 12.825027
1 -3.169438 -3.827742
1 -8.295120 15.934481
1 15.176113 -10.742878
1 -16.515450 0.710465
1 14.856946 -10.311277
1 20.641006 -15.253620
1 14.726478 -11.293952
1 0.154575 -0.542872
1 -16.847670 1.567939
1 1.525651 9.662925
1 0.797324 8.926455
1 14.610839 -10.580387
1 -8.848465 15.347669
1 -15.990828 -0.412450
1 14.977226 -10.974037
1 0.467227 16.109535
1 14.896512 -11.039688
1 0.675668 7.626720
1 -9.664019 14.988176
1 -4.116049 14.818548
1 -5.242412 15.035944
1 2.940236 2.328565
1 3.014731 8.242603
1 -9.179789 15.414274
1 3.482310 2.659425
1 -16.366531 0.365280
1 3.063536 3.769458
1 3.075083 8.475281
1 15.025038 -19.309372
1 15.563982 -10.956424
1 -17.571930 0.454884
1 3.326226 2.660565
1 -16.936525 1.181438
1 -8.579429 15.525028
1 0.794633 9.046121
1 -16.241426 1.678069
1 -4.713018 14.634362
1 15.089974 -10.900772
1 -1.909941 -3.254996
1 18.387224 -13.854853
1 3.340027 2.013899
1 -0.184564 -0.675631
1 -6.954102 14.882363
1 1.402853 -4.215629
1 16.118128 -18.481262
1 -0.833816 12.758626
1 -15.929673 0.379677
1 -16.696407 10.612101
1 13.818145 -13.723660
1 16.188723 -19.786207
1 1.614563 9.247011
1 4.250042 3.156706
1 4.444493 2.017005
1 4.014165 1.633774
1 -18.799963 -0.965640
1 0.693128 8.880738
1 15.208935 -12.404482
1 15.272938 -10.750287
1 -2.342909 -3.070336
1 16.207193 -12.813879
1 0.985700 8.802494
1 0.302800 16.022760
1 3.686084 2.674808
1 -16.968086 1.480246
1 -9.470256 16.879520
1 -16.965057 10.554925
1 0.969129 7.855086
1 4.004353 2.456716
1 17.119118 -10.977736
1 4.508815 2.901550
1 4.413457 2.765665
1 -3.041277 -3.385829
1 0.369598 -0.158220
1 17.631680 -12.267480
1 15.127633 -10.467701
1 -0.212574 9.596444
1 1.584462 10.051875
1 0.005900 -0.570270
1 16.194893 -17.735344
1 2.077090 7.044544
1 22.510862 -12.797825
1 15.690487 -21.365751
1 15.651106 -21.103630
1 0.635213 8.891112
1 -2.091432 -2.915306
1 0.617036 7.544560
1 -1.670333 13.726115
1 0.699194 0.223035
1 16.422003 -13.052151
1 18.719366 -8.635066
1 16.838081 -11.616061
1 0.049223 -0.351294
1 14.688381 -11.636176
1 6.077131 13.481417
1 1.055581 7.837723
1 15.069551 -10.932095
1 -4.146956 15.565461
1 2.952052 5.033776
1 0.172404 -0.426478
1 0.979379 7.415065
1 -0.256524 -0.728453
1 3.622080 2.674653
1 1.218453 7.698048
1 -20.385962 12.764830
1 0.932103 6.646468
1 -16.609501 1.017887
1 1.008187 8.777151
1 2.948504 2.348242
1 -16.357590 0.413957
1 -4.175712 14.813458
1 -3.927541 -4.920501
1 3.005349 2.271586
1 0.977335 9.520919
1 0.479983 7.794189
1 1.746431 9.575250
1 18.194363 -13.829869
1 -0.042387 -0.871753
1 0.169796 -0.363958
1 16.285309 -11.606855
1 0.295975 -0.466885
1 4.272644 3.922109
1 -0.017165 -0.659069
1 -17.816694 0.673045
1 0.376155 9.634736
1 0.977937 8.033113
1 18.006748 -17.113150
1 0.604045 8.656595
1 16.207600 -11.948201
1 0.848506 8.155423
1 -8.924310 15.288548
1 12.296369 -18.734282
1 -16.381935 0.506405
1 16.130543 -11.686452
1 16.248911 -11.135533
1 1.192585 9.902698
1 3.585434 2.738576
1 16.307590 -12.462440
1 -3.907324 15.605746
1 15.899514 -11.942009
1 -7.276399 14.993714
1 -9.106505 16.588142
1 3.170210 2.527354
1 3.913984 3.390525
1 3.210264 2.515839
1 3.509209 2.554936
1 15.116462 -11.032988
1 14.275978 -10.281986
1 16.824789 -11.741295
1 -3.841813 15.639709
1 5.313026 13.303542
1 -16.384190 1.437557
1 0.271676 16.002913
1 3.531896 2.570251
1 12.282014 -18.700275
1 -17.322248 1.661242
1 16.841240 -11.654693
1 1.829401 9.444761
1 14.604034 -10.510080
1 -16.015709 0.896632
1 -11.450085 11.282448
1 -16.708796 0.809462
1 3.230631 4.372045
1 14.726334 -10.225412
1 0.782302 7.528913
1 -16.551081 0.486693
1 17.828281 -16.681355
1 4.034657 3.439098
1 3.273480 2.339033
1 -15.971198 0.469067
1 -9.136239 16.459095
1 4.662957 2.859699
1 -18.829084 -0.796409
1 15.278531 -12.633624
1 -16.635868 1.292232
1 -16.188038 0.847295
1 -17.208019 1.134096
1 -9.511660 16.807966
1 -3.510667 -13.031544
1 3.481611 2.871266
1 15.314124 -12.059678
1 4.111774 2.426950
1 14.686695 -10.359023
1 -0.821456 -1.401510
1 14.618664 -10.074633
1 5.851403 14.018888
1 3.519838 2.174226
1 3.278698 2.214771
1 -16.426407 0.469666
1 3.234490 2.409377
1 14.749499 -10.398508
1 14.850317 -10.208874
1 3.180521 2.226054
1 0.182654 -0.423376
1 0.300865 -0.306439
1 0.216564 -0.321998
1 -16.307508 0.465514
1 14.812816 -10.436222
1 3.219783 2.429204
1 2.814574 2.894294
1 0.437553 -0.460050
1 -16.369341 0.810512
1 3.208672 2.373678
1 -16.293589 0.542201
1 0.111676 -0.334515
1 0.417494 -0.248110
1 3.177011 2.258790
1 3.251172 2.233260
1 0.253968 -0.259367
1 3.082925 2.295670
1 -19.716967 4.335754
1 0.218199 -0.365079
1 0.337257 -0.322191
1 3.280125 2.305362
1 0.318568 -0.360294
1 0.224199 -0.389657
1 0.097810 -0.240576
1 14.836228 -10.379895
1 0.262803 -0.461503
1 0.402120 -0.319340
1 -16.493011 0.504626
1 0.201525 -0.367773
1 0.187065 -0.076902
1 -0.064775 -0.230571
1 0.238223 -0.262748
1 0.210290 -0.464768
1 3.590896 2.089527
1 -11.444843 12.076809
1 3.589480 2.024368
1 3.274292 2.341055
1 0.283803 -0.329688
1 14.787266 -10.170314
1 20.726147 -11.102993
1 0.473455 -0.132770
1 0.213737 -0.448711
1 -16.113083 0.518346
1 14.768449 -10.275534
1 14.926939 -10.391947
1 -16.383005 -8.922295
1 0.142733 -0.464244
1 3.125337 2.342662
1 14.710742 -10.195337
1 3.085663 2.166706
1 3.256969 2.464233
1 0.236809 -0.137613
1 0.171904 -0.370469
1 0.185342 -0.149104
1 0.109387 -0.191145
1 0.174203 -0.435014
1 0.193825 -0.180855
1 0.607587 -0.366444
1 3.121849 2.174803
1 0.196881 -0.358714
1 3.405481 2.350252
1 -16.330334 0.446096
1 3.152606 2.381560
1 3.482538 2.264385
1 14.897167 -10.331680
1 -19.603254 4.186398
1 0.270284 -0.310894
1 0.202465 -0.282875
1 3.635023 2.576779
1 0.329777 -0.346021
1 -11.859367 12.052061
1 3.143512 2.426640
1 15.074102 -10.485399
1 14.881268 -10.229704
1 20.991442 -18.152624
1 23.377882 0.950993
1 14.841505 -10.311512
1 14.649234 -10.368078
1 2.915398 2.144476
1 -16.665640 1.436596
1 21.768435 -17.103128
1 -16.323858 0.652812
1 3.420195 2.336267
1 3.163108 2.306594
1 14.883726 -10.101817
1 -16.352083 0.369713
1 -15.989014 0.556325
1 3.087397 2.493038
1 -16.122496 0.598340
1 3.240391 2.432006
1 14.797281 -10.245345
1 0.308817 -0.271397
1 3.342413 2.455439
1 2.731508 2.643126
1 3.192097 2.329810
1 3.501936 2.788953
1 2.654387 2.938230
1 3.461695 2.226356
1 14.785218 -10.509945
1 2.936229 2.405919
1 3.463654 2.191854
1 3.246518 2.369780
1 14.959617 -10.193432
1 2.929609 2.633818
1 3.630796 1.869074
1 3.316295 2.196592
1 2.999696 2.577248
1 3.066861 2.528121
1 3.350695 2.328421
1 14.689545 -10.256192
1 14.897047 -10.325624
1 3.586144 2.959566
1 3.455742 2.152939
1 14.771497 -10.562523
1 3.490289 2.150874
1 3.368621 2.346206
