2204
1 0.412555 10.583392
1 -0.075487 13.757055
1 1.006530 8.946396
1 -0.444504 12.915450
1 -16.739893 10.425734
1 0.514028 10.098313
1 0.073314 12.273978
1 -8.611083 16.491167
1 1.530419 10.891388
1 0.685583 9.139763
1 0.227347 12.829739
1 -0.000312 13.927241
1 1.326190 8.404804
1 -1.926437 -3.406549
1 -2.656729 -3.229075
1 0.598443 10.191426
1 1.747487 10.574835
1 0.317864 13.845390
1 -4.093458 14.716610
1 -4.206209 14.659451
1 -4.101643 14.677979
1 0.818062 9.002147
1 0.410507 13.153138
1 16.283072 -17.955584
1 1.238759 10.700630
1 3.348174 14.380568
1 -3.503459 -13.021440
1 -3.480172 -12.967539
1 1.201192 9.700322
1 0.383154 13.893692
1 1.825355 11.200314
1 0.758556 12.949369
1 1.477747 10.363325
1 1.437523 10.520842
1 1.084706 13.985429
1 0.424776 9.734197
1 0.294885 10.524780
1 -17.149128 1.275032
1 0.716055 8.457692
1 2.031776 9.987001
1 0.662834 10.280375
1 -17.200771 1.358872
1 -16.148928 10.883010
1 -5.259741 -5.714359
1 0.264044 13.649573
1 -4.618716 -11.978474
1 -9.484911 14.810825
1 2.690588 12.682927
1 0.244393 13.634056
1 0.467554 13.270943
1 0.836952 9.117511
1 1.327851 13.251430
1 -8.951562 15.151134
1 -8.468043 15.586817
1 -8.908195 15.292394
1 -4.611071 -11.962606
1 1.380769 10.157600
1 -7.002669 16.003498
1 0.695425 9.554022
1 0.672397 9.968342
1 1.464897 10.799232
1 0.676166 11.232209
1 -17.027290 1.298746
1 -9.502439 18.072397
1 -9.568113 18.016005
1 -8.525530 16.290096
1 -0.156869 13.787148
1 -4.009003 14.697929
1 0.876922 13.657285
1 0.252967 13.470449
1 6.074824 14.078145
1 1.747009 10.822829
1 0.854602 10.529918
1 -4.368827 14.782247
1 1.254466 10.786160
1 0.920524 13.734042
1 0.548177 13.281622
1 -0.115310 13.034621
1 -3.986918 14.817170
1 0.477916 14.244101
1 -4.829308 16.030682
1 -0.153055 14.112984
1 20.424231 -17.553888
1 0.183491 11.203617
1 0.041732 14.051724
1 -12.124073 12.339071
1 -16.885519 1.701175
1 -3.835644 15.778442
1 0.003207 13.946696
1 -16.926785 1.073815
1 -0.452714 13.873239
1 2.906109 11.102865
1 17.038778 -13.462999
1 -0.628781 12.758102
1 -7.465658 15.922639
1 -18.767960 -0.852808
1 -3.091534 13.731187
1 0.387882 13.432985
1 0.270052 13.478503
1 0.212006 10.381631
1 0.244241 10.324493
1 14.310590 -11.236721
1 -11.860050 11.569871
1 1.294882 12.615513
1 -9.497250 16.411634
1 -2.295572 14.468816
1 -9.084623 15.627503
1 -4.758958 15.284067
1 16.031534 -13.084558
1 0.313914 10.424554
1 5.535780 13.460235
1 2.517488 12.675862
1 0.209510 10.356414
1 -4.228944 15.823691
1 -16.356642 0.502951
1 -17.766012 1.028847
1 0.133118 12.924224
1 -4.738759 15.583975
1 -1.507162 13.671463
1 -4.630561 -11.979780
1 -16.958303 1.288880
1 -16.927916 1.128199
1 -17.061102 1.265118
1 -16.902552 1.136749
1 0.383412 12.892201
1 2.883772 4.213928
1 0.144071 12.682693
1 -12.148251 12.399061
1 -12.136881 11.725208
1 0.334259 13.869309
1 -16.764868 0.860159
1 -9.445636 16.840027
1 -16.191820 0.552282
1 -17.981699 -2.265461
1 1.264880 13.424942
1 0.633047 11.283727
1 1.611060 11.516512
1 1.432406 10.777600
1 -16.858816 1.085572
1 17.077438 -12.502787
1 2.143174 8.666393
1 -9.482726 15.782254
1 0.632269 11.505733
1 -17.654652 0.535977
1 -16.277300 0.674812
1 -9.470115 16.540834
1 4.338356 4.092913
1 1.136643 13.577245
1 -6.679635 16.567078
1 1.232217 12.224175
1 1.399150 11.670247
1 -16.151722 0.556654
1 1.070249 11.510505
1 1.251532 11.505539
1 1.002137 12.574081
1 1.513429 12.226971
1 1.262165 12.076320
1 -16.263254 0.327290
1 1.113793 11.873083
1 0.986156 12.026077
1 0.402570 11.140742
1 1.258689 11.658403
1 1.135732 11.135747
1 1.430755 12.013948
1 1.377029 11.460314
1 1.768544 11.932700
1 -15.883023 0.448122
1 -16.160694 0.581052
1 0.747452 11.937296
1 1.630482 11.853002
1 1.020241 12.371548
1 1.165897 12.695788
1 -16.375347 0.438485
1 -1.486949 -10.961748
1 -16.250246 0.786882
1 1.018390 11.574309
1 -11.666825 12.204402
1 -11.565808 12.337448
1 1.341246 12.031634
1 -0.972407 -9.255349
1 1.841774 12.502954
1 1.229492 11.778771
1 1.238855 12.767825
1 1.206709 12.018478
1 2.006341 11.304367
1 -16.212147 0.506554
1 -16.409449 0.681501
1 -13.108855 19.655836
1 -16.150463 0.555082
1 -11.621313 12.154236
1 -16.540167 0.610582
1 1.440419 11.988645
1 -16.292635 0.656632
1 0.809614 12.055353
1 -11.588350 12.234522
1 1.975199 11.462295
1 0.943532 11.911188
1 1.444938 11.653351
1 -16.263760 0.889367
1 17.236797 -13.915145
1 0.698693 7.849742
1 1.606404 9.969151
1 -0.081696 14.231579
1 1.101314 7.706168
1 1.561352 14.924819
1 22.176313 -14.493660
1 -3.771847 14.309585
1 0.918972 8.710760
1 -2.861455 -4.414740
1 -0.120372 13.659423
1 -16.494053 2.492952
1 2.543953 11.123451
1 0.459120 9.899241
1 0.568661 10.228909
1 0.863306 10.972042
1 1.911823 10.565267
1 1.636111 10.239383
1 -0.011438 13.847459
1 -12.458675 12.518453
1 -0.221933 13.781696
1 -0.215187 13.730658
1 -2.306843 -3.271963
1 14.764925 -10.394426
1 3.036462 12.669114
1 1.283707 14.258497
1 16.818989 -12.239768
1 0.890759 9.255269
1 16.771152 -11.408225
1 2.228877 9.476057
1 -16.285887 1.275038
1 -4.122499 14.670342
1 -0.772092 12.985606
1 0.506616 13.368049
1 -16.338717 1.004514
1 12.307736 -18.687033
1 3.294369 14.348172
1 1.771999 9.743382
1 -2.069209 -3.915452
1 16.655937 -19.689379
1 0.872424 8.526706
1 1.800047 11.075882
1 -15.894254 0.915317
1 0.456402 13.636573
1 1.513120 10.322584
1 0.985231 10.480634
1 0.192680 -0.250279
1 2.615946 11.147923
1 -2.089983 -2.793482
1 -7.598259 15.001786
1 -3.844969 14.662600
1 0.225812 -0.342037
1 0.394708 8.008758
1 16.463680 -12.629412
1 13.722261 -11.071144
1 -4.613461 -11.976830
1 -4.631335 -12.001590
1 0.089145 12.887492
1 3.497816 4.109614
1 16.270529 -13.145784
1 2.541182 12.681713
1 0.328319 13.966141
1 0.103275 13.846530
1 -0.081727 11.555341
1 -15.723919 1.015234
1 0.157415 13.915250
1 0.939189 7.596662
1 -2.029010 -2.693997
1 -0.679481 12.723037
1 0.202961 13.930978
1 14.804480 -10.285469
1 -8.776715 15.488935
1 0.778177 8.870691
1 -4.619853 -11.980937
1 -15.888490 0.206995
1 1.014689 9.301102
1 -16.932701 10.216784
1 0.599901 9.607983
1 -3.499768 14.199640
1 20.890085 -15.080892
1 20.884666 -14.970313
1 17.015049 -11.676611
1 0.249809 13.942478
1 1.947850 12.880697
1 -3.705469 15.166057
1 1.864978 11.549242
1 15.706921 -18.950466
1 0.210528 13.451850
1 0.293201 13.603170
1 14.533652 -11.356647
1 17.553755 -13.029826
1 6.216125 14.105506
1 0.496087 12.287378
1 -16.580807 0.533147
1 1.281240 10.740738
1 22.223690 -14.509076
1 -17.054399 1.395584
1 -3.997833 14.769683
1 14.922797 -11.016394
1 15.087446 -11.160022
1 -0.234529 13.763138
1 -12.033758 10.666339
1 15.861368 -11.695929
1 15.450864 -12.289802
1 12.259607 -18.572935
1 1.508572 10.354934
1 -0.150987 12.267347
1 16.374104 -12.057713
1 13.426423 -10.280489
1 16.777369 -12.926116
1 -9.106975 14.866812
1 -16.770489 1.267354
1 3.591746 10.817845
1 0.748113 9.009808
1 14.392533 -20.395243
1 2.941171 3.978184
1 3.300727 3.113628
1 -15.620150 0.255635
1 0.230315 13.424892
1 -17.654150 0.695542
1 1.358207 13.227678
1 15.421262 -11.303144
1 15.111519 -11.303142
1 3.723275 3.168446
1 0.298931 15.899022
1 15.028841 -13.074897
1 -16.240675 0.779629
1 3.552480 14.655235
1 1.795491 10.673650
1 16.637796 -11.419296
1 14.118324 -20.531042
1 16.485744 -11.715411
1 16.569147 -11.727544
1 3.036281 2.223832
1 3.138916 2.153007
1 17.992500 -13.952140
1 0.861635 9.135754
1 0.931486 7.225788
1 -0.063565 9.754562
1 0.314096 13.535049
1 15.952657 -11.668389
1 14.922054 -11.482011
1 16.620026 -12.161823
1 16.467236 -13.382977
1 16.060001 -11.814309
1 16.153126 -11.893983
1 17.011000 -11.752018
1 -11.990321 11.487125
1 18.163742 -13.119756
1 17.153955 -11.986693
1 1.756024 11.299333
1 -0.856906 13.932657
1 15.215928 -10.879076
1 15.428111 -10.800509
1 16.103104 -12.205509
1 13.341136 -6.323420
1 -7.533129 16.087904
1 16.036934 -13.003118
1 0.170399 -0.272741
1 17.437395 -12.680165
1 15.298661 -11.184977
1 0.919326 8.187832
1 -5.159592 15.573188
1 6.351462 -16.545324
1 3.554943 2.615459
1 -9.475618 16.867266
1 17.010080 -11.826379
1 18.241449 -14.329428
1 16.170349 -12.833375
1 -5.325227 15.574514
1 1.432885 12.122405
1 -2.717164 -3.045391
1 0.093558 -0.366836
1 12.299881 -18.677526
1 11.418874 -18.095961
1 15.205521 -19.230865
1 16.218739 -12.323472
1 3.093196 2.276765
1 16.544849 -11.755161
1 0.883749 8.335088
1 0.846318 8.302425
1 16.082598 -11.970679
1 -3.110950 -3.697758
1 17.999487 -12.948223
1 15.221818 -13.498707
1 16.176962 -13.207088
1 1.204823 8.109099
1 -0.423022 -0.871553
1 16.629869 -11.761975
1 16.433281 -11.107634
1 16.620729 -12.832923
1 0.477181 9.887491
1 17.503603 -18.628820
1 17.190990 -12.632688
1 14.430634 -10.990236
1 1.468380 12.412807
1 -3.111652 14.754681
1 -4.783887 15.251436
1 -4.990374 15.062339
1 16.144793 -12.957654
1 16.708227 -13.150977
1 16.493788 -12.970549
1 0.439034 8.125629
1 5.985626 13.447446
1 14.169810 -20.570074
1 -3.911448 -4.541897
1 0.027848 -0.732700
1 17.009762 -13.343202
1 16.866802 -13.316689
1 14.521351 -10.022993
1 16.049440 -13.111742
1 -20.375462 12.764853
1 0.920290 6.707235
1 10.817620 -18.873543
1 6.080328 14.108418
1 -16.661644 0.982699
1 3.028119 2.383391
1 15.902165 -18.141945
1 -11.221592 12.813351
1 16.714931 -12.973663
1 1.620513 12.452083
1 16.118671 -13.158490
1 3.028821 2.391006
1 0.164686 -0.304202
1 5.679657 13.524372
1 16.290649 -17.355799
1 -0.633667 12.670307
1 0.232637 -0.270068
1 4.039513 3.479381
1 0.448975 12.719465
1 16.149075 -11.830599
1 0.518339 16.613485
1 3.280881 2.043340
1 1.499304 10.457013
1 15.704849 -12.765392
1 16.280773 -12.974874
1 -6.435509 14.421662
1 0.079848 -0.173873
1 -3.739144 14.590336
1 15.024957 -20.274788
1 2.465281 11.322415
1 -16.140627 0.446289
1 20.291506 -17.536430
1 14.699581 -14.537350
1 -16.558687 0.886611
1 1.102407 10.364465
1 -17.145845 1.220756
1 -3.940344 15.599483
1 -3.891604 15.576945
1 22.680767 -13.321012
1 22.631605 -13.340308
1 15.717010 -11.778137
1 4.087344 3.350711
1 -8.956723 15.624346
1 4.024836 2.621961
1 16.482977 -12.879788
1 1.135460 8.083982
1 -17.021120 1.351024
1 -16.545189 2.013203
1 3.448540 2.497141
1 16.025621 -12.774690
1 0.100263 -0.292352
1 16.487501 -12.911749
1 14.965206 -10.538651
1 15.617613 -12.551586
1 -17.114815 1.573219
1 3.666259 1.945292
1 15.239570 -10.679408
1 -17.079350 1.485281
1 -9.486443 16.927189
1 16.249123 -12.505293
1 15.369534 -12.303023
1 22.443916 -12.785955
1 -4.144066 14.877472
1 16.196310 -11.680424
1 3.972737 2.449209
1 3.255798 2.691350
1 3.973599 3.319137
1 22.550077 -13.459910
1 1.057622 13.625128
1 -18.700260 -0.824264
1 15.716059 -12.237514
1 14.749538 -10.446259
1 0.712853 10.028762
1 1.004721 9.138737
1 0.458249 11.370905
1 -16.768570 1.354911
1 -16.983953 1.059424
1 15.530532 -12.318288
1 -12.534617 1.061759
1 0.633977 9.603595
1 3.606444 2.098329
1 -3.317627 14.143174
1 2.875014 2.114080
1 14.173526 -17.036350
1 15.549876 -11.138791
1 3.337345 2.127986
1 2.927837 4.077289
1 17.290842 -12.361925
1 16.685196 -11.808932
1 3.063591 2.361339
1 14.744013 -14.484810
1 -8.758273 16.498386
1 2.298030 11.237323
1 -0.302484 12.317032
1 3.244635 2.370910
1 20.903313 -13.769314
1 3.507669 2.119054
1 0.332499 13.520453
1 15.445964 -12.549026
1 14.747383 -10.405166
1 16.175407 -17.440449
1 14.631905 -10.659523
1 -16.188505 0.929474
1 -12.153821 11.282397
1 1.756116 11.625336
1 -8.876241 15.945291
1 15.548323 -12.216283
1 0.897148 12.130538
1 1.676264 12.056066
1 14.894762 -10.439207
1 0.929235 11.808129
1 15.099641 -10.091739
1 1.389288 11.978289
1 14.839261 -10.368797
1 1.732342 11.728705
1 1.074896 12.194918
1 -0.888832 -10.103994
1 3.063971 2.637369
1 1.427688 11.723681
1 1.085904 11.949197
1 1.320198 11.930391
1 -16.379583 0.377009
1 0.365211 -0.429200
1 1.371179 12.377164
1 0.400155 -0.358156
1 1.681888 11.990555
1 3.252864 2.382548
1 1.402613 11.454487
1 1.451061 11.605783
1 1.165702 11.802567
1 1.101779 11.807081
1 -16.261454 0.466671
1 14.809739 -10.275665
1 1.412168 11.804712
1 1.537337 12.034560
1 1.689068 12.453378
1 2.628375 2.661406
1 0.114540 -0.475454
1 15.615873 -12.164773
1 14.888412 -10.138564
1 14.788245 -10.344711
1 1.034560 11.909884
1 14.698779 -10.331044
1 14.852036 -10.452498
1 0.312933 -0.328820
1 14.822637 -10.484887
1 1.099427 11.783765
1 1.192539 12.190472
1 3.295303 2.275686
1 -16.265856 0.556058
1 1.745215 11.604672
1 2.991883 2.452249
1 -1.347609 -9.328991
1 0.891798 11.976202
1 1.607133 11.477345
1 3.109542 2.592637
1 3.306432 2.579660
1 -19.750683 5.674973
1 3.330259 2.324049
1 14.537862 -10.510320
1 23.590870 -4.967175
1 20.516870 -11.488672
1 3.315959 2.590270
1 14.763080 -10.180306
1 14.820943 -10.350265
1 14.862988 -10.101148
1 3.275424 2.046552
1 0.167534 -0.454333
1 0.139437 -0.226590
1 15.726335 -12.175741
1 3.258835 2.430315
1 3.143107 2.440471
1 15.180448 -10.433726
1 -19.753483 6.981372
1 14.717364 -10.369412
1 -0.650745 -7.960625
1 24.503788 -9.179250
1 3.185444 2.442641
1 15.734792 -12.269274
1 -20.308081 6.370980
1 3.254930 2.254344
1 14.795941 -10.494983
1 1.304737 11.886550
1 -11.489888 12.300946
1 14.659255 -10.205161
1 14.759929 -10.144819
1 14.828321 -10.253531
1 3.185335 2.704939
1 3.161507 2.361042
1 14.767628 -10.353728
1 15.030587 -10.389937
1 1.627361 12.300771
1 15.706302 -12.305446
1 14.976803 -10.311683
1 14.973669 -10.432257
1 0.212856 -0.242511
1 14.870417 -10.510300
1 3.012155 2.225798
1 0.169552 -0.364535
1 3.365674 2.216651
1 1.865093 12.289921
1 14.890305 -10.313254
1 0.302875 -0.240352
1 -11.735917 12.121875
1 3.377283 2.109528
1 14.652161 -10.335132
1 1.358231 12.033012
1 -16.023932 0.435500
1 1.420017 12.036407
1 14.863505 -10.327827
1 -16.206989 0.413543
1 14.979004 -10.547530
1 25.703876 -11.606023
1 11.259501 -13.534526
1 3.339165 2.498524
1 0.090761 -0.241536
1 3.663489 2.606218
1 15.042380 -10.106337
1 3.294179 2.391796
1 14.669756 -10.319308
1 14.472970 -10.520699
1 20.144543 -18.842911
1 14.772140 -10.201360
1 1.577079 12.409793
1 3.233690 2.261744
1 3.044836 2.632756
1 15.683818 -12.269359
1 3.782823 1.854358
1 14.992701 -10.490149
1 14.649573 -10.334369
1 14.791365 -10.525389
1 3.243077 2.408184
1 3.151368 2.247962
1 14.770732 -10.321217
1 14.879619 -10.201826
1 3.409108 2.704151
1 15.654445 -12.287370
1 14.793433 -10.499535
1 14.834156 -10.271912
1 3.303552 2.860864
1 14.984787 -10.382526
1 24.012798 -6.009599
1 3.210806 2.322029
1 15.643189 -12.277740
1 3.310237 2.463066
1 15.739953 -12.214114
1 -16.309437 0.527682
1 -16.285038 0.640205
1 15.659364 -12.245053
1 -15.923244 0.580895
1 14.986362 -10.399475
1 3.035420 2.200543
1 3.185501 2.212788
1 0.990435 11.986579
1 3.259298 2.510695
1 3.026743 2.163517
1 0.248746 -0.522673
1 -16.351660 0.814649
1 24.580013 -7.233336
1 2.903051 2.637208
1 3.493290 2.160827
1 3.370276 2.099138
1 3.344842 2.298258
1 3.045595 2.250636
1 14.943818 -10.327321
1 3.210926 2.329651
1 3.267354 2.111278
1 1.440507 11.606035
1 14.592462 -10.095595
1 3.421260 2.535110
1 3.309189 2.175883
1 2.962195 2.279550
1 3.118380 2.543355
1 15.039632 -10.375163
1 3.717573 1.857262
1 -19.942461 7.118424
1 14.690485 -10.140409
1 14.920456 -10.241117
1 3.359638 2.317723
1 14.820140 -10.214879
1 14.790782 -10.340617
1 3.283196 2.210194
1 1.184419 12.090345
1 -23.050051 -0.801033
1 15.771558 -12.428932
1 -12.196677 10.708283
1 -16.918901 1.705708
1 -17.020636 1.550890
1 0.805942 7.813315
1 0.654905 7.964970
1 0.614581 7.495924
1 -0.644557 -1.229979
1 0.644548 8.007832
1 0.941961 13.699466
1 16.080591 -18.106678
1 1.023757 7.610365
1 -5.141885 15.109600
1 -5.261754 15.351944
1 4.079952 3.153790
1 -0.110951 -0.623761
1 1.363378 8.558045
1 16.768204 -9.774271
1 4.323848 2.775779
1 -16.960217 1.161137
1 -16.835112 1.120301
1 -16.801437 1.243968
1 -16.300734 1.026633
1 -16.767267 1.286082
1 -16.872955 1.145266
1 -16.721806 1.408081
1 -16.912968 1.301722
1 15.607711 -13.448637
1 14.626862 -10.322289
1 5.681406 6.638962
1 0.718865 8.244700
1 -8.787214 16.176672
1 0.796813 8.129320
1 0.862738 8.347305
1 -0.101744 -0.537645
1 15.580935 -11.274838
1 -16.072861 1.188425
1 -9.143143 15.686360
1 0.835037 7.734861
1 15.407328 -11.264193
1 -5.301054 15.407466
1 16.920519 -10.762631
1 -16.577095 1.553078
1 -1.658724 12.825027
1 -3.169438 -3.827742
1 -8.295120 15.934481
1 15.176113 -10.742878
1 -16.515450 0.710465
1 14.856946 -10.311277
1 20.641006 -15.253620
1 14.726478 -11.293952
1 0.154575 -0.542872
1 -16.847670 1.567939
1 1.525651 9.662925
1 0.797324 8.926455
1 14.610839 -10.580387
1 -8.848465 15.347669
1 -15.990828 -0.412450
1 14.977226 -10.974037
1 0.467227 16.109535
1 14.896512 -11.039688
1 0.675668 7.626720
1 -9.664019 14.988176
1 -4.116049 14.818548
1 -5.242412 15.035944
1 2.940236 2.328565
1 3.014731 8.242603
1 -9.179789 15.414274
1 3.482310 2.659425
1 -16.366531 0.365280
1 3.063536 3.769458
1 3.075083 8.475281
1 15.025038 -19.309372
1 15.563982 -10.956424
1 -17.571930 0.454884
1 3.326226 2.660565
1 -16.936525 1.181438
1 -8.579429 15.525028
1 0.794633 9.046121
1 -16.241426 1.678069
1 -4.713018 14.634362
1 15.089974 -10.900772
1 -1.909941 -3.254996
1 18.387224 -13.854853
1 3.340027 2.013899
1 -0.184564 -0.675631
1 -6.954102 14.882363
1 1.402853 -4.215629
1 16.118128 -18.481262
1 -0.833816 12.758626
1 -15.929673 0.379677
1 -16.696407 10.612101
1 13.818145 -13.723660
1 16.188723 -19.786207
1 1.614563 9.247011
1 4.250042 3.156706
1 4.444493 2.017005
1 4.014165 1.633774
1 -18.799963 -0.965640
1 0.693128 8.880738
1 15.208935 -12.404482
1 15.272938 -10.750287
1 -2.342909 -3.070336
1 16.207193 -12.813879
1 0.985700 8.802494
1 0.302800 16.022760
1 3.686084 2.674808
1 -16.968086 1.480246
1 -9.470256 16.879520
1 -16.965057 10.554925
1 0.969129 7.855086
1 4.004353 2.456716
1 17.119118 -10.977736
1 4.508815 2.901550
1 4.413457 2.765665
1 -3.041277 -3.385829
1 0.369598 -0.158220
1 17.631680 -12.267480
1 15.127633 -10.467701
1 -0.212574 9.596444
1 1.584462 10.051875
1 0.005900 -0.570270
1 16.194893 -17.735344
1 2.077090 7.044544
1 22.510862 -12.797825
1 15.690487 -21.365751
1 15.651106 -21.103630
1 0.635213 8.891112
1 -2.091432 -2.915306
1 0.617036 7.544560
1 -1.670333 13.726115
1 0.699194 0.223035
1 16.422003 -13.052151
1 18.719366 -8.635066
1 16.838081 -11.616061
1 0.049223 -0.351294
1 14.688381 -11.636176
1 6.077131 13.481417
1 1.055581 7.837723
1 15.069551 -10.932095
1 -4.146956 15.565461
1 2.952052 5.033776
1 0.172404 -0.426478
1 0.979379 7.415065
1 -0.256524 -0.728453
1 3.622080 2.674653
1 1.218453 7.698048
1 -20.385962 12.764830
1 0.932103 6.646468
1 -16.609501 1.017887
1 1.008187 8.777151
1 2.948504 2.348242
1 -16.357590 0.413957
1 -4.175712 14.813458
1 -3.927541 -4.920501
1 3.005349 2.271586
1 0.977335 9.520919
1 0.479983 7.794189
1 1.746431 9.575250
1 18.194363 -13.829869
1 -0.042387 -0.871753
1 0.169796 -0.363958
1 16.285309 -11.606855
1 0.295975 -0.466885
1 4.272644 3.922109
1 -0.017165 -0.659069
1 -17.816694 0.673045
1 0.376155 9.634736
1 0.977937 8.033113
1 18.006748 -17.113150
1 0.604045 8.656595
1 16.207600 -11.948201
1 0.848506 8.155423
1 -8.924310 15.288548
1 12.296369 -18.734282
1 -16.381935 0.506405
1 16.130543 -11.686452
1 16.248911 -11.135533
1 1.192585 9.902698
1 3.585434 2.738576
1 16.307590 -12.462440
1 -3.907324 15.605746
1 15.899514 -11.942009
1 -7.276399 14.993714
1 -9.106505 16.588142
1 3.170210 2.527354
1 3.913984 3.390525
1 3.210264 2.515839
1 3.509209 2.554936
1 15.116462 -11.032988
1 14.275978 -10.281986
1 16.824789 -11.741295
1 -3.841813 15.639709
1 5.313026 13.303542
1 -16.384190 1.437557
1 0.271676 16.002913
1 3.531896 2.570251
1 12.282014 -18.700275
1 -17.322248 1.661242
1 16.841240 -11.654693
1 1.829401 9.444761
1 14.604034 -10.510080
1 -16.015709 0.896632
1 -11.450085 11.282448
1 -16.708796 0.809462
1 3.230631 4.372045
1 14.726334 -10.225412
1 0.782302 7.528913
1 -16.551081 0.486693
1 17.828281 -16.681355
1 4.034657 3.439098
1 3.273480 2.339033
1 -15.971198 0.469067
1 -9.136239 16.459095
1 4.662957 2.859699
1 -18.829084 -0.796409
1 15.278531 -12.633624
1 -16.635868 1.292232
1 -16.188038 0.847295
1 -17.208019 1.134096
1 -9.511660 16.807966
1 -3.510667 -13.031544
1 3.481611 2.871266
1 15.314124 -12.059678
1 4.111774 2.426950
1 14.686695 -10.359023
1 -0.821456 -1.401510
1 14.618664 -10.074633
1 5.851403 14.018888
1 3.519838 2.174226
1 3.278698 2.214771
1 -16.426407 0.469666
1 3.234490 2.409377
1 14.749499 -10.398508
1 14.850317 -10.208874
1 3.180521 2.226054
1 0.182654 -0.423376
1 0.300865 -0.306439
1 0.216564 -0.321998
1 -16.307508 0.465514
1 14.812816 -10.436222
1 3.219783 2.429204
1 2.814574 2.894294
1 0.437553 -0.460050
1 -16.369341 0.810512
1 3.208672 2.373678
1 -16.293589 0.542201
1 0.111676 -0.334515
1 0.417494 -0.248110
1 3.177011 2.258790
1 3.251172 2.233260
1 0.253968 -0.259367
1 3.082925 2.295670
1 -19.716967 4.335754
1 0.218199 -0.365079
1 0.337257 -0.322191
1 3.280125 2.305362
1 0.318568 -0.360294
1 0.224199 -0.389657
1 0.097810 -0.240576
1 14.836228 -10.379895
1 0.262803 -0.461503
1 0.402120 -0.319340
1 -16.493011 0.504626
1 0.201525 -0.367773
1 0.187065 -0.076902
1 -0.064775 -0.230571
1 0.238223 -0.262748
1 0.210290 -0.464768
1 3.590896 2.089527
1 -11.444843 12.076809
1 3.589480 2.024368
1 3.274292 2.341055
1 0.283803 -0.329688
1 14.787266 -10.170314
1 20.726147 -11.102993
1 0.473455 -0.132770
1 0.213737 -0.448711
1 -16.113083 0.518346
1 14.768449 -10.275534
1 14.926939 -10.391947
1 -16.383005 -8.922295
1 0.142733 -0.464244
1 3.125337 2.342662
1 14.710742 -10.195337
1 3.085663 2.166706
1 3.256969 2.464233
1 0.236809 -0.137613
1 0.171904 -0.370469
1 0.185342 -0.149104
1 0.109387 -0.191145
1 0.174203 -0.435014
1 0.193825 -0.180855
1 0.607587 -0.366444
1 3.121849 2.174803
1 0.196881 -0.358714
1 3.405481 2.350252
1 -16.330334 0.446096
1 3.152606 2.381560
1 3.482538 2.264385
1 14.897167 -10.331680
1 -19.603254 4.186398
1 0.270284 -0.310894
1 0.202465 -0.282875
1 3.635023 2.576779
1 0.329777 -0.346021
1 -11.859367 12.052061
1 3.143512 2.426640
1 15.074102 -10.485399
1 14.881268 -10.229704
1 20.991442 -18.152624
1 23.377882 0.950993
1 14.841505 -10.311512
1 14.649234 -10.368078
1 2.915398 2.144476
1 -16.665640 1.436596
1 21.768435 -17.103128
1 -16.323858 0.652812
1 3.420195 2.336267
1 3.163108 2.306594
1 14.883726 -10.101817
1 -16.352083 0.369713
1 -15.989014 0.556325
1 3.087397 2.493038
1 -16.122496 0.598340
1 3.240391 2.432006
1 14.797281 -10.245345
1 0.308817 -0.271397
1 3.342413 2.455439
1 2.731508 2.643126
1 3.192097 2.329810
1 3.501936 2.788953
1 2.654387 2.938230
1 3.461695 2.226356
1 14.785218 -10.509945
1 2.936229 2.405919
1 3.463654 2.191854
1 3.246518 2.369780
1 14.959617 -10.193432
1 2.929609 2.633818
1 3.630796 1.869074
1 3.316295 2.196592
1 2.999696 2.577248
1 3.066861 2.528121
1 3.350695 2.328421
1 14.689545 -10.256192
1 14.897047 -10.325624
1 3.586144 2.959566
1 3.455742 2.152939
1 14.771497 -10.562523
1 3.490289 2.150874
1 3.368621 2.346206
1 -8.105211 15.644070
1 16.159948 -11.628954
1 17.231434 -15.052682
1 0.657777 8.031245
1 -0.394354 11.958473
1 2.200702 5.372224
1 3.917783 3.676057
1 1.568866 15.048517
1 1.038895 7.659178
1 -4.023074 14.430884
1 8.896507 4.893226
1 0.528953 13.410597
1 2.861115 8.441477
1 0.654763 12.919988
1 -0.224237 13.835686
1 0.795339 14.606598
1 -0.337717 12.653722
1 0.622082 7.754681
1 0.637534 13.517267
1 0.469577 14.629924
1 3.953141 3.284518
1 -2.657581 13.754101
1 17.149113 -11.884603
1 0.479561 13.411193
1 1.741603 9.681343
1 2.687501 11.360220
1 1.673548 11.897002
1 4.278549 3.114222
1 1.389725 8.537438
1 0.837312 14.069566
1 0.558018 13.291292
1 0.820546 9.015909
1 1.400880 13.468267
1 2.637686 11.943742
1 0.959928 9.483965
1 4.025863 3.533341
1 0.432573 8.050432
1 9.313316 -0.543318
1 4.063692 3.381786
1 16.779518 -11.722591
1 17.035919 -12.392041
1 14.897080 -12.115530
1 14.482605 -11.651073
1 15.111287 -12.231633
1 1.622616 12.936786
1 1.393142 9.837689
1 13.752757 -11.216358
1 -1.499619 11.476816
1 -3.720412 14.854824
1 15.204806 -11.107903
1 0.325278 14.298450
1 0.307877 12.249825
1 14.171402 -20.607872
1 -2.055666 -3.774765
1 2.304262 12.869139
1 -3.573186 14.320184
1 -16.843817 1.810679
1 1.160590 4.510027
1 0.980253 9.432171
1 0.937005 8.312574
1 0.868244 14.214204
1 0.986334 14.017053
1 -0.257946 13.839012
1 0.563947 9.176361
1 0.559101 13.076419
1 15.561819 -9.679413
1 -11.853733 9.738379
1 0.749691 8.150598
1 1.870740 9.703341
1 0.895740 13.485539
1 12.657472 -18.471195
1 0.090977 14.043017
1 0.212667 14.113539
1 -11.503884 12.005790
1 0.752610 9.021478
1 1.618978 9.675014
1 1.662169 9.895189
1 0.681499 14.422868
1 -0.572071 11.797175
1 3.048301 12.818741
1 16.057625 -17.881016
1 0.079993 8.335398
1 16.650127 -12.243325
1 16.999516 -12.137422
1 4.602019 2.804642
1 3.153639 2.111996
1 16.126190 -12.962597
1 -0.446024 12.623434
1 1.612393 4.966526
1 16.681700 -10.270616
1 -0.952435 12.698636
1 0.806849 8.959123
1 1.103775 8.476758
1 0.889987 8.252783
1 0.634636 14.065852
1 2.301931 10.567719
1 0.216857 13.880089
1 3.661195 4.249609
1 2.616275 10.918427
1 16.573637 -13.047079
1 -8.606717 16.492840
1 -0.335421 13.806651
1 16.478592 -12.290861
1 15.759269 -12.881631
1 2.638598 11.141027
1 1.410712 9.973658
1 0.268350 13.112463
1 -2.872063 14.032989
1 0.097471 -0.452865
1 0.605667 14.063637
1 16.745363 -20.035467
1 1.060452 7.731778
1 -3.695653 -10.990433
1 17.084572 -13.369502
1 16.936569 -13.250095
1 2.446352 15.173865
1 -8.095642 15.768691
1 17.145588 -11.791010
1 4.237138 2.978851
1 -0.063505 13.732152
1 3.605790 2.011508
1 0.152020 13.748674
1 -0.943448 -1.326118
1 0.625770 12.290364
1 16.066187 -12.706290
1 18.342703 -13.936368
1 17.939573 -13.523456
1 0.958201 8.874184
1 -1.136645 11.399302
1 2.645839 10.903331
1 16.976624 -11.487473
1 -0.441864 13.164563
1 15.758310 -11.668651
1 0.455733 13.153076
1 1.016414 8.367691
1 -3.617075 15.283490
1 1.115662 13.659843
1 1.393408 13.456577
1 1.544259 11.278721
1 1.545270 11.305751
1 0.902807 9.185074
1 2.891442 2.562626
1 15.098816 -13.287685
1 8.197947 -18.797901
1 -1.007257 12.885695
1 2.471751 12.587031
1 22.192860 -14.510427
1 15.895956 -12.110039
1 -7.096185 15.121025
1 -7.854204 15.878998
1 6.812940 10.590598
1 13.580090 -18.309460
1 -1.552772 14.646409
1 16.714733 -13.290641
1 15.707590 -12.979997
1 0.058285 9.603984
1 1.100914 9.613666
1 1.384173 13.595630
1 -11.804723 12.288280
1 16.420925 -13.210368
1 -4.627346 -11.992145
1 -8.519192 15.567034
1 0.620503 10.241994
1 3.890869 3.277216
1 1.050069 9.082584
1 0.975806 9.579600
1 1.020154 9.002528
1 3.508421 2.407001
1 3.705483 2.627819
1 0.795773 9.004842
1 -19.669409 6.222366
1 -0.438388 13.043994
1 0.697193 13.696244
1 0.478508 13.735671
1 15.921126 -11.828278
1 16.340446 -11.695751
1 3.583537 2.837014
1 16.419962 -12.021770
1 17.981483 -16.651674
1 1.212674 9.517692
1 15.173824 -11.850005
1 17.136023 -13.588097
1 0.863752 8.560156
1 4.862167 2.118377
1 16.523457 -13.542725
1 3.297426 11.673573
1 -3.394958 14.718737
1 14.577472 -10.985712
1 15.063602 -13.359156
1 0.256145 13.203480
1 18.354637 -14.170566
1 -9.072289 15.295218
1 3.699381 3.573791
1 1.131713 11.644582
1 -3.724571 13.892129
1 15.915822 -11.961320
1 16.396351 -12.165131
1 -5.355536 15.006423
1 16.970793 -12.560981
1 4.135272 1.887268
1 15.769044 -11.443510
1 0.909861 6.818867
1 16.878483 -13.576086
1 -5.129562 15.489295
1 15.737818 -13.403473
1 17.301407 -11.667340
1 16.963366 -11.363307
1 3.042472 4.895529
1 1.626146 12.245127
1 16.053970 -11.974417
1 12.439580 -18.467628
1 15.780930 -12.646769
1 3.870136 2.420137
1 17.152914 -11.558133
1 0.659210 7.409355
1 16.937038 -11.802371
1 0.178528 9.950103
1 3.031579 5.714202
1 3.565106 2.477080
1 17.119747 -11.543000
1 17.407497 -12.264746
1 13.847465 -13.858281
1 16.664183 -11.754855
1 1.903727 9.599425
1 -7.854106 16.114183
1 3.553536 2.923623
1 3.533039 2.768390
1 16.860512 -11.278855
1 1.128440 12.659051
1 11.109080 7.082680
1 3.386468 2.647647
1 1.037494 8.577443
1 22.471537 -12.803967
1 15.694204 -21.336414
1 1.651441 4.696470
1 16.258127 -12.885701
1 -1.227910 -2.002810
1 0.517162 9.775571
1 -9.585567 16.846731
1 0.670817 7.832619
1 -0.623660 11.752075
1 2.434671 11.447072
1 3.356721 2.957450
1 16.565235 -11.690684
1 16.248619 -12.882063
1 -5.096323 15.125723
1 16.266102 -16.841459
1 -11.485968 12.528981
1 5.153387 14.306931
1 15.662107 -12.100711
1 3.872760 2.260154
1 3.298055 2.771492
1 -4.029783 15.803284
1 3.652830 2.857550
1 3.626081 2.811906
1 -1.881673 -11.307285
1 15.655308 -12.280208
1 0.960254 7.212502
1 -9.474416 16.915009
1 15.729894 -11.831920
1 0.762379 7.828726
1 16.594517 -13.441776
1 13.672045 -11.262438
1 -8.566643 16.439547
1 0.933872 6.837961
1 0.919220 8.406830
1 0.896951 8.906521
1 4.143839 3.764142
1 3.709921 3.655080
1 -2.136439 -2.585601
1 15.625313 -13.509025
1 16.707825 -11.892642
1 -2.311277 15.147789
1 17.145130 -11.906157
1 0.987323 10.854980
1 0.094862 -0.360005
1 0.526326 7.738225
1 -0.549790 -1.026850
1 16.784319 -11.326613
1 3.253436 2.387056
1 16.193224 -12.652456
1 17.629599 -12.825439
1 0.142507 13.852487
1 16.167255 -11.763620
1 16.680357 -12.855291
1 -3.909034 14.679369
1 15.262023 -11.606638
1 3.801239 3.689009
1 16.715595 -12.955121
1 16.048580 -12.875804
1 16.540945 -11.380003
1 15.162225 -11.561113
1 17.221655 -12.431903
1 1.214641 10.658852
1 18.106716 -12.860844
1 16.143023 -12.006162
1 0.120562 -0.511602
1 3.356449 2.875154
1 16.034042 -12.506331
1 0.059132 -0.475808
1 15.777449 -11.754041
1 3.811676 3.147444
1 3.447569 2.536153
1 6.178527 14.139671
1 0.091032 -0.366696
1 15.308258 -11.813880
1 3.145381 2.551443
1 16.900681 -11.928685
1 15.678265 -18.154671
1 -8.687337 15.468371
1 0.041426 -0.554209
1 16.998314 -11.565193
1 16.436150 -12.438684
1 0.176040 15.813392
1 -12.017223 11.395597
1 15.872609 -12.473898
1 -0.059712 13.623509
1 3.963606 2.218904
1 -8.964349 15.356094
1 0.702240 7.723031
1 15.680728 -11.706189
1 16.096178 -13.065495
1 4.397175 1.957909
1 16.175148 -11.538945
1 17.117111 -12.417262
1 16.579920 -11.482164
1 0.044204 13.933522
1 15.426750 -12.372288
1 -17.261271 0.972950
1 -0.124911 -0.673718
1 16.067789 -12.016182
1 16.341854 -11.929831
1 15.780540 -12.012802
1 3.559482 2.670890
1 16.054256 -11.322627
1 20.397085 -17.587721
1 16.155836 -12.372505
1 16.332188 -12.762115
1 15.815169 -12.298121
1 3.615012 3.021585
1 3.416838 2.443295
1 16.224770 -11.521436
1 15.927858 -12.087944
1 -3.898805 15.266862
1 3.441386 2.117792
1 15.804085 -11.835397
1 17.929405 -12.325119
1 0.338328 13.259821
1 -3.594312 -1.214844
1 15.976377 -13.034869
1 17.505701 -12.765825
1 -7.391862 16.156151
1 -8.761170 15.495293
1 16.076092 -17.917822
1 16.297092 -12.326957
1 16.569572 -12.456938
1 4.089551 3.574204
1 15.920543 -12.228568
1 15.707570 -11.820644
1 2.645305 11.150447
1 17.023252 -11.561894
1 1.820213 5.593100
1 -11.733067 12.243242
1 -0.426485 -12.359375
1 3.265636 2.348801
1 -11.423212 11.821554
1 3.311340 2.225733
1 -20.370955 6.612741
1 3.323766 2.456631
1 3.299080 2.210479
1 3.055577 2.474068
1 2.735953 2.380627
1 1.644001 11.450470
1 -2.719907 -9.947204
1 3.204056 2.549509
1 3.297963 2.181678
1 0.821251 11.774871
1 1.163565 12.017817
1 1.245260 11.883700
1 1.221406 12.063367
1 1.854806 11.523509
1 -16.036247 0.603480
1 0.214234 -0.282128
1 16.277054 -11.409198
1 1.460865 12.126226
1 3.022217 2.411259
1 1.530734 11.946810
1 3.381758 2.461017
1 3.140612 2.424466
1 3.181422 2.551932
1 3.341183 2.491966
1 -0.798550 -9.845900
1 -11.853354 12.361154
1 1.498175 12.174633
1 1.043519 11.615449
1 1.647367 12.735236
1 3.543029 2.475314
1 0.183830 -0.406340
1 3.104995 2.399128
1 3.328776 2.522298
1 1.281647 11.920084
1 1.026617 12.121152
1 3.220655 2.185757
1 16.557392 -11.492707
1 2.959193 2.390517
1 3.332309 2.432741
1 1.457065 11.626364
1 15.909301 -12.147292
1 15.545018 -12.467668
1 3.355562 2.299394
1 2.933828 2.327011
1 3.094482 2.229071
1 3.007978 2.478221
1 15.538020 -12.322602
1 3.191318 2.310519
1 0.317577 -0.384723
1 16.517462 -11.422750
1 3.161216 2.351641
1 3.138718 2.225867
1 16.353439 -11.509860
1 15.719998 -11.909016
1 15.438614 -12.175239
1 15.602339 -12.278620
1 3.333398 2.443229
1 16.267418 -11.403463
1 -19.894478 4.514853
1 1.345238 12.106609
1 0.190038 -0.284668
1 3.272249 2.456076
1 3.384941 2.130556
1 0.298635 -0.393050
1 16.512539 -11.439534
1 -16.267838 0.662523
1 3.128268 2.275066
1 -11.576634 12.307677
1 3.347040 2.254485
1 16.344440 -11.431840
1 0.222934 -0.462068
1 3.269042 2.264714
1 15.671997 -12.228649
1 3.234186 2.382772
1 16.508806 -11.492528
1 15.849691 -12.021798
1 1.226429 12.116062
1 1.487053 12.086366
1 1.174401 12.415352
1 1.503951 11.541147
1 16.366343 -11.236379
1 16.452927 -11.307883
1 1.168693 11.417622
1 16.461323 -11.404976
1 16.599436 -11.449513
1 16.409567 -11.321126
1 3.039801 2.344239
1 15.552447 -12.234291
1 0.173076 -0.239417
1 2.959609 2.359556
1 3.216462 2.294509
1 16.377008 -11.467974
1 2.949426 2.119981
1 3.238968 2.467542
1 16.446873 -11.547896
1 16.406006 -11.341914
1 16.287659 -11.617432
1 3.046162 2.500115
1 16.441090 -11.349687
1 3.202421 2.277236
1 15.545317 -12.167528
1 3.217657 2.640173
1 15.756191 -12.285163
1 18.522173 -17.160204
1 3.244268 2.569981
1 0.422836 -0.275727
1 3.321110 2.004653
1 16.428444 -11.122324
1 16.569775 -11.425968
1 0.222050 -0.304665
1 3.586114 2.231397
1 16.674801 -11.420724
1 -16.367786 0.559609
1 15.762295 -12.149323
1 2.930779 2.612254
1 15.535874 -12.156406
1 0.625961 11.924028
1 1.880573 12.477146
1 3.326053 2.528589
1 16.395075 -11.225536
1 1.118571 12.103508
1 3.182070 2.281861
1 3.029334 2.327034
1 -1.803674 -9.244273
1 15.891335 -12.217885
1 3.062869 2.411510
1 15.865207 -12.236084
1 15.690737 -12.202194
1 3.038538 2.295434
1 1.088752 11.963403
1 16.412748 -11.448717
1 15.542239 -12.350120
1 3.153041 2.488195
1 3.013773 2.382046
1 3.691446 2.878946
1 2.743650 2.618424
1 3.375272 2.397240
1 3.167948 2.569590
1 2.901287 2.513590
1 15.799490 -12.212017
1 3.262094 2.369686
1 3.445912 2.445098
1 1.016068 11.398524
1 -11.710554 12.135184
1 15.577372 -12.182905
1 3.038882 2.452052
1 3.343892 2.481296
1 16.188772 -11.410734
1 1.230215 11.674941
1 3.029910 2.276958
1 3.288756 2.373313
1 3.397212 2.199564
1 15.650417 -12.257135
1 -12.405565 12.363032
1 1.975704 13.456549
1 0.568987 7.705492
1 -14.967125 13.569235
1 -14.791285 13.793011
1 -11.362179 11.335757
1 3.984800 3.411787
1 0.538728 14.449023
1 4.617109 2.697047
1 0.208905 13.720675
1 0.347702 13.555427
1 -1.910322 -3.807226
1 0.620895 7.792162
1 0.519458 7.837479
1 0.649955 10.179965
1 1.755164 6.054903
1 15.999618 -17.717064
1 -1.152144 11.090856
1 -0.297509 14.110402
1 0.220782 8.731368
1 0.303680 14.069760
1 -8.362965 15.713653
1 -12.351255 11.350977
1 1.776393 9.891465
1 2.347547 13.452019
1 17.631384 -10.298743
1 3.477122 7.846878
1 2.606815 9.447333
1 4.219747 3.406938
1 3.453614 12.829546
1 0.304291 11.041846
1 0.600949 13.722032
1 16.031988 -13.887300
1 -0.232723 13.593782
1 14.691366 -13.476525
1 3.904821 3.710980
1 3.823506 3.624222
1 2.925460 8.259025
1 4.376935 2.893316
1 -16.901098 1.205391
1 2.934061 12.750815
1 0.231623 11.170252
1 2.828109 11.941765
1 2.753183 11.631842
1 17.064686 -11.652426
1 14.739076 -12.040559
1 -2.199689 -3.876785
1 1.889243 13.312232
1 0.124198 -0.469367
1 0.830231 8.820028
1 -9.288077 15.830201
1 0.816404 9.149843
1 0.367184 13.281959
1 -0.651969 13.666266
1 -16.328165 1.326180
1 1.316879 13.814070
1 14.294366 -13.545814
1 16.210464 -17.360079
1 -0.856033 13.060316
1 0.640111 7.962020
1 -3.533064 14.337450
1 2.465947 10.563707
1 -15.450671 1.601715
1 -15.368338 1.271031
1 10.135090 -3.079647
1 0.184092 14.090906
1 1.965383 12.947913
1 3.271201 2.505185
1 15.949566 -12.215742
1 -9.005713 16.018415
1 1.805486 9.807570
1 -15.989684 0.822581
1 3.149086 8.136383
1 1.751677 10.166140
1 -4.428368 17.229204
1 9.509002 -3.040979
1 1.809357 9.892340
1 15.301530 -11.082046
1 -1.014483 11.851882
1 -0.288343 14.227942
1 -14.539892 -0.014485
1 15.402051 -14.460598
1 -4.621865 -11.997632
1 1.897953 10.559805
1 17.140020 -12.795238
1 3.626348 10.574059
1 -0.460740 13.767414
1 -1.837431 -2.626165
1 16.975981 -10.967830
1 16.895044 -10.700843
1 20.198324 -12.042899
1 17.261051 -10.739300
1 17.031025 -11.752433
1 4.644594 2.565651
1 0.225580 13.941605
1 -15.577163 -0.196461
1 -12.563651 11.637768
1 -15.276049 9.562221
1 2.809990 12.937712
1 3.686857 2.860077
1 -4.937238 14.881272
1 -3.953173 15.686726
1 1.118861 7.831669
1 -2.164007 -3.117840
1 -4.290033 17.254774
1 1.560290 13.758969
1 15.442207 -11.149895
1 0.751707 13.661030
1 -12.368597 11.508775
1 -15.458421 0.336716
1 -15.379026 0.503454
1 0.190455 13.956430
1 -2.464932 14.562777
1 1.887363 10.532101
1 15.435193 -11.418747
1 0.282328 13.272403
1 -15.686543 1.146749
1 -15.866671 1.019392
1 -15.426665 1.119793
1 -10.158243 12.413652
1 20.973461 -15.104931
1 -12.400288 10.321969
1 -3.548538 14.205832
1 -8.671092 16.059790
1 -13.543493 10.745401
1 -13.459064 10.609013
1 16.906929 -11.382698
1 2.008030 10.803209
1 5.644667 -3.597689
1 -8.080585 16.089952
1 -8.082864 15.970772
1 -13.377016 10.494223
1 -13.457593 10.399626
1 4.786536 2.279549
1 2.952224 2.447377
1 4.144613 3.103039
1 3.489483 3.715073
1 -14.943167 13.576254
1 0.862060 13.618748
1 20.492666 -15.298577
1 2.979435 8.270894
1 0.435038 12.481700
1 0.181228 13.794482
1 17.595505 -12.976717
1 2.636292 10.811827
1 17.025217 -11.709266
1 1.059843 9.222563
1 -4.119533 14.701839
1 0.730398 10.462203
1 1.126141 10.594581
1 2.066305 9.485551
1 -11.589707 11.786156
1 0.296474 13.848428
1 -3.905450 15.200408
1 0.766881 13.712098
1 7.265591 1.099484
1 1.543278 13.749688
1 -4.128769 15.034668
1 -4.038701 14.721068
1 -0.347475 12.493013
1 -5.442283 14.804170
1 -5.074881 14.892180
1 4.421805 2.746409
1 -3.475867 14.287995
1 3.013176 2.274162
1 0.631409 7.930107
1 3.043474 8.347473
1 1.861361 10.478436
1 1.467964 8.453307
1 1.203014 8.446139
1 0.615119 10.171842
1 16.824682 -12.941671
1 -0.101692 13.888293
1 8.181711 -18.794777
1 14.344399 -10.854908
1 16.748322 -12.001187
1 0.975129 7.617183
1 -7.511055 15.775343
1 19.296755 -17.091780
1 -0.002975 -0.286092
1 16.504366 -13.247314
1 3.381421 4.251525
1 -0.053201 -0.507797
1 0.966155 9.125027
1 -0.016796 14.058741
1 1.085662 13.829271
1 1.241570 0.614103
1 0.964771 13.504866
1 0.767025 9.191815
1 -17.081711 1.590554
1 3.968816 3.011901
1 4.326871 3.395079
1 -4.520995 14.655112
1 -2.001623 -3.210112
1 0.931101 9.439197
1 0.878081 9.092122
1 0.619522 13.524152
1 1.624692 12.583896
1 14.865095 -10.510432
1 -1.853362 13.962456
1 -8.997213 15.869787
1 4.690142 2.540562
1 -8.781284 16.488405
1 -16.076309 0.418758
1 -10.345669 12.538557
1 14.561215 -11.335917
1 4.337837 2.338610
1 3.498311 2.723073
1 3.735851 -15.407827
1 16.624222 -11.320082
1 3.648885 2.780038
1 16.687338 -11.440785
1 5.433916 1.627212
1 16.477242 -17.258963
1 -16.192810 0.954101
1 0.175665 12.999006
1 0.136596 13.294854
1 -9.156281 15.728076
1 0.224492 12.987397
1 1.024280 7.171949
1 0.899939 7.803943
1 -9.570288 16.987925
1 -15.742623 1.666371
1 0.111201 -0.295466
1 1.167624 8.439935
1 -12.008721 12.535089
1 -11.796888 12.298744
1 -5.013285 14.290009
1 16.261040 -13.212772
1 -5.434085 14.943959
1 -5.087769 15.511739
1 -5.008996 15.436498
1 0.905433 6.690620
1 0.917587 7.009322
1 16.615976 -13.464150
1 -0.215531 13.845867
1 0.898863 7.597948
1 17.097713 -11.764286
1 2.614554 8.611621
1 16.665735 -11.708540
1 16.515476 -12.928455
1 15.700614 -17.470478
1 16.213444 -13.221773
1 17.240116 -11.573442
1 17.321346 -11.575234
1 16.993498 -11.493777
1 -7.980377 15.584056
1 17.102890 -11.756500
1 3.668721 2.605201
1 0.312714 -0.135300
1 15.577497 -11.564728
1 2.175788 7.423001
1 0.963728 7.795192
1 0.829083 8.107395
1 12.336976 -18.726465
1 -1.713516 -2.994438
1 3.602376 3.164726
1 18.714043 -7.021131
1 20.987001 -13.819218
1 15.649201 -21.374790
1 3.199192 7.993330
1 0.706135 7.557467
1 -11.980660 12.404098
1 14.337632 -11.117013
1 15.487046 -11.686034
1 -9.125951 15.738249
1 -8.623062 16.451597
1 -8.186566 15.989097
1 -0.101445 -0.545311
1 0.135453 -0.328005
1 -16.651777 0.739120
1 0.310137 9.281588
1 6.043551 13.446796
1 16.960209 -11.924164
1 16.978323 -11.699340
1 0.767349 7.457837
1 16.203506 -12.872532
1 0.856032 7.306386
1 17.299694 -11.989172
1 -3.957577 14.009880
1 3.152547 2.531465
1 2.904605 2.576661
1 -0.219270 -0.603984
1 0.233759 -0.302990
1 0.903374 7.616385
1 4.063294 2.250448
1 2.696101 8.210302
1 2.300511 9.215397
1 0.504720 12.696777
1 17.153944 -9.936181
1 1.160475 7.467568
1 14.383694 -10.851838
1 0.987489 7.298370
1 0.133250 14.069957
1 3.912097 2.404135
1 3.711929 4.356688
1 1.278820 14.589275
1 15.760786 -11.553815
1 15.217407 -11.094142
1 15.646988 -11.122013
1 -5.082380 15.594987
1 -8.880255 15.303390
1 0.713526 7.706302
1 -17.214115 1.364594
1 19.520683 -15.888390
1 1.260526 7.241587
1 -0.302441 -1.003753
1 -0.001615 10.052281
1 0.658368 8.421254
1 -8.521503 -10.686527
1 -16.686974 1.611106
1 2.865783 2.227425
1 3.575607 3.037219
1 17.555408 -12.267736
1 2.398062 0.773734
1 3.256532 2.065128
1 -16.706829 2.105935
1 -1.959601 -2.889447
1 0.668052 13.227204
1 4.279288 3.867133
1 -16.726849 10.772312
1 2.732269 -5.249490
1 2.329856 11.116343
1 14.814898 -11.082620
1 -5.462795 14.288180
1 15.173744 -12.705338
1 0.946540 7.323200
1 1.785686 9.471762
1 2.852535 8.250598
1 -0.456408 -0.934194
1 0.161913 -0.206412
1 -2.926640 -13.332271
1 17.072178 -11.110590
1 14.961580 -10.871876
1 3.486091 2.723430
1 0.765064 8.705958
1 0.967572 7.710470
1 1.666400 9.527330
1 -1.795570 -2.473003
1 0.527750 7.079029
1 0.634978 7.860777
1 0.903106 7.546761
1 3.023399 8.363894
1 0.022712 -0.541454
1 0.164416 -0.456230
1 0.228744 -0.335833
1 1.270312 7.273214
1 17.138603 -11.824907
1 -0.002140 -0.491211
1 0.297570 13.337449
1 -3.974022 -4.711815
1 0.481447 9.207053
1 2.915051 8.098131
1 4.093863 3.624553
1 3.198172 5.842512
1 -3.056068 -3.180166
1 3.521094 2.662937
1 3.056646 2.662570
1 0.087640 -0.369420
1 0.306369 -0.255976
1 3.661906 2.802978
1 17.193914 -12.010718
1 0.418228 -0.156111
1 18.168093 -12.906413
1 3.152786 7.897061
1 16.758247 -12.056860
1 -16.795528 1.606118
1 -16.914967 1.740190
1 -11.132501 11.792528
1 -3.282798 14.095068
1 3.838694 1.827650
1 16.169353 -13.327358
1 16.568787 -11.484071
1 -0.339900 -12.511028
1 -16.882011 10.744589
1 15.546957 -19.285168
1 -4.824538 15.458135
1 -17.059284 1.218668
1 16.224644 -12.929152
1 15.318680 -10.743855
1 -1.370726 14.028601
1 -9.493175 16.932417
1 16.516850 -12.762856
1 15.072129 -10.984712
1 -16.280218 0.529907
1 3.825025 3.593567
1 4.033424 2.835707
1 14.708063 -10.238802
1 17.947094 -3.035971
1 3.073373 2.624932
1 15.280942 -10.614278
1 15.646258 -10.921758
1 14.762178 -11.227970
1 2.739283 11.286056
1 3.815797 3.447104
1 3.340202 2.590031
1 -16.843317 1.443290
1 15.702403 -13.306286
1 15.074469 -10.644863
1 -9.014519 16.547529
1 -3.221381 14.730328
1 3.968791 3.028948
1 -7.034471 15.956359
1 -14.308007 3.794255
1 -17.034781 1.176801
1 3.878271 4.471131
1 16.568304 -12.326515
1 0.020724 13.930626
1 -17.185602 1.386901
1 0.978025 7.624647
1 15.309646 -13.442386
1 -16.802420 0.942491
1 3.661392 4.143907
1 3.561953 2.767001
1 3.589120 2.017800
1 15.456387 -11.220847
1 4.253385 2.760572
1 16.188362 -11.995563
1 3.722385 3.097772
1 18.002621 -12.897679
1 3.022246 2.666633
1 14.972567 -10.319881
1 3.862279 3.198920
1 22.493902 -12.547598
1 -4.826206 15.297026
1 0.030900 13.871261
1 3.613676 2.084753
1 3.314239 2.167007
1 -9.534516 16.781502
1 5.782922 6.355879
1 7.051940 -15.957366
1 4.205012 2.990950
1 16.757601 -12.862351
1 -16.186144 0.487825
1 1.496410 11.838861
1 14.740548 -10.298589
1 1.187805 12.675059
1 15.172173 -10.323694
1 -16.357170 0.539058
1 1.158212 12.321474
1 -16.432045 0.431282
1 2.771106 2.550962
1 -11.830241 12.133450
1 1.119763 11.830318
1 3.185581 2.203477
1 1.442040 11.587100
1 1.415930 11.832081
1 1.043652 11.500937
1 -16.449009 0.609334
1 -16.272818 0.526952
1 0.600526 12.774595
1 -16.506308 0.788233
1 14.550364 -10.380334
1 -13.193064 10.297915
1 -13.300378 10.213572
1 -13.152665 10.417896
1 -13.461185 10.501775
1 -13.411329 10.459018
1 -13.337062 10.626861
1 -13.343080 10.393841
1 -13.044827 10.373728
1 -13.164310 10.236501
1 -13.268228 10.355958
1 -13.534279 10.340724
1 -13.155769 10.425190
1 -13.388631 10.349492
1 -13.388168 10.391063
1 -13.186701 10.534229
1 -13.438518 10.357820
1 -13.193342 10.441744
1 -13.321338 10.415576
1 -13.427589 10.451188
1 -13.294750 10.331100
1 -18.132618 -6.855175
1 -13.205930 10.389050
1 -13.197054 10.461927
1 -13.251302 10.294646
1 -13.393463 10.550208
1 -13.263676 10.416896
1 -13.123259 10.413412
1 -13.422785 10.324228
1 -13.358181 10.446157
1 -13.272937 10.425670
1 -13.233356 10.494563
1 -13.230486 10.462162
1 -13.424075 10.458885
1 -13.145836 10.423217
1 0.871430 11.537042
1 -13.443871 10.430362
1 -11.705013 18.234198
1 3.114744 2.792176
1 -13.081008 10.440152
1 0.749168 11.260697
1 7.602812 -15.591305
1 0.194855 -0.063586
1 14.713120 -10.101905
1 -11.576550 12.349560
1 -16.067532 0.553618
1 0.179592 -0.342783
1 1.781570 12.663238
1 0.898168 11.976750
1 1.232360 11.941418
1 3.168840 2.414064
1 0.697252 11.080700
1 0.970715 11.506296
1 14.931423 -10.422142
1 1.138982 11.854997
1 -11.781833 12.074874
1 3.202601 2.311659
1 0.985029 12.159948
1 1.109653 12.461713
1 -16.409927 0.282686
1 -16.253620 0.434890
1 3.520400 2.312120
1 2.987533 2.497640
1 15.006445 -10.158548
1 14.834686 -10.146150
1 3.194614 2.366678
1 0.386496 -0.286280
1 0.319977 -0.364051
1 0.207555 -0.413951
1 -11.750162 12.394232
1 3.339808 1.972267
1 -0.049994 -0.337307
1 14.884045 -10.485883
1 3.050447 2.088878
1 1.193886 12.046054
1 3.303182 2.207219
1 0.294887 -0.401508
1 3.305700 2.108196
1 -11.684567 12.242734
1 -16.188169 0.351091
1 14.911064 -10.173015
1 0.282359 -0.315712
1 3.114593 2.636262
1 3.036858 2.304456
1 -11.675874 12.258253
1 3.167336 2.444810
1 -11.478292 12.238033
1 2.928265 2.137300
1 1.082644 12.116942
1 -11.833807 12.056160
1 14.793941 -10.319345
1 -11.662888 12.099799
1 3.364032 2.353486
1 0.133852 -0.368748
1 -20.167194 5.074551
1 3.016438 2.153479
1 -11.612696 11.968908
1 -11.557570 12.071304
1 0.403169 -0.263631
1 -11.671262 12.006022
1 -16.355387 0.444168
1 -11.744734 12.057662
1 0.203234 -0.340343
1 2.978067 2.252745
1 14.715371 -10.492850
1 3.221783 2.334172
1 1.053180 11.561975
1 3.187341 2.253449
1 15.022046 -10.223901
1 0.144129 -0.275848
1 3.281932 2.110017
1 0.196647 -0.289561
1 14.833009 -10.375883
1 -11.747015 12.188375
1 -20.887934 7.043148
1 -11.940935 12.356378
1 0.177963 -0.205791
1 3.327253 2.511663
1 1.083748 11.867515
1 3.086167 2.379070
1 2.972429 2.323586
1 3.464936 2.066125
1 3.085260 2.451771
1 2.921682 2.387096
1 14.746144 -10.312734
1 1.217508 11.954709
1 14.849880 -10.176465
1 15.134925 -10.179992
1 3.202031 2.363545
1 14.536066 -10.433466
1 -16.181387 0.340907
1 3.136237 2.344605
1 3.082214 2.502230
1 0.974909 11.972034
1 14.791303 -10.514254
1 3.242383 2.333788
1 -11.713961 12.289319
1 3.063184 2.385682
1 3.048274 2.380393
1 3.106825 2.329336
1 14.896182 -10.370513
1 -11.653259 12.223388
1 15.116118 -10.210907
1 -11.577978 12.233065
1 15.045082 -10.362873
1 3.471501 2.347073
1 14.996284 -10.414514
1 14.604892 -10.028567
1 3.012320 2.115015
1 0.982449 12.136147
1 14.796208 -10.073616
1 2.960222 2.391230
1 3.413534 2.080035
1 1.118925 11.657311
1 1.507295 12.368732
1 1.723039 11.402564
1 1.582469 11.877376
1 1.141503 11.826529
1 1.296465 12.350821
1 0.727095 12.393341
1 1.436998 11.759060
1 0.911506 11.998896
1 1.609444 11.950396
1 -16.116814 0.621263
1 1.100164 12.141765
1 3.242603 2.298486
1 14.901472 -10.151549
1 -11.711623 11.991712
1 14.890271 -10.167266
1 24.796335 -8.069978
1 14.927119 -10.288649
1 3.047627 2.135601
1 3.420707 2.361772
1 15.092962 -10.305217
1 14.762461 -10.214183
1 3.376364 2.136519
1 14.932418 -10.568950
1 14.783751 -10.350410
1 -11.858999 11.934102
1 14.787773 -10.112220
1 14.701125 -10.412414
1 3.256309 2.206162
1 21.307085 -11.504405
1 3.185056 2.409600
1 -11.523171 11.883930
1 2.965027 2.442231
