3155
1 -8.105211 15.644070
1 16.159948 -11.628954
1 17.231434 -15.052682
1 0.657777 8.031245
1 -0.394354 11.958473
1 2.200702 5.372224
1 3.917783 3.676057
1 1.568866 15.048517
1 1.038895 7.659178
1 -4.023074 14.430884
1 8.896507 4.893226
1 0.528953 13.410597
1 2.861115 8.441477
1 0.654763 12.919988
1 -0.224237 13.835686
1 0.795339 14.606598
1 -0.337717 12.653722
1 0.622082 7.754681
1 0.637534 13.517267
1 0.469577 14.629924
1 3.953141 3.284518
1 -2.657581 13.754101
1 17.149113 -11.884603
1 0.479561 13.411193
1 1.741603 9.681343
1 2.687501 11.360220
1 1.673548 11.897002
1 4.278549 3.114222
1 1.389725 8.537438
1 0.837312 14.069566
1 0.558018 13.291292
1 0.820546 9.015909
1 1.400880 13.468267
1 2.637686 11.943742
1 0.959928 9.483965
1 4.025863 3.533341
1 0.432573 8.050432
1 9.313316 -0.543318
1 4.063692 3.381786
1 16.779518 -11.722591
1 17.035919 -12.392041
1 14.897080 -12.115530
1 14.482605 -11.651073
1 15.111287 -12.231633
1 1.622616 12.936786
1 1.393142 9.837689
1 13.752757 -11.216358
1 -1.499619 11.476816
1 -3.720412 14.854824
1 15.204806 -11.107903
1 0.325278 14.298450
1 0.307877 12.249825
1 14.171402 -20.607872
1 -2.055666 -3.774765
1 2.304262 12.869139
1 -3.573186 14.320184
1 -16.843817 1.810679
1 1.160590 4.510027
1 0.980253 9.432171
1 0.937005 8.312574
1 0.868244 14.214204
1 0.986334 14.017053
1 -0.257946 13.839012
1 0.563947 9.176361
1 0.559101 13.076419
1 15.561819 -9.679413
1 -11.853733 9.738379
1 0.749691 8.150598
1 1.870740 9.703341
1 0.895740 13.485539
1 12.657472 -18.471195
1 0.090977 14.043017
1 0.212667 14.113539
1 -11.503884 12.005790
1 0.752610 9.021478
1 1.618978 9.675014
1 1.662169 9.895189
1 0.681499 14.422868
1 -0.572071 11.797175
1 3.048301 12.818741
1 16.057625 -17.881016
1 0.079993 8.335398
1 16.650127 -12.243325
1 16.999516 -12.137422
1 4.602019 2.804642
1 3.153639 2.111996
1 16.126190 -12.962597
1 -0.446024 12.623434
1 1.612393 4.966526
1 16.681700 -10.270616
1 -0.952435 12.698636
1 0.806849 8.959123
1 1.103775 8.476758
1 0.889987 8.252783
1 0.634636 14.065852
1 2.301931 10.567719
1 0.216857 13.880089
1 3.661195 4.249609
1 2.616275 10.918427
1 16.573637 -13.047079
1 -8.606717 16.492840
1 -0.335421 13.806651
1 16.478592 -12.290861
1 15.759269 -12.881631
1 2.638598 11.141027
1 1.410712 9.973658
1 0.268350 13.112463
1 -2.872063 14.032989
1 0.097471 -0.452865
1 0.605667 14.063637
1 16.745363 -20.035467
1 1.060452 7.731778
1 -3.695653 -10.990433
1 17.084572 -13.369502
1 16.936569 -13.250095
1 2.446352 15.173865
1 -8.095642 15.768691
1 17.145588 -11.791010
1 4.237138 2.978851
1 -0.063505 13.732152
1 3.605790 2.011508
1 0.152020 13.748674
1 -0.943448 -1.326118
1 0.625770 12.290364
1 16.066187 -12.706290
1 18.342703 -13.936368
1 17.939573 -13.523456
1 0.958201 8.874184
1 -1.136645 11.399302
1 2.645839 10.903331
1 16.976624 -11.487473
1 -0.441864 13.164563
1 15.758310 -11.668651
1 0.455733 13.153076
1 1.016414 8.367691
1 -3.617075 15.283490
1 1.115662 13.659843
1 1.393408 13.456577
1 1.544259 11.278721
1 1.545270 11.305751
1 0.902807 9.185074
1 2.891442 2.562626
1 15.098816 -13.287685
1 8.197947 -18.797901
1 -1.007257 12.885695
1 2.471751 12.587031
1 22.192860 -14.510427
1 15.895956 -12.110039
1 -7.096185 15.121025
1 -7.854204 15.878998
1 6.812940 10.590598
1 13.580090 -18.309460
1 -1.552772 14.646409
1 16.714733 -13.290641
1 15.707590 -12.979997
1 0.058285 9.603984
1 1.100914 9.613666
1 1.384173 13.595630
1 -11.804723 12.288280
1 16.420925 -13.210368
1 -4.627346 -11.992145
1 -8.519192 15.567034
1 0.620503 10.241994
1 3.890869 3.277216
1 1.050069 9.082584
1 0.975806 9.579600
1 1.020154 9.002528
1 3.508421 2.407001
1 3.705483 2.627819
1 0.795773 9.004842
1 -19.669409 6.222366
1 -0.438388 13.043994
1 0.697193 13.696244
1 0.478508 13.735671
1 15.921126 -11.828278
1 16.340446 -11.695751
1 3.583537 2.837014
1 16.419962 -12.021770
1 17.981483 -16.651674
1 1.212674 9.517692
1 15.173824 -11.850005
1 17.136023 -13.588097
1 0.863752 8.560156
1 4.862167 2.118377
1 16.523457 -13.542725
1 3.297426 11.673573
1 -3.394958 14.718737
1 14.577472 -10.985712
1 15.063602 -13.359156
1 0.256145 13.203480
1 18.354637 -14.170566
1 -9.072289 15.295218
1 3.699381 3.573791
1 1.131713 11.644582
1 -3.724571 13.892129
1 15.915822 -11.961320
1 16.396351 -12.165131
1 -5.355536 15.006423
1 16.970793 -12.560981
1 4.135272 1.887268
1 15.769044 -11.443510
1 0.909861 6.818867
1 16.878483 -13.576086
1 -5.129562 15.489295
1 15.737818 -13.403473
1 17.301407 -11.667340
1 16.963366 -11.363307
1 3.042472 4.895529
1 1.626146 12.245127
1 16.053970 -11.974417
1 12.439580 -18.467628
1 15.780930 -12.646769
1 3.870136 2.420137
1 17.152914 -11.558133
1 0.659210 7.409355
1 16.937038 -11.802371
1 0.178528 9.950103
1 3.031579 5.714202
1 3.565106 2.477080
1 17.119747 -11.543000
1 17.407497 -12.264746
1 13.847465 -13.858281
1 16.664183 -11.754855
1 1.903727 9.599425
1 -7.854106 16.114183
1 3.553536 2.923623
1 3.533039 2.768390
1 16.860512 -11.278855
1 1.128440 12.659051
1 11.109080 7.082680
1 3.386468 2.647647
1 1.037494 8.577443
1 22.471537 -12.803967
1 15.694204 -21.336414
1 1.651441 4.696470
1 16.258127 -12.885701
1 -1.227910 -2.002810
1 0.517162 9.775571
1 -9.585567 16.846731
1 0.670817 7.832619
1 -0.623660 11.752075
1 2.434671 11.447072
1 3.356721 2.957450
1 16.565235 -11.690684
1 16.248619 -12.882063
1 -5.096323 15.125723
1 16.266102 -16.841459
1 -11.485968 12.528981
1 5.153387 14.306931
1 15.662107 -12.100711
1 3.872760 2.260154
1 3.298055 2.771492
1 -4.029783 15.803284
1 3.652830 2.857550
1 3.626081 2.811906
1 -1.881673 -11.307285
1 15.655308 -12.280208
1 0.960254 7.212502
1 -9.474416 16.915009
1 15.729894 -11.831920
1 0.762379 7.828726
1 16.594517 -13.441776
1 13.672045 -11.262438
1 -8.566643 16.439547
1 0.933872 6.837961
1 0.919220 8.406830
1 0.896951 8.906521
1 4.143839 3.764142
1 3.709921 3.655080
1 -2.136439 -2.585601
1 15.625313 -13.509025
1 16.707825 -11.892642
1 -2.311277 15.147789
1 17.145130 -11.906157
1 0.987323 10.854980
1 0.094862 -0.360005
1 0.526326 7.738225
1 -0.549790 -1.026850
1 16.784319 -11.326613
1 3.253436 2.387056
1 16.193224 -12.652456
1 17.629599 -12.825439
1 0.142507 13.852487
1 16.167255 -11.763620
1 16.680357 -12.855291
1 -3.909034 14.679369
1 15.262023 -11.606638
1 3.801239 3.689009
1 16.715595 -12.955121
1 16.048580 -12.875804
1 16.540945 -11.380003
1 15.162225 -11.561113
1 17.221655 -12.431903
1 1.214641 10.658852
1 18.106716 -12.860844
1 16.143023 -12.006162
1 0.120562 -0.511602
1 3.356449 2.875154
1 16.034042 -12.506331
1 0.059132 -0.475808
1 15.777449 -11.754041
1 3.811676 3.147444
1 3.447569 2.536153
1 6.178527 14.139671
1 0.091032 -0.366696
1 15.308258 -11.813880
1 3.145381 2.551443
1 16.900681 -11.928685
1 15.678265 -18.154671
1 -8.687337 15.468371
1 0.041426 -0.554209
1 16.998314 -11.565193
1 16.436150 -12.438684
1 0.176040 15.813392
1 -12.017223 11.395597
1 15.872609 -12.473898
1 -0.059712 13.623509
1 3.963606 2.218904
1 -8.964349 15.356094
1 0.702240 7.723031
1 15.680728 -11.706189
1 16.096178 -13.065495
1 4.397175 1.957909
1 16.175148 -11.538945
1 17.117111 -12.417262
1 16.579920 -11.482164
1 0.044204 13.933522
1 15.426750 -12.372288
1 -17.261271 0.972950
1 -0.124911 -0.673718
1 16.067789 -12.016182
1 16.341854 -11.929831
1 15.780540 -12.012802
1 3.559482 2.670890
1 16.054256 -11.322627
1 20.397085 -17.587721
1 16.155836 -12.372505
1 16.332188 -12.762115
1 15.815169 -12.298121
1 3.615012 3.021585
1 3.416838 2.443295
1 16.224770 -11.521436
1 15.927858 -12.087944
1 -3.898805 15.266862
1 3.441386 2.117792
1 15.804085 -11.835397
1 17.929405 -12.325119
1 0.338328 13.259821
1 -3.594312 -1.214844
1 15.976377 -13.034869
1 17.505701 -12.765825
1 -7.391862 16.156151
1 -8.761170 15.495293
1 16.076092 -17.917822
1 16.297092 -12.326957
1 16.569572 -12.456938
1 4.089551 3.574204
1 15.920543 -12.228568
1 15.707570 -11.820644
1 2.645305 11.150447
1 17.023252 -11.561894
1 1.820213 5.593100
1 -11.733067 12.243242
1 -0.426485 -12.359375
1 3.265636 2.348801
1 -11.423212 11.821554
1 3.311340 2.225733
1 -20.370955 6.612741
1 3.323766 2.456631
1 3.299080 2.210479
1 3.055577 2.474068
1 2.735953 2.380627
1 1.644001 11.450470
1 -2.719907 -9.947204
1 3.204056 2.549509
1 3.297963 2.181678
1 0.821251 11.774871
1 1.163565 12.017817
1 1.245260 11.883700
1 1.221406 12.063367
1 1.854806 11.523509
1 -16.036247 0.603480
1 0.214234 -0.282128
1 16.277054 -11.409198
1 1.460865 12.126226
1 3.022217 2.411259
1 1.530734 11.946810
1 3.381758 2.461017
1 3.140612 2.424466
1 3.181422 2.551932
1 3.341183 2.491966
1 -0.798550 -9.845900
1 -11.853354 12.361154
1 1.498175 12.174633
1 1.043519 11.615449
1 1.647367 12.735236
1 3.543029 2.475314
1 0.183830 -0.406340
1 3.104995 2.399128
1 3.328776 2.522298
1 1.281647 11.920084
1 1.026617 12.121152
1 3.220655 2.185757
1 16.557392 -11.492707
1 2.959193 2.390517
1 3.332309 2.432741
1 1.457065 11.626364
1 15.909301 -12.147292
1 15.545018 -12.467668
1 3.355562 2.299394
1 2.933828 2.327011
1 3.094482 2.229071
1 3.007978 2.478221
1 15.538020 -12.322602
1 3.191318 2.310519
1 0.317577 -0.384723
1 16.517462 -11.422750
1 3.161216 2.351641
1 3.138718 2.225867
1 16.353439 -11.509860
1 15.719998 -11.909016
1 15.438614 -12.175239
1 15.602339 -12.278620
1 3.333398 2.443229
1 16.267418 -11.403463
1 -19.894478 4.514853
1 1.345238 12.106609
1 0.190038 -0.284668
1 3.272249 2.456076
1 3.384941 2.130556
1 0.298635 -0.393050
1 16.512539 -11.439534
1 -16.267838 0.662523
1 3.128268 2.275066
1 -11.576634 12.307677
1 3.347040 2.254485
1 16.344440 -11.431840
1 0.222934 -0.462068
1 3.269042 2.264714
1 15.671997 -12.228649
1 3.234186 2.382772
1 16.508806 -11.492528
1 15.849691 -12.021798
1 1.226429 12.116062
1 1.487053 12.086366
1 1.174401 12.415352
1 1.503951 11.541147
1 16.366343 -11.236379
1 16.452927 -11.307883
1 1.168693 11.417622
1 16.461323 -11.404976
1 16.599436 -11.449513
1 16.409567 -11.321126
1 3.039801 2.344239
1 15.552447 -12.234291
1 0.173076 -0.239417
1 2.959609 2.359556
1 3.216462 2.294509
1 16.377008 -11.467974
1 2.949426 2.119981
1 3.238968 2.467542
1 16.446873 -11.547896
1 16.406006 -11.341914
1 16.287659 -11.617432
1 3.046162 2.500115
1 16.441090 -11.349687
1 3.202421 2.277236
1 15.545317 -12.167528
1 3.217657 2.640173
1 15.756191 -12.285163
1 18.522173 -17.160204
1 3.244268 2.569981
1 0.422836 -0.275727
1 3.321110 2.004653
1 16.428444 -11.122324
1 16.569775 -11.425968
1 0.222050 -0.304665
1 3.586114 2.231397
1 16.674801 -11.420724
1 -16.367786 0.559609
1 15.762295 -12.149323
1 2.930779 2.612254
1 15.535874 -12.156406
1 0.625961 11.924028
1 1.880573 12.477146
1 3.326053 2.528589
1 16.395075 -11.225536
1 1.118571 12.103508
1 3.182070 2.281861
1 3.029334 2.327034
1 -1.803674 -9.244273
1 15.891335 -12.217885
1 3.062869 2.411510
1 15.865207 -12.236084
1 15.690737 -12.202194
1 3.038538 2.295434
1 1.088752 11.963403
1 16.412748 -11.448717
1 15.542239 -12.350120
1 3.153041 2.488195
1 3.013773 2.382046
1 3.691446 2.878946
1 2.743650 2.618424
1 3.375272 2.397240
1 3.167948 2.569590
1 2.901287 2.513590
1 15.799490 -12.212017
1 3.262094 2.369686
1 3.445912 2.445098
1 1.016068 11.398524
1 -11.710554 12.135184
1 15.577372 -12.182905
1 3.038882 2.452052
1 3.343892 2.481296
1 16.188772 -11.410734
1 1.230215 11.674941
1 3.029910 2.276958
1 3.288756 2.373313
1 3.397212 2.199564
1 15.650417 -12.257135
1 -12.405565 12.363032
1 1.975704 13.456549
1 0.568987 7.705492
1 -14.967125 13.569235
1 -14.791285 13.793011
1 -11.362179 11.335757
1 3.984800 3.411787
1 0.538728 14.449023
1 4.617109 2.697047
1 0.208905 13.720675
1 0.347702 13.555427
1 -1.910322 -3.807226
1 0.620895 7.792162
1 0.519458 7.837479
1 0.649955 10.179965
1 1.755164 6.054903
1 15.999618 -17.717064
1 -1.152144 11.090856
1 -0.297509 14.110402
1 0.220782 8.731368
1 0.303680 14.069760
1 -8.362965 15.713653
1 -12.351255 11.350977
1 1.776393 9.891465
1 2.347547 13.452019
1 17.631384 -10.298743
1 3.477122 7.846878
1 2.606815 9.447333
1 4.219747 3.406938
1 3.453614 12.829546
1 0.304291 11.041846
1 0.600949 13.722032
1 16.031988 -13.887300
1 -0.232723 13.593782
1 14.691366 -13.476525
1 3.904821 3.710980
1 3.823506 3.624222
1 2.925460 8.259025
1 4.376935 2.893316
1 -16.901098 1.205391
1 2.934061 12.750815
1 0.231623 11.170252
1 2.828109 11.941765
1 2.753183 11.631842
1 17.064686 -11.652426
1 14.739076 -12.040559
1 -2.199689 -3.876785
1 1.889243 13.312232
1 0.124198 -0.469367
1 0.830231 8.820028
1 -9.288077 15.830201
1 0.816404 9.149843
1 0.367184 13.281959
1 -0.651969 13.666266
1 -16.328165 1.326180
1 1.316879 13.814070
1 14.294366 -13.545814
1 16.210464 -17.360079
1 -0.856033 13.060316
1 0.640111 7.962020
1 -3.533064 14.337450
1 2.465947 10.563707
1 -15.450671 1.601715
1 -15.368338 1.271031
1 10.135090 -3.079647
1 0.184092 14.090906
1 1.965383 12.947913
1 3.271201 2.505185
1 15.949566 -12.215742
1 -9.005713 16.018415
1 1.805486 9.807570
1 -15.989684 0.822581
1 3.149086 8.136383
1 1.751677 10.166140
1 -4.428368 17.229204
1 9.509002 -3.040979
1 1.809357 9.892340
1 15.301530 -11.082046
1 -1.014483 11.851882
1 -0.288343 14.227942
1 -14.539892 -0.014485
1 15.402051 -14.460598
1 -4.621865 -11.997632
1 1.897953 10.559805
1 17.140020 -12.795238
1 3.626348 10.574059
1 -0.460740 13.767414
1 -1.837431 -2.626165
1 16.975981 -10.967830
1 16.895044 -10.700843
1 20.198324 -12.042899
1 17.261051 -10.739300
1 17.031025 -11.752433
1 4.644594 2.565651
1 0.225580 13.941605
1 -15.577163 -0.196461
1 -12.563651 11.637768
1 -15.276049 9.562221
1 2.809990 12.937712
1 3.686857 2.860077
1 -4.937238 14.881272
1 -3.953173 15.686726
1 1.118861 7.831669
1 -2.164007 -3.117840
1 -4.290033 17.254774
1 1.560290 13.758969
1 15.442207 -11.149895
1 0.751707 13.661030
1 -12.368597 11.508775
1 -15.458421 0.336716
1 -15.379026 0.503454
1 0.190455 13.956430
1 -2.464932 14.562777
1 1.887363 10.532101
1 15.435193 -11.418747
1 0.282328 13.272403
1 -15.686543 1.146749
1 -15.866671 1.019392
1 -15.426665 1.119793
1 -10.158243 12.413652
1 20.973461 -15.104931
1 -12.400288 10.321969
1 -3.548538 14.205832
1 -8.671092 16.059790
1 -13.543493 10.745401
1 -13.459064 10.609013
1 16.906929 -11.382698
1 2.008030 10.803209
1 5.644667 -3.597689
1 -8.080585 16.089952
1 -8.082864 15.970772
1 -13.377016 10.494223
1 -13.457593 10.399626
1 4.786536 2.279549
1 2.952224 2.447377
1 4.144613 3.103039
1 3.489483 3.715073
1 -14.943167 13.576254
1 0.862060 13.618748
1 20.492666 -15.298577
1 2.979435 8.270894
1 0.435038 12.481700
1 0.181228 13.794482
1 17.595505 -12.976717
1 2.636292 10.811827
1 17.025217 -11.709266
1 1.059843 9.222563
1 -4.119533 14.701839
1 0.730398 10.462203
1 1.126141 10.594581
1 2.066305 9.485551
1 -11.589707 11.786156
1 0.296474 13.848428
1 -3.905450 15.200408
1 0.766881 13.712098
1 7.265591 1.099484
1 1.543278 13.749688
1 -4.128769 15.034668
1 -4.038701 14.721068
1 -0.347475 12.493013
1 -5.442283 14.804170
1 -5.074881 14.892180
1 4.421805 2.746409
1 -3.475867 14.287995
1 3.013176 2.274162
1 0.631409 7.930107
1 3.043474 8.347473
1 1.861361 10.478436
1 1.467964 8.453307
1 1.203014 8.446139
1 0.615119 10.171842
1 16.824682 -12.941671
1 -0.101692 13.888293
1 8.181711 -18.794777
1 14.344399 -10.854908
1 16.748322 -12.001187
1 0.975129 7.617183
1 -7.511055 15.775343
1 19.296755 -17.091780
1 -0.002975 -0.286092
1 16.504366 -13.247314
1 3.381421 4.251525
1 -0.053201 -0.507797
1 0.966155 9.125027
1 -0.016796 14.058741
1 1.085662 13.829271
1 1.241570 0.614103
1 0.964771 13.504866
1 0.767025 9.191815
1 -17.081711 1.590554
1 3.968816 3.011901
1 4.326871 3.395079
1 -4.520995 14.655112
1 -2.001623 -3.210112
1 0.931101 9.439197
1 0.878081 9.092122
1 0.619522 13.524152
1 1.624692 12.583896
1 14.865095 -10.510432
1 -1.853362 13.962456
1 -8.997213 15.869787
1 4.690142 2.540562
1 -8.781284 16.488405
1 -16.076309 0.418758
1 -10.345669 12.538557
1 14.561215 -11.335917
1 4.337837 2.338610
1 3.498311 2.723073
1 3.735851 -15.407827
1 16.624222 -11.320082
1 3.648885 2.780038
1 16.687338 -11.440785
1 5.433916 1.627212
1 16.477242 -17.258963
1 -16.192810 0.954101
1 0.175665 12.999006
1 0.136596 13.294854
1 -9.156281 15.728076
1 0.224492 12.987397
1 1.024280 7.171949
1 0.899939 7.803943
1 -9.570288 16.987925
1 -15.742623 1.666371
1 0.111201 -0.295466
1 1.167624 8.439935
1 -12.008721 12.535089
1 -11.796888 12.298744
1 -5.013285 14.290009
1 16.261040 -13.212772
1 -5.434085 14.943959
1 -5.087769 15.511739
1 -5.008996 15.436498
1 0.905433 6.690620
1 0.917587 7.009322
1 16.615976 -13.464150
1 -0.215531 13.845867
1 0.898863 7.597948
1 17.097713 -11.764286
1 2.614554 8.611621
1 16.665735 -11.708540
1 16.515476 -12.928455
1 15.700614 -17.470478
1 16.213444 -13.221773
1 17.240116 -11.573442
1 17.321346 -11.575234
1 16.993498 -11.493777
1 -7.980377 15.584056
1 17.102890 -11.756500
1 3.668721 2.605201
1 0.312714 -0.135300
1 15.577497 -11.564728
1 2.175788 7.423001
1 0.963728 7.795192
1 0.829083 8.107395
1 12.336976 -18.726465
1 -1.713516 -2.994438
1 3.602376 3.164726
1 18.714043 -7.021131
1 20.987001 -13.819218
1 15.649201 -21.374790
1 3.199192 7.993330
1 0.706135 7.557467
1 -11.980660 12.404098
1 14.337632 -11.117013
1 15.487046 -11.686034
1 -9.125951 15.738249
1 -8.623062 16.451597
1 -8.186566 15.989097
1 -0.101445 -0.545311
1 0.135453 -0.328005
1 -16.651777 0.739120
1 0.310137 9.281588
1 6.043551 13.446796
1 16.960209 -11.924164
1 16.978323 -11.699340
1 0.767349 7.457837
1 16.203506 -12.872532
1 0.856032 7.306386
1 17.299694 -11.989172
1 -3.957577 14.009880
1 3.152547 2.531465
1 2.904605 2.576661
1 -0.219270 -0.603984
1 0.233759 -0.302990
1 0.903374 7.616385
1 4.063294 2.250448
1 2.696101 8.210302
1 2.300511 9.215397
1 0.504720 12.696777
1 17.153944 -9.936181
1 1.160475 7.467568
1 14.383694 -10.851838
1 0.987489 7.298370
1 0.133250 14.069957
1 3.912097 2.404135
1 3.711929 4.356688
1 1.278820 14.589275
1 15.760786 -11.553815
1 15.217407 -11.094142
1 15.646988 -11.122013
1 -5.082380 15.594987
1 -8.880255 15.303390
1 0.713526 7.706302
1 -17.214115 1.364594
1 19.520683 -15.888390
1 1.260526 7.241587
1 -0.302441 -1.003753
1 -0.001615 10.052281
1 0.658368 8.421254
1 -8.521503 -10.686527
1 -16.686974 1.611106
1 2.865783 2.227425
1 3.575607 3.037219
1 17.555408 -12.267736
1 2.398062 0.773734
1 3.256532 2.065128
1 -16.706829 2.105935
1 -1.959601 -2.889447
1 0.668052 13.227204
1 4.279288 3.867133
1 -16.726849 10.772312
1 2.732269 -5.249490
1 2.329856 11.116343
1 14.814898 -11.082620
1 -5.462795 14.288180
1 15.173744 -12.705338
1 0.946540 7.323200
1 1.785686 9.471762
1 2.852535 8.250598
1 -0.456408 -0.934194
1 0.161913 -0.206412
1 -2.926640 -13.332271
1 17.072178 -11.110590
1 14.961580 -10.871876
1 3.486091 2.723430
1 0.765064 8.705958
1 0.967572 7.710470
1 1.666400 9.527330
1 -1.795570 -2.473003
1 0.527750 7.079029
1 0.634978 7.860777
1 0.903106 7.546761
1 3.023399 8.363894
1 0.022712 -0.541454
1 0.164416 -0.456230
1 0.228744 -0.335833
1 1.270312 7.273214
1 17.138603 -11.824907
1 -0.002140 -0.491211
1 0.297570 13.337449
1 -3.974022 -4.711815
1 0.481447 9.207053
1 2.915051 8.098131
1 4.093863 3.624553
1 3.198172 5.842512
1 -3.056068 -3.180166
1 3.521094 2.662937
1 3.056646 2.662570
1 0.087640 -0.369420
1 0.306369 -0.255976
1 3.661906 2.802978
1 17.193914 -12.010718
1 0.418228 -0.156111
1 18.168093 -12.906413
1 3.152786 7.897061
1 16.758247 -12.056860
1 -16.795528 1.606118
1 -16.914967 1.740190
1 -11.132501 11.792528
1 -3.282798 14.095068
1 3.838694 1.827650
1 16.169353 -13.327358
1 16.568787 -11.484071
1 -0.339900 -12.511028
1 -16.882011 10.744589
1 15.546957 -19.285168
1 -4.824538 15.458135
1 -17.059284 1.218668
1 16.224644 -12.929152
1 15.318680 -10.743855
1 -1.370726 14.028601
1 -9.493175 16.932417
1 16.516850 -12.762856
1 15.072129 -10.984712
1 -16.280218 0.529907
1 3.825025 3.593567
1 4.033424 2.835707
1 14.708063 -10.238802
1 17.947094 -3.035971
1 3.073373 2.624932
1 15.280942 -10.614278
1 15.646258 -10.921758
1 14.762178 -11.227970
1 2.739283 11.286056
1 3.815797 3.447104
1 3.340202 2.590031
1 -16.843317 1.443290
1 15.702403 -13.306286
1 15.074469 -10.644863
1 -9.014519 16.547529
1 -3.221381 14.730328
1 3.968791 3.028948
1 -7.034471 15.956359
1 -14.308007 3.794255
1 -17.034781 1.176801
1 3.878271 4.471131
1 16.568304 -12.326515
1 0.020724 13.930626
1 -17.185602 1.386901
1 0.978025 7.624647
1 15.309646 -13.442386
1 -16.802420 0.942491
1 3.661392 4.143907
1 3.561953 2.767001
1 3.589120 2.017800
1 15.456387 -11.220847
1 4.253385 2.760572
1 16.188362 -11.995563
1 3.722385 3.097772
1 18.002621 -12.897679
1 3.022246 2.666633
1 14.972567 -10.319881
1 3.862279 3.198920
1 22.493902 -12.547598
1 -4.826206 15.297026
1 0.030900 13.871261
1 3.613676 2.084753
1 3.314239 2.167007
1 -9.534516 16.781502
1 5.782922 6.355879
1 7.051940 -15.957366
1 4.205012 2.990950
1 16.757601 -12.862351
1 -16.186144 0.487825
1 1.496410 11.838861
1 14.740548 -10.298589
1 1.187805 12.675059
1 15.172173 -10.323694
1 -16.357170 0.539058
1 1.158212 12.321474
1 -16.432045 0.431282
1 2.771106 2.550962
1 -11.830241 12.133450
1 1.119763 11.830318
1 3.185581 2.203477
1 1.442040 11.587100
1 1.415930 11.832081
1 1.043652 11.500937
1 -16.449009 0.609334
1 -16.272818 0.526952
1 0.600526 12.774595
1 -16.506308 0.788233
1 14.550364 -10.380334
1 -13.193064 10.297915
1 -13.300378 10.213572
1 -13.152665 10.417896
1 -13.461185 10.501775
1 -13.411329 10.459018
1 -13.337062 10.626861
1 -13.343080 10.393841
1 -13.044827 10.373728
1 -13.164310 10.236501
1 -13.268228 10.355958
1 -13.534279 10.340724
1 -13.155769 10.425190
1 -13.388631 10.349492
1 -13.388168 10.391063
1 -13.186701 10.534229
1 -13.438518 10.357820
1 -13.193342 10.441744
1 -13.321338 10.415576
1 -13.427589 10.451188
1 -13.294750 10.331100
1 -18.132618 -6.855175
1 -13.205930 10.389050
1 -13.197054 10.461927
1 -13.251302 10.294646
1 -13.393463 10.550208
1 -13.263676 10.416896
1 -13.123259 10.413412
1 -13.422785 10.324228
1 -13.358181 10.446157
1 -13.272937 10.425670
1 -13.233356 10.494563
1 -13.230486 10.462162
1 -13.424075 10.458885
1 -13.145836 10.423217
1 0.871430 11.537042
1 -13.443871 10.430362
1 -11.705013 18.234198
1 3.114744 2.792176
1 -13.081008 10.440152
1 0.749168 11.260697
1 7.602812 -15.591305
1 0.194855 -0.063586
1 14.713120 -10.101905
1 -11.576550 12.349560
1 -16.067532 0.553618
1 0.179592 -0.342783
1 1.781570 12.663238
1 0.898168 11.976750
1 1.232360 11.941418
1 3.168840 2.414064
1 0.697252 11.080700
1 0.970715 11.506296
1 14.931423 -10.422142
1 1.138982 11.854997
1 -11.781833 12.074874
1 3.202601 2.311659
1 0.985029 12.159948
1 1.109653 12.461713
1 -16.409927 0.282686
1 -16.253620 0.434890
1 3.520400 2.312120
1 2.987533 2.497640
1 15.006445 -10.158548
1 14.834686 -10.146150
1 3.194614 2.366678
1 0.386496 -0.286280
1 0.319977 -0.364051
1 0.207555 -0.413951
1 -11.750162 12.394232
1 3.339808 1.972267
1 -0.049994 -0.337307
1 14.884045 -10.485883
1 3.050447 2.088878
1 1.193886 12.046054
1 3.303182 2.207219
1 0.294887 -0.401508
1 3.305700 2.108196
1 -11.684567 12.242734
1 -16.188169 0.351091
1 14.911064 -10.173015
1 0.282359 -0.315712
1 3.114593 2.636262
1 3.036858 2.304456
1 -11.675874 12.258253
1 3.167336 2.444810
1 -11.478292 12.238033
1 2.928265 2.137300
1 1.082644 12.116942
1 -11.833807 12.056160
1 14.793941 -10.319345
1 -11.662888 12.099799
1 3.364032 2.353486
1 0.133852 -0.368748
1 -20.167194 5.074551
1 3.016438 2.153479
1 -11.612696 11.968908
1 -11.557570 12.071304
1 0.403169 -0.263631
1 -11.671262 12.006022
1 -16.355387 0.444168
1 -11.744734 12.057662
1 0.203234 -0.340343
1 2.978067 2.252745
1 14.715371 -10.492850
1 3.221783 2.334172
1 1.053180 11.561975
1 3.187341 2.253449
1 15.022046 -10.223901
1 0.144129 -0.275848
1 3.281932 2.110017
1 0.196647 -0.289561
1 14.833009 -10.375883
1 -11.747015 12.188375
1 -20.887934 7.043148
1 -11.940935 12.356378
1 0.177963 -0.205791
1 3.327253 2.511663
1 1.083748 11.867515
1 3.086167 2.379070
1 2.972429 2.323586
1 3.464936 2.066125
1 3.085260 2.451771
1 2.921682 2.387096
1 14.746144 -10.312734
1 1.217508 11.954709
1 14.849880 -10.176465
1 15.134925 -10.179992
1 3.202031 2.363545
1 14.536066 -10.433466
1 -16.181387 0.340907
1 3.136237 2.344605
1 3.082214 2.502230
1 0.974909 11.972034
1 14.791303 -10.514254
1 3.242383 2.333788
1 -11.713961 12.289319
1 3.063184 2.385682
1 3.048274 2.380393
1 3.106825 2.329336
1 14.896182 -10.370513
1 -11.653259 12.223388
1 15.116118 -10.210907
1 -11.577978 12.233065
1 15.045082 -10.362873
1 3.471501 2.347073
1 14.996284 -10.414514
1 14.604892 -10.028567
1 3.012320 2.115015
1 0.982449 12.136147
1 14.796208 -10.073616
1 2.960222 2.391230
1 3.413534 2.080035
1 1.118925 11.657311
1 1.507295 12.368732
1 1.723039 11.402564
1 1.582469 11.877376
1 1.141503 11.826529
1 1.296465 12.350821
1 0.727095 12.393341
1 1.436998 11.759060
1 0.911506 11.998896
1 1.609444 11.950396
1 -16.116814 0.621263
1 1.100164 12.141765
1 3.242603 2.298486
1 14.901472 -10.151549
1 -11.711623 11.991712
1 14.890271 -10.167266
1 24.796335 -8.069978
1 14.927119 -10.288649
1 3.047627 2.135601
1 3.420707 2.361772
1 15.092962 -10.305217
1 14.762461 -10.214183
1 3.376364 2.136519
1 14.932418 -10.568950
1 14.783751 -10.350410
1 -11.858999 11.934102
1 14.787773 -10.112220
1 14.701125 -10.412414
1 3.256309 2.206162
1 21.307085 -11.504405
1 3.185056 2.409600
1 -11.523171 11.883930
1 2.965027 2.442231
1 -11.967982 0.192034
1 17.229347 -11.931705
1 18.741774 -15.085279
1 15.844970 -13.370609
1 -2.029474 -3.291100
1 14.309263 -17.913595
1 -0.068841 8.935280
1 18.475851 -14.740454
1 4.124619 3.687253
1 4.099778 3.682333
1 4.337419 2.925756
1 4.757459 1.626617
1 5.009974 1.990868
1 4.842084 1.817469
1 1.644148 15.256992
1 1.769614 15.166551
1 1.749291 15.109878
1 3.218755 7.883022
1 0.358895 8.169915
1 -2.196747 -4.048477
1 -2.237950 -4.100092
1 0.670391 14.455413
1 0.508177 7.962485
1 -11.327337 1.147020
1 0.829140 10.129217
1 1.671885 14.145039
1 -7.952296 15.549816
1 -11.107498 0.928721
1 1.906142 10.082969
1 3.705478 7.758779
1 3.441989 7.895959
1 4.378320 3.387033
1 2.115122 8.231586
1 2.728940 8.212262
1 0.962263 13.639506
1 17.947197 -2.663180
1 3.953285 3.785902
1 1.562180 15.030939
1 -0.912788 -8.661259
1 2.945307 12.656279
1 4.341017 5.269078
1 -0.328009 13.876540
1 2.204846 5.247110
1 0.891582 8.856025
1 18.544580 -14.717161
1 18.753418 -15.057525
1 2.076894 9.404184
1 -1.504635 -3.821969
1 14.777921 -12.183522
1 3.336222 3.110483
1 0.845551 8.706794
1 0.562305 7.596679
1 -0.592141 13.584405
1 2.251003 11.234962
1 1.774373 15.042870
1 -8.759230 16.287220
1 15.182209 -10.487107
1 15.989049 -18.637703
1 -1.347003 14.443684
1 -14.716682 0.249197
1 -1.849210 -4.000648
1 2.044670 13.409717
1 15.955345 -13.196740
1 16.200712 -12.481418
1 -11.747442 1.336293
1 -15.792190 0.493677
1 3.675495 3.161057
1 -15.464990 1.745546
1 16.362038 -17.338257
1 -0.233153 13.978382
1 15.541185 -9.673170
1 0.907580 10.212034
1 12.308703 -18.751755
1 -10.339494 12.373309
1 -0.379251 -0.834502
1 -7.593415 15.801062
1 0.758261 14.542702
1 1.658528 13.972291
1 4.687696 2.736665
1 1.039715 7.504488
1 16.816805 -12.391528
1 15.624155 -12.277326
1 16.339848 -13.100863
1 16.541824 -13.131227
1 -9.501953 14.632648
1 16.774427 -11.053448
1 16.656267 -11.383140
1 -2.249035 -4.051923
1 0.508042 11.981248
1 -0.676886 12.599201
1 14.523745 -10.485602
1 0.821033 8.957578
1 0.154150 8.716829
1 1.069635 8.429172
1 1.192443 8.507356
1 0.846577 14.478209
1 -3.863626 15.674762
1 0.843675 7.619623
1 4.621119 2.370823
1 0.915001 9.008587
1 -4.296790 17.245274
1 -2.757541 -3.049569
1 2.882139 12.761588
1 17.066906 -11.799895
1 20.162039 -12.044315
1 17.093405 -11.834411
1 -0.310171 13.306822
1 -9.820609 15.007495
1 14.850235 -13.390550
1 16.459284 -12.883418
1 16.422781 -12.802969
1 -3.396157 -4.514548
1 1.871520 10.580153
1 -15.556563 0.906461
1 15.248390 -13.446064
1 -3.575836 14.303264
1 1.558532 6.546252
1 1.776422 5.979170
1 0.676499 9.758188
1 2.079226 10.619212
1 -1.484102 -2.115293
1 -3.700098 -11.027969
1 2.694037 14.636994
1 3.192518 8.113236
1 -0.816025 13.968608
1 -17.311480 2.290238
1 -0.265366 13.788565
1 -1.820856 14.903670
1 0.247788 13.564577
1 -12.532567 11.255687
1 16.714504 -12.260187
1 17.736496 -13.169333
1 17.557959 -12.803658
1 0.760859 8.904134
1 0.812402 9.052595
1 0.771214 9.056925
1 2.739993 11.000435
1 3.708303 3.417797
1 1.127407 9.512593
1 1.974028 9.653830
1 17.374735 -11.648468
1 5.588761 2.503056
1 -16.044594 -0.266714
1 0.396688 13.668055
1 16.796497 -10.898635
1 -16.761045 1.793858
1 17.786139 -12.048515
1 16.873106 -10.186444
1 -0.365477 12.886288
1 -3.888761 14.761763
1 -4.368824 14.716438
1 2.715911 14.462540
1 0.336007 13.893274
1 0.722992 12.968717
1 -1.628583 -2.048194
1 -1.466084 -1.971286
1 -5.341305 14.925556
1 14.051270 -11.359885
1 -15.910505 1.596799
1 4.197308 3.381655
1 1.717959 8.279364
1 -5.355257 14.955498
1 -15.955719 1.201345
1 0.923049 14.083415
1 -0.311438 11.849594
1 0.510390 14.200852
1 16.332428 -12.852184
1 0.776504 8.931984
1 0.115528 8.223185
1 16.911436 -12.055979
1 16.751810 -12.037746
1 -0.931602 12.868970
1 -16.509762 0.395073
1 0.423485 7.900355
1 2.869988 12.844503
1 17.154318 -12.884089
1 -4.838774 14.133001
1 15.391899 -12.534535
1 15.335977 -12.367725
1 -3.188818 -3.867853
1 3.929316 2.736944
1 0.770507 8.867158
1 -9.113503 16.362278
1 -16.256821 2.402166
1 2.461768 11.155937
1 15.803582 -11.019502
1 14.910581 -13.194441
1 16.847931 -12.805021
1 0.832066 13.874911
1 0.527326 14.411704
1 2.903311 11.464691
1 16.157637 -11.311535
1 -0.306080 11.981460
1 3.076335 12.613949
1 14.657373 -11.969960
1 14.854623 -11.749058
1 17.113110 -11.678336
1 0.334648 15.914319
1 0.981189 8.032613
1 1.626204 9.953713
1 2.455233 14.430094
1 3.794814 3.256548
1 -1.196048 8.629453
1 -0.549880 13.644377
1 1.896870 10.551805
1 4.566785 1.730418
1 0.928128 9.404757
1 14.991695 -13.613453
1 14.468702 -11.114666
1 14.307596 -11.248550
1 -6.544125 14.512176
1 16.182835 -17.885885
1 16.344505 -11.482487
1 4.188543 3.568933
1 16.910093 -9.811310
1 4.343787 2.079990
1 4.553370 2.905055
1 -15.942710 0.527259
1 16.594028 -10.322647
1 16.521362 -11.569218
1 15.998349 -11.305932
1 3.460355 2.249368
1 15.559361 -13.115278
1 4.272121 2.184177
1 4.372012 2.912327
1 2.826164 2.614661
1 15.246464 -19.393768
1 3.757204 1.926911
1 17.268280 -11.972226
1 3.581290 2.659055
1 18.245155 -14.628579
1 14.707773 -14.525079
1 0.380385 13.105052
1 3.201706 2.256058
1 -7.435175 16.200228
1 -9.611164 17.103838
1 0.375264 7.549246
1 -4.918182 14.342220
1 17.002077 -13.264151
1 -2.175230 -3.441211
1 17.248501 -12.026237
1 17.033604 -12.302852
1 1.518225 4.755849
1 15.871628 -11.005815
1 -5.054880 15.478761
1 0.956786 6.932183
1 17.000414 -13.423560
1 6.349200 -16.570663
1 -16.172348 1.262381
1 -2.048998 -2.652656
1 0.777449 8.998365
1 -11.888538 1.138286
1 3.556793 2.747406
1 15.064005 -19.284439
1 15.062253 -10.519250
1 16.095676 -11.628800
1 16.127499 -12.108625
1 16.338327 -12.198871
1 3.014555 8.161339
1 16.543406 -12.612206
1 0.653852 7.534079
1 0.514378 7.780833
1 -15.602641 0.337877
1 0.150961 -0.423417
1 17.269976 -11.021483
1 17.152351 -11.434616
1 0.540527 14.361136
1 17.167662 -11.540347
1 17.207077 -11.661120
1 16.287979 -12.042709
1 3.312174 2.506839
1 17.198021 -11.717149
1 17.369278 -13.360898
1 -11.935389 11.173321
1 16.244408 -17.446934
1 15.097855 -10.396039
1 1.945494 9.884834
1 2.689770 11.074384
1 7.969295 1.175077
1 15.211600 -12.787597
1 -10.919447 11.893968
1 3.984761 3.254249
1 17.214090 -11.695886
1 17.284283 -10.736614
1 -0.185395 -0.655187
1 -16.041759 1.190230
1 1.016179 8.309546
1 22.348190 -12.816572
1 22.354872 -12.820003
1 3.682457 3.094429
1 1.550713 4.637830
1 -18.590326 -1.334231
1 4.185061 3.730034
1 -3.201964 14.842337
1 16.350700 -12.184536
1 16.367264 -12.983807
1 17.469593 -9.724540
1 16.715887 -11.338838
1 0.746213 7.678146
1 -1.693106 -3.227329
1 1.045269 7.721035
1 -11.356338 0.358182
1 0.835632 8.810303
1 16.169928 -16.892445
1 -16.858135 1.572596
1 -0.331792 -0.657677
1 19.261181 -15.706683
1 -5.026193 15.206556
1 3.320152 2.851747
1 2.922309 2.172045
1 16.198023 -17.575104
1 16.623499 -12.167145
1 3.445537 8.087672
1 -15.629300 1.557067
1 3.916959 3.573147
1 3.249339 3.591121
1 17.168652 -12.125550
1 4.169003 2.587240
1 -9.417970 15.678256
1 -14.556049 -5.331564
1 -17.721600 -2.611239
1 15.222232 -11.524918
1 4.427353 2.864941
1 16.104528 -12.632877
1 17.172689 -11.579744
1 3.903278 3.211133
1 16.614765 -11.879253
1 12.306711 -18.775467
1 16.929255 -11.701577
1 0.189472 7.992083
1 -8.905234 15.670114
1 0.047155 14.162472
1 4.057367 3.536383
1 16.549126 -17.157444
1 16.427561 -11.675012
1 14.548176 -10.872931
1 -16.429050 0.553847
1 14.739799 -11.056208
1 14.468671 -11.386974
1 2.517006 6.828334
1 3.269410 2.012289
1 -2.411256 15.245976
1 15.375155 -11.542449
1 3.842121 2.696615
1 -2.129289 14.017540
1 -18.124811 0.758969
1 17.285278 -12.179192
1 16.649725 -11.761866
1 -5.209259 15.073112
1 -15.892140 1.496594
1 -8.660676 16.181278
1 12.224269 -2.717906
1 -11.677745 10.207288
1 0.328104 10.328950
1 14.541246 -10.918962
1 16.352289 -11.451204
1 -16.284224 -0.019004
1 0.714989 10.075344
1 2.808844 -11.677943
1 16.645443 -13.132059
1 16.453648 -11.764432
1 14.626377 -10.831811
1 15.948332 -16.638832
1 12.379707 -18.623695
1 16.547672 -11.404682
1 16.566483 -12.799250
1 3.782073 10.668353
1 17.259655 -12.141814
1 1.200004 10.766365
1 17.068960 -10.969528
1 5.921292 -15.566267
1 0.787230 8.538163
1 16.574503 -11.670399
1 -0.630733 9.202441
1 3.265097 2.676348
1 -9.027705 15.949086
1 -2.784799 15.357977
1 16.054014 -11.386856
1 15.936193 -12.817798
1 0.387879 15.924013
1 -1.823384 -3.513813
1 17.011957 -13.027398
1 1.009823 10.133997
1 18.005371 -14.308167
1 6.271657 14.155040
1 -12.274534 11.602609
1 16.741932 -12.889453
1 0.930087 8.771157
1 1.060760 2.292479
1 1.125123 7.632935
1 12.301073 -18.764143
1 -12.247147 11.115592
1 3.639617 3.540928
1 -9.127395 17.828444
1 16.919384 -11.830924
1 16.941261 -15.053730
1 -5.444305 15.372688
1 18.230511 -13.621979
1 17.144602 -11.065655
1 14.670848 -11.837288
1 -0.732566 -1.521232
1 -10.459999 12.395907
1 10.783721 -18.695604
1 16.261269 -17.661900
1 16.887707 -12.182406
1 16.461285 -11.807441
1 1.480351 0.796446
1 -3.549937 14.194189
1 15.302305 -11.142401
1 1.583534 8.375578
1 15.505820 -11.802142
1 -17.134907 1.661478
1 -6.523718 16.590464
1 0.856711 10.134686
1 -16.552914 10.826031
1 15.979013 -11.166554
1 4.040707 3.881841
1 16.795134 -13.020212
1 17.277586 -11.836228
1 15.148645 -10.371380
1 -15.538208 1.369500
1 3.794820 3.189248
1 16.714148 -11.637093
1 15.982244 -13.957767
1 16.503910 -11.532518
1 15.812906 -17.288486
1 18.259413 -14.407712
1 -17.635952 0.696069
1 1.874874 5.031397
1 3.420020 4.326701
1 14.638110 -10.256940
1 3.192528 2.424310
1 16.659235 -11.223421
1 4.301853 3.646818
1 22.646467 -13.480363
1 3.779413 3.185934
1 3.196076 2.269446
1 22.646296 -13.447102
1 3.829311 3.216815
1 2.989290 2.192989
1 5.422804 1.850655
1 -8.952645 16.966385
1 -0.492707 3.067741
1 5.030273 2.154715
1 0.363481 11.287215
1 0.185149 12.576437
1 15.007798 -10.610615
1 16.966137 -12.534221
1 17.473467 -12.972085
1 0.704356 8.423100
1 14.821188 -12.727123
1 -0.103424 14.234630
1 3.990992 3.080974
1 3.476196 2.691288
1 -16.235376 1.171979
1 -6.422561 16.733612
1 3.721510 3.294899
1 -0.351705 15.384077
1 17.325359 -12.390690
1 -7.084220 16.156210
1 -16.785673 10.668524
1 -9.449004 16.468880
1 2.922281 2.272752
1 14.502743 -10.703485
1 3.884772 3.138154
1 3.365349 3.196820
1 16.363224 -11.263131
1 4.575282 2.715436
1 3.373805 3.839889
1 3.233454 3.609709
1 15.697102 -11.409051
1 -8.996401 16.038374
1 3.147915 2.450935
1 10.030951 -6.949205
1 17.112059 -12.268792
1 15.640310 -12.435436
1 16.537144 -11.125182
1 0.140179 13.259198
1 -16.643301 11.068933
1 3.551082 2.720307
1 4.240140 3.269863
1 16.210854 -10.811862
1 16.562769 -12.048190
1 16.894209 -19.607218
1 16.448843 -11.647900
1 1.059016 12.310004
1 1.466468 11.954968
1 0.967739 11.570887
1 1.078426 12.537412
1 0.729253 11.287739
1 -16.240322 0.625048
1 1.090773 11.806337
1 16.379288 -11.528597
1 14.800595 -10.321591
1 16.379299 -11.342146
1 1.187666 11.726866
1 1.467508 12.143277
1 3.291331 2.299711
1 0.973980 11.804999
1 14.864375 -10.029337
1 1.022465 11.971703
1 0.893065 11.781490
1 14.714311 -10.403884
1 1.036200 11.911878
1 14.897712 -10.202312
1 16.373642 -11.536173
1 3.151373 2.616739
1 1.343130 12.097322
1 1.342853 11.912580
1 -16.311682 0.817960
1 3.238733 2.615157
1 1.583211 12.679010
1 -19.655087 6.676692
1 14.731442 -10.227776
1 2.902265 2.561296
1 3.106001 2.108840
1 14.729525 -10.296955
1 0.216524 -0.321350
1 3.119171 2.504426
1 16.728930 -11.693857
1 3.454441 2.665034
1 -11.754696 12.115127
1 1.163679 11.773664
1 16.409586 -11.515397
1 16.328842 -11.385313
1 14.941274 -10.259692
1 14.761132 -10.446425
1 14.663862 -10.391985
1 14.617635 -10.245358
1 22.517736 -11.274715
1 14.925424 -10.237391
1 -11.676360 12.084827
1 3.435504 2.079435
1 16.573498 -11.295639
1 16.358892 -11.406132
1 3.073276 2.464966
1 0.249188 -0.130287
1 3.206648 2.254431
1 0.216592 -0.359333
1 16.403282 -11.486800
1 3.384434 2.321681
1 -20.333515 4.785045
1 3.268869 2.725585
1 14.758250 -10.466406
1 1.205374 11.243752
1 3.286479 2.383390
1 16.421839 -11.512916
1 3.148518 2.220072
1 0.347233 -0.148802
1 0.356787 -0.474907
1 3.333727 2.222913
1 -19.872681 6.062857
1 3.038847 2.777249
1 16.317804 -11.331076
1 14.599414 -10.410706
1 0.103291 -0.482539
1 15.011357 -10.177358
1 2.940300 2.263139
1 16.459372 -11.474018
1 16.389042 -11.649400
1 3.057327 2.374384
1 0.383174 -0.151865
1 3.108614 2.583050
1 2.985633 2.321201
1 3.027223 2.450811
1 19.601839 -18.159426
1 14.965152 -10.379966
1 -11.654862 12.176569
1 -13.684305 22.337141
1 2.949757 2.097446
1 16.397715 -11.513988
1 16.447132 -11.490022
1 1.142772 12.190453
1 14.760772 -10.451883
1 3.380300 2.457988
1 1.071329 11.486276
1 16.375629 -11.345452
1 16.436369 -11.413014
1 16.635107 -11.486590
1 14.889256 -10.278206
1 3.016792 2.313802
1 16.445856 -11.476630
1 3.218611 2.317840
1 2.861548 2.608736
1 3.331884 2.360110
1 3.106430 2.102985
1 14.858985 -10.835449
1 14.783953 -10.228300
1 15.032413 -10.250070
1 3.343962 2.131934
1 2.956269 2.399559
1 3.043931 2.295718
1 14.823611 -10.424356
1 14.803106 -10.184994
1 14.800144 -10.385189
1 14.961625 -10.534703
1 14.788707 -10.439607
1 14.913841 -10.047888
1 21.979204 -16.492609
1 3.077740 2.418952
1 14.878248 -10.260012
1 14.728161 -10.243356
1 14.725514 -10.394825
1 -20.289192 5.131724
1 0.367013 -0.343731
1 3.208358 2.505658
1 -11.926612 12.314157
1 -16.439610 0.374944
1 3.347736 2.038338
1 14.939682 -10.209881
1 14.892949 -10.641327
1 14.913612 -10.186468
1 2.894855 2.130454
1 14.677268 -10.346202
1 14.891665 -10.439309
1 1.342311 11.610897
1 -16.248398 0.810123
1 -11.776510 12.191889
1 16.257631 -11.329082
1 0.331060 -0.455006
1 3.359235 2.315664
1 3.372827 2.580961
1 3.049705 2.658362
1 3.051236 2.093860
1 -5.607253 -10.484710
1 3.280943 2.203019
1 -11.734247 12.129635
1 3.209725 2.506181
1 2.786171 1.922750
1 3.169417 2.314841
1 3.249879 2.340941
1 -0.353162 -5.125945
1 3.283234 2.427037
1 3.149303 2.310019
1 3.355178 2.547057
1 3.391202 2.279215
1 3.130035 2.460320
1 15.123319 -10.435048
1 2.959412 1.936515
1 3.103661 2.088693
1 14.980132 -10.426976
1 18.529116 -11.241502
1 3.393795 2.293335
1 14.681437 -10.161704
1 -15.433531 2.019611
1 -11.429254 9.462970
1 14.817612 -10.721679
1 14.567324 -13.346746
1 18.381786 -7.009910
1 -14.983310 13.537498
1 -14.906178 13.568578
1 -12.485469 7.371131
1 4.749278 1.380318
1 17.252359 -11.985107
1 22.295059 -14.502069
1 2.939888 6.542198
1 16.693419 -12.294353
1 0.384257 8.336855
1 3.346109 12.654979
1 18.390713 -13.854275
1 -2.476803 -13.859071
1 -17.196857 7.090414
1 4.711791 2.519664
1 4.783632 2.435091
1 2.542190 13.010899
1 -17.032150 7.254163
1 1.811037 15.358946
1 -7.550941 15.825818
1 18.379652 -14.575912
1 -0.336426 13.733122
1 18.550652 -8.880801
1 1.800070 15.386553
1 1.793670 15.321543
1 19.254814 -15.661516
1 -15.852684 0.672338
1 0.878672 8.667084
1 3.136318 12.778689
1 3.802447 2.000780
1 12.306333 -18.686682
1 -15.107446 13.582079
1 1.985931 13.531072
1 14.479182 -10.540619
1 -9.329505 15.238187
1 2.203763 2.909638
1 4.549253 1.868813
1 17.107304 -12.314219
1 18.424517 -14.950590
1 16.040716 -13.735175
1 3.361821 2.938792
1 -2.130645 -3.872906
1 0.740503 8.858179
1 2.648768 15.872490
1 2.355271 11.586664
1 14.819592 -13.459998
1 2.145149 11.192581
1 0.934481 11.704597
1 14.037033 -20.736904
1 1.648646 14.955479
1 3.492713 -7.500324
1 -0.383291 14.036188
1 19.136505 -15.552473
1 19.089155 -15.517900
1 0.515686 9.731026
1 15.565245 -13.128238
1 0.413773 8.120248
1 -15.567634 1.140039
1 16.278656 -17.372574
1 -11.593081 11.096624
1 -7.596588 16.189777
1 -11.743411 10.253383
1 16.090494 -12.124137
1 2.754477 2.460745
1 2.791709 2.541298
1 12.285589 -18.735744
1 2.613596 11.958574
1 0.104677 16.277864
1 16.156656 -17.651215
1 17.251123 -12.237934
1 4.384875 3.717798
1 -0.807610 -1.216525
1 0.892420 9.141938
1 1.975895 13.765738
1 4.795117 2.273483
1 -11.108549 1.062136
1 -11.661865 9.665327
1 3.206381 2.142024
1 3.078403 2.279294
1 14.872974 -10.233467
1 -10.265383 12.294965
1 -3.217801 -3.936733
1 -0.012938 13.761730
1 15.850509 -11.969845
1 -14.130116 3.832286
1 2.385468 11.200243
1 -4.765391 15.513938
1 2.044428 10.132101
1 -5.168251 15.029820
1 0.887140 7.689457
1 1.164563 8.361403
1 1.110908 9.228369
1 1.727630 13.620478
1 2.752896 10.640218
1 2.995395 12.033690
1 2.938483 12.029691
1 -3.522610 14.815862
1 0.536828 8.486545
1 4.135313 6.356294
1 17.808296 -13.896620
1 -1.112178 -1.806112
1 0.341727 13.881796
1 -0.473783 12.474368
1 -11.375723 11.875798
1 -1.396776 14.144746
1 -15.709872 1.815552
1 -15.753336 5.472550
1 15.091386 -11.280499
1 15.010285 -13.485476
1 -12.089587 0.017145
1 1.123038 9.802376
1 -15.981238 0.737858
1 -9.114434 15.014277
1 14.699285 -14.660329
1 -0.200983 11.983302
1 -3.435831 14.174644
1 0.130090 13.662052
1 1.623760 14.644567
1 17.818401 -14.361823
1 15.799460 -10.944450
1 -9.485164 8.605821
1 13.128896 -19.397432
1 -2.106925 -2.953508
1 3.585656 8.078695
1 3.831116 1.568497
1 0.731959 9.140624
1 1.649009 15.097097
1 17.103039 -11.565554
1 1.427121 8.495200
1 0.598072 10.409575
1 15.713350 -12.574249
1 15.189247 -10.851471
1 -1.921144 -2.993604
1 4.746616 2.214746
1 2.702301 12.037026
1 0.956000 13.738008
1 3.843417 7.603014
1 3.036159 5.975224
1 2.156808 12.599343
1 -4.054497 14.617497
1 2.814117 14.638544
1 4.739223 2.750299
1 16.936369 -13.366335
1 1.887570 14.998652
1 -1.833982 13.920061
1 -0.251902 11.982483
1 -2.821687 -3.249085
1 16.820051 -12.065460
1 16.121346 -14.128188
1 3.029450 2.265966
1 -0.202823 14.015557
1 1.631169 15.145596
1 0.593149 7.635462
1 -7.588087 15.651169
1 -3.836334 15.783758
1 -4.898714 16.520309
1 3.518157 4.406156
1 1.471910 13.149609
1 18.116703 -10.566262
1 17.169960 -10.806568
1 16.649216 -12.730935
1 -2.082919 -2.603890
1 3.012906 12.783078
1 -9.187130 17.758455
1 17.112286 -11.771738
1 -15.731844 1.964937
1 -11.688275 12.720036
1 4.555893 7.851123
1 -3.081842 14.323210
1 -1.036018 14.262810
1 0.634769 10.490047
1 -0.354310 11.897413
1 4.130879 2.543308
1 17.315886 -11.397466
1 0.589235 12.882517
1 0.070567 13.768617
1 0.334667 10.902524
1 1.827430 12.605805
1 16.293625 -11.093629
1 18.249506 -14.861600
1 1.700709 14.999857
1 0.793217 8.844608
1 1.064364 13.788282
1 16.386881 -17.584120
1 16.928888 -12.335425
1 16.841951 -12.210360
1 17.563744 -10.044025
1 19.083426 -9.637807
1 4.400022 2.796200
1 0.550457 14.639683
1 4.260792 3.643841
1 4.176157 3.570906
1 4.222871 3.617507
1 14.696765 -10.390592
1 4.228448 3.029619
1 18.359541 -14.853917
1 -3.532034 3.818116
1 18.361126 -14.753028
1 4.048687 1.676400
1 16.619522 -11.363979
1 -15.435854 0.048537
1 16.956184 -11.843993
1 18.061127 -14.344041
1 3.643003 2.797806
1 15.142944 -11.952837
1 17.099560 -13.571007
1 4.391908 2.835778
1 15.229352 -19.657213
1 -16.936728 1.622409
1 17.085102 -10.840066
1 18.231768 -14.589054
1 -15.671915 1.428525
1 18.710180 -7.968190
1 16.084293 -11.337455
1 3.275453 2.297481
1 -16.674980 10.612338
1 17.035769 -11.592750
1 -3.227926 13.752441
1 7.800932 7.152489
1 15.663289 -11.180267
1 16.184687 -11.252701
1 0.827142 9.051106
1 18.116896 -13.891405
1 15.517933 -19.027409
1 16.271481 -13.276546
1 13.772184 -11.111539
1 0.835835 8.177681
1 0.848562 8.270106
1 16.919010 -12.115952
1 0.332149 16.003819
1 -0.793933 12.693593
1 -2.387408 -4.077838
1 -16.121143 0.867656
1 16.506159 -11.842328
1 -17.351187 2.090063
1 -17.364187 1.777743
1 3.425539 8.142196
1 9.147061 -13.226826
1 17.224966 -13.314152
1 4.805455 4.028750
1 1.510109 8.350306
1 1.822918 5.850823
1 16.153933 -11.782201
1 16.107914 -12.817449
1 14.423750 -17.891760
1 18.090521 -13.359456
1 18.156641 -13.304319
1 17.888647 -13.494662
1 -2.812609 -2.948010
1 3.005540 2.383914
1 2.910274 2.292797
1 16.893074 -11.442586
1 17.319338 -11.728419
1 17.074877 -11.478252
1 3.377559 2.489788
1 18.876627 -13.780768
1 4.130591 2.913510
1 11.353235 -20.676434
1 1.766150 9.869579
1 -11.899946 10.937480
1 22.858686 -15.501402
1 22.812294 -15.507664
1 3.173978 2.252894
1 17.235537 -11.848869
1 0.933627 8.040128
1 16.473738 -12.464610
1 3.986053 3.277817
1 4.526905 2.766178
1 22.391317 -12.841791
1 3.748253 3.192246
1 0.105106 -0.250257
1 1.153733 7.428257
1 1.779359 12.497081
1 16.994493 -13.475861
1 17.114202 -12.678765
1 -4.539932 14.688445
1 15.120902 -10.744156
1 16.022331 -11.381709
1 14.894693 -11.282486
1 15.221018 -12.816869
1 13.423795 -18.236979
1 -12.215223 0.177491
1 14.619390 -14.917665
1 0.165792 13.792723
1 15.222827 -10.503735
1 -16.999542 1.642497
1 3.192477 2.280696
1 16.343365 -16.689665
1 21.988474 -12.425793
1 21.941217 -12.383945
1 3.032507 2.649634
1 15.800670 -12.098958
1 -1.723321 13.831702
1 -0.012211 -0.573828
1 15.984710 -11.920884
1 15.138086 -12.955349
1 -3.827936 11.646909
1 16.414494 -12.419647
1 1.269182 14.666184
1 -9.366738 15.777575
1 17.582918 -13.677634
1 -0.268965 -0.668968
1 -0.017514 -0.668007
1 15.422578 -19.635649
1 20.049330 -16.057642
1 14.951079 -14.360208
1 4.133139 2.640616
1 4.284993 2.770159
1 16.975531 -12.900043
1 17.270775 -12.132672
1 7.747493 4.391053
1 0.703696 13.147282
1 0.947179 14.339140
1 1.817049 5.733556
1 18.391918 -13.978718
1 15.273268 -10.971526
1 15.352064 -10.878426
1 15.879133 -10.877526
1 16.049419 -11.925357
1 4.746898 4.154554
1 0.138767 -0.412129
1 16.290487 -17.093668
1 4.172458 3.810453
1 18.417904 -13.558994
1 16.793188 -11.231560
1 15.949995 -13.020476
1 4.359467 2.998681
1 3.026079 14.060410
1 20.985086 -15.176547
1 0.180010 13.790044
1 15.680739 -12.617585
1 1.143939 7.262490
1 0.387638 14.575832
1 16.445393 -12.602234
1 14.429815 -10.427535
1 1.862795 12.074264
1 0.847196 11.169893
1 18.415005 -13.806654
1 16.886429 -11.941028
1 2.915159 2.508802
1 -7.564334 15.989881
1 -0.784810 -1.435451
1 17.635180 -12.608129
1 2.672143 13.868660
1 0.890770 7.989469
1 -16.853870 1.513279
1 16.197300 -12.609580
1 0.455689 13.547929
1 15.494287 -13.883835
1 16.361261 -2.821302
1 15.561975 -10.552099
1 3.816359 2.913737
1 16.738010 -11.469053
1 17.247417 -10.969710
1 0.304445 7.554649
1 -16.336731 1.283723
1 16.248564 -11.884701
1 14.445806 -10.897814
1 -11.741044 12.301076
1 -11.766179 12.273252
1 17.119719 -13.437171
1 15.201119 -11.623402
1 3.787997 3.387446
1 3.918973 3.504120
1 16.149675 -11.321901
1 16.548639 -11.756672
1 -0.062475 13.726927
1 15.837636 -13.048665
1 15.784235 -10.691017
1 15.651587 -10.950298
1 16.066116 -12.787057
1 16.180136 -12.774078
1 17.198523 -11.967623
1 4.028855 2.206126
1 15.210247 -12.921353
1 20.833006 -15.164643
1 16.427261 -12.598045
1 12.381245 -18.912720
1 16.670214 -12.703716
1 16.562387 -11.085217
1 16.109699 -17.487013
1 4.361846 1.943379
1 -9.789511 14.940995
1 2.697612 12.797867
1 2.554957 2.925559
1 14.953828 -10.415998
1 17.232523 -11.460349
1 19.240164 -15.714792
1 16.087839 -11.010530
1 17.173531 -10.716571
1 3.622568 4.270015
1 -1.181051 12.596097
1 16.776003 -12.585885
1 15.490101 -11.096984
1 -11.347525 0.987844
1 14.513986 -10.184175
1 16.787167 -12.160177
1 1.211049 14.820470
1 3.251814 2.282957
1 15.223822 -11.969615
1 3.990276 3.456032
1 -17.999296 0.882883
1 2.992403 2.192170
1 15.463079 -11.845560
1 14.701586 -11.050062
1 -15.816158 0.223541
1 4.306539 2.508298
1 14.709257 -10.463443
1 16.823204 -10.738441
1 5.172121 2.011774
1 16.725237 -12.696535
1 -15.977878 1.579518
1 0.519579 10.079097
1 0.217195 11.775037
1 -14.035997 9.680169
1 6.331922 -16.582966
1 -2.410097 14.262534
1 -16.893082 10.838896
1 1.431202 12.582877
1 3.922624 2.174374
1 -16.926239 1.457765
1 -1.240051 11.321818
1 15.246268 -11.053965
1 14.940561 -10.654706
1 15.682395 -11.688529
1 16.848730 -12.787459
1 3.570711 2.958057
1 15.477160 -9.774909
1 16.935680 -12.841586
1 2.972821 2.373558
1 15.986506 -12.415383
1 17.299629 -11.916087
1 3.314797 2.416581
1 -9.360947 16.493706
1 3.067214 2.239511
1 3.082139 2.193225
1 16.269556 -12.979134
1 -21.269499 6.258198
1 4.221890 3.332286
1 17.509418 -12.758390
1 3.780366 3.350199
1 15.669630 -10.492872
1 -3.199023 14.323381
1 16.426336 -17.354980
1 0.560794 14.417751
1 14.716860 -10.635085
1 3.195397 2.530758
1 3.135281 2.265232
1 14.335193 -10.950806
1 17.424046 -12.546979
1 16.473469 -11.469497
1 3.108870 2.703824
1 17.023172 -11.778865
1 17.160555 -11.713683
1 16.333008 -17.226744
1 3.340606 2.521120
1 15.365222 -12.165280
1 2.985207 2.649827
1 -1.771756 -9.977915
1 15.849990 -12.223405
1 1.197319 11.949436
1 1.060647 11.746328
1 0.825064 11.946781
1 3.240743 2.325024
1 -11.831162 12.351559
1 -16.322803 0.658196
1 -20.372904 6.202302
1 0.486416 12.313147
1 -11.542330 12.115370
1 0.909445 11.805676
1 6.801509 -14.949469
1 2.831033 1.785426
1 15.126952 -10.178424
1 1.175649 11.661403
1 -16.320938 0.476900
1 -16.095747 0.336544
1 1.084774 11.743217
1 20.677929 -18.073406
1 1.161767 11.843151
1 1.498478 11.919521
1 0.835340 11.488948
1 1.219294 11.656354
1 0.318311 -0.233146
1 1.278695 12.063867
1 -16.150528 0.563356
1 14.954369 -10.241030
1 -11.599118 12.154987
1 3.160195 2.431772
1 14.906800 -10.283563
1 14.747904 -10.238372
1 -11.829115 12.132375
1 14.749180 -10.287712
1 -16.164206 0.408107
1 -11.604384 12.104221
1 3.053622 2.592440
1 0.645274 12.540799
1 1.460312 12.109527
1 15.737250 -12.074817
1 2.901913 2.406883
1 14.887890 -10.284774
1 1.386433 12.469328
1 3.026875 2.516530
1 -16.349129 0.591981
1 1.260111 12.064653
1 2.939209 2.393488
1 14.817695 -10.034185
1 1.367477 12.052504
1 1.307910 11.860612
1 -16.609594 0.843486
1 2.979932 2.402265
1 2.939770 2.360200
1 14.866670 -10.310432
1 14.825330 -10.455868
1 15.046333 -10.021645
1 3.396564 1.940766
1 0.813826 11.463956
1 3.205839 2.487540
1 0.356187 -0.439124
1 14.836606 -10.264126
1 10.520320 -14.297620
1 14.748631 -10.182093
1 -11.564481 12.289940
1 14.960553 -10.333129
1 15.743274 -12.307134
1 3.180534 2.356298
1 3.782596 2.085620
1 18.606602 2.622658
1 15.539990 -12.127655
1 2.735933 2.113049
1 14.771352 -10.426072
1 3.190803 2.479396
1 15.956873 -12.297323
1 1.192308 11.773124
1 14.769634 -10.431726
1 14.740088 -10.385251
1 14.859151 -10.462847
1 14.912521 -10.514113
1 -11.633424 12.038297
1 3.171447 2.413844
1 14.718240 -10.304116
1 14.986517 -10.432391
1 15.740823 -12.027803
1 3.102921 2.325574
1 3.457735 2.235386
1 14.856587 -10.522633
1 1.315585 11.946750
1 15.625264 -12.579327
1 3.334772 1.977609
1 14.921709 -10.357164
1 3.424042 2.246605
1 3.316765 2.181755
1 3.677888 2.134416
1 15.058467 -10.268487
1 14.690329 -10.106160
1 15.008826 -10.079418
1 3.243923 2.457753
1 15.650354 -12.182776
1 14.740138 -10.264173
1 14.919273 -10.494889
1 15.494128 -12.183877
1 21.006292 -17.633406
1 15.682130 -12.275775
1 15.634213 -12.241449
1 3.318695 2.243814
1 14.974426 -10.365664
1 14.902745 -10.430983
1 3.311520 2.086673
1 15.672988 -12.361090
1 24.137917 -6.380275
1 -19.868444 5.435834
1 14.793283 -10.434498
1 14.587262 -10.144541
1 -16.230587 0.775648
1 21.794689 -11.557903
1 0.165976 -0.230354
1 -11.570909 12.218231
1 -11.632218 12.230469
1 14.694319 -10.304132
1 14.812433 -10.167088
1 -0.529637 -6.589819
1 15.591290 -12.017156
1 15.146402 -10.150104
1 15.795492 -12.100839
1 2.715332 2.967968
1 3.450082 2.407430
1 3.315732 2.358340
1 -11.622855 12.110777
1 3.333472 2.314893
1 14.986650 -10.128781
1 -11.740275 12.300724
1 3.433149 2.438042
1 14.847636 -10.205403
1 14.934080 -10.366561
1 -12.883757 9.375182
1 18.157534 -11.691229
1 3.296407 11.675848
1 0.631934 7.753199
1 5.162432 9.417827
1 16.025055 -13.096013
1 -11.861359 10.419737
1 -3.697963 3.739551
1 0.144624 13.950663
1 -1.955976 -2.593672
1 3.114176 6.283353
1 8.929051 4.943127
1 8.854802 4.927443
1 4.873044 2.562397
1 3.601133 7.419052
1 -15.160631 1.748931
1 -2.560585 -7.550160
1 -5.129574 -6.464793
1 -4.544230 -5.911621
1 4.078494 3.477067
1 2.358683 10.779582
1 2.056627 10.499689
1 -17.104919 7.127344
1 0.653557 7.745132
1 15.420297 -12.590202
1 -3.611881 -6.584893
1 -14.930733 1.264093
1 -1.449385 13.110495
1 -1.223592 13.392573
1 -12.326547 10.969574
1 -12.129947 10.925998
1 1.472948 14.554848
1 -3.184730 -2.891323
1 3.595348 -7.695035
1 18.842045 -8.308331
1 14.874200 -11.849937
1 15.478746 -11.286104
1 3.377889 6.842096
1 1.664163 15.236062
1 -0.279409 4.346440
1 2.959084 12.680423
1 0.953461 9.523469
1 3.195648 8.649640
1 -11.909625 0.609822
1 1.684811 14.949058
1 -15.243597 0.280449
1 2.773946 10.849708
1 0.871031 9.523180
1 3.802884 7.550405
1 0.909172 8.256739
1 -12.228951 14.226341
1 -4.710360 15.457273
1 -3.270391 14.674390
1 0.878867 11.841191
1 -15.254509 0.809803
1 18.560505 -14.734753
1 0.108162 11.132057
1 4.503953 5.492556
1 3.063164 12.614115
1 19.147854 -15.600376
1 4.359981 3.860330
1 0.392032 8.866465
1 1.669576 13.765421
1 -17.072460 1.477923
1 -1.983426 -3.856462
1 -1.946660 -3.885198
1 -15.812289 0.987504
1 2.724280 12.053469
1 13.795086 -14.806336
1 2.039954 13.507454
1 19.103458 -6.460929
1 1.476379 14.739217
1 1.591948 14.959842
1 4.044687 3.263245
1 -9.208420 15.723083
1 -11.918697 1.029679
1 1.134644 9.658864
1 -15.400987 0.922182
1 -7.701123 16.249372
1 3.307615 2.474636
1 -2.005944 -3.641764
1 -11.444345 11.709182
1 16.128874 -12.282225
1 -11.361969 11.770633
1 2.636941 2.436721
1 -0.347650 11.544770
1 0.768490 9.034204
1 3.346108 2.558685
1 18.605232 -9.047104
1 0.072611 16.321642
1 0.090219 16.315445
1 -11.555545 12.255894
1 2.052232 13.660701
1 2.428534 10.751905
1 1.561681 11.603567
1 -5.090992 -5.557824
1 -12.247941 11.240065
1 2.344477 14.982172
1 0.566182 13.390385
1 4.691267 1.878304
1 -14.891961 13.605415
1 1.492683 15.036160
1 -11.134327 0.926675
1 1.842583 15.249651
1 -15.085227 1.859122
1 3.164399 9.484776
1 3.423106 12.643360
1 3.363883 12.583343
1 -1.203055 13.830352
1 -15.620531 1.917493
1 -15.502160 1.732053
1 1.741611 15.355638
1 3.910268 2.051197
1 15.959997 -13.049556
1 -1.243921 12.773653
1 -2.275893 -3.806195
1 0.881686 8.774722
1 3.003823 2.585222
1 3.023913 2.601913
1 -1.207235 11.159328
1 2.317539 11.405102
1 17.028740 -10.354369
1 1.107491 13.582087
1 -5.022861 14.824883
1 1.669808 15.276366
1 2.978969 10.548880
1 0.702805 12.327598
1 2.302647 1.924204
1 1.630999 15.127564
1 18.317774 -14.071084
1 1.263404 14.349272
1 -0.044812 13.814523
1 -8.804705 16.102404
1 -18.263809 -1.927899
1 -4.647868 -5.131928
1 0.106578 13.788487
1 -15.811261 1.792852
1 2.712311 11.134745
1 4.955823 1.784231
1 -9.555897 16.797932
1 -9.423341 15.139472
1 -2.499256 -13.886357
1 1.906527 15.782254
1 15.258342 -13.472000
1 14.913044 -14.626657
1 2.749457 11.458356
1 1.593136 15.118675
1 -14.826014 11.749550
1 1.405050 17.209795
1 1.408538 17.246384
1 2.378272 13.655184
1 -4.560107 -4.996116
1 1.801027 8.599088
1 6.031462 4.462110
1 2.175078 13.421383
1 -13.434891 10.489525
1 -13.274961 10.569203
1 2.357230 9.739273
1 0.606745 10.528684
1 0.548058 14.601976
1 -8.323462 15.712002
1 0.043937 16.366447
1 -8.199486 15.632475
1 16.538464 -11.238536
1 0.163061 12.092579
1 -17.592512 2.652747
1 -12.666917 11.061294
1 -13.122487 10.700454
1 3.686743 3.482808
1 1.337342 12.028900
1 -11.463791 11.883532
1 -13.357045 10.740294
1 -13.432510 10.655193
1 -1.500772 14.123937
1 -13.192975 10.619972
1 16.681299 -12.726664
1 -0.079129 11.207939
1 4.721461 2.426178
1 3.613970 8.019571
1 3.749420 7.996355
1 1.941677 10.212936
1 -0.468924 13.402632
1 0.464571 12.402270
1 -15.559228 0.008084
1 -13.222896 -5.261964
1 -4.619695 -4.999427
1 -3.261312 5.647262
1 0.517253 14.652149
1 0.483846 16.058987
1 14.501307 -11.454486
1 -4.467732 -4.963497
1 4.371305 2.722780
1 2.608793 10.544397
1 18.543324 -14.791153
1 18.362108 -14.549655
1 18.290228 -14.596617
1 -8.106194 15.800854
1 15.920993 -12.580840
1 -1.503561 -1.871596
1 -1.419185 -1.866528
1 -3.886087 15.720209
1 12.519601 -2.980974
1 4.287291 3.518022
1 2.935796 2.497538
1 18.336664 -14.537813
1 0.106511 10.735689
1 0.843763 10.300303
1 3.881584 1.962822
1 3.868606 6.867620
1 2.985841 6.006337
1 -1.880520 13.943495
1 -16.141754 0.506621
1 -10.710180 12.182770
1 0.141194 14.161398
1 1.748419 9.985487
1 -14.545192 11.732139
1 -12.428388 -7.246315
1 -11.679829 9.770373
1 16.632872 -12.204496
1 1.939979 10.167483
1 2.826022 10.940368
1 3.262046 14.291073
1 1.765198 14.891810
1 1.934914 13.349118
1 -3.110376 -4.130944
1 15.394864 -12.435758
1 0.705924 8.982094
1 2.628826 12.833159
1 -4.735373 -5.282837
1 3.369632 8.432076
1 2.290866 11.218737
1 -9.589950 17.997561
1 -4.825284 -5.466349
1 8.028920 0.195072
1 15.876661 -11.289252
1 16.142691 -12.025251
1 16.073666 -12.703625
1 0.700939 10.445399
1 -2.960432 -3.581358
1 0.959796 13.338271
1 2.743000 11.134644
1 1.465456 10.568387
1 4.165389 3.402380
1 0.491691 12.429390
1 15.756539 -18.226479
1 2.623535 12.646246
1 -2.784150 -3.780579
1 15.766171 -13.193232
1 18.111420 -14.332758
1 -0.920202 10.923681
1 -0.173713 11.926186
1 1.073059 14.402945
1 3.601550 12.830379
1 -0.024539 13.957853
1 0.368284 13.622568
1 -5.008696 14.994154
1 -3.012255 10.627047
1 15.126511 -10.392441
1 1.689796 15.131009
1 15.998256 -11.156490
1 16.587162 -13.428193
1 -9.169987 15.600050
1 -9.226033 15.683829
1 0.547919 14.427021
1 -2.147710 -2.896573
1 18.143169 -14.442528
1 2.047543 13.263856
1 -11.045280 12.579074
1 -2.296954 -4.206514
1 0.574598 13.943170
1 -0.185465 13.902261
1 0.828734 7.842000
1 14.818247 -13.573953
1 16.940250 -12.104769
1 16.810171 -12.087374
1 16.181656 -16.623589
1 15.592222 -13.306719
1 4.392279 2.784029
1 -12.969101 -5.139919
1 18.067831 -14.447821
1 -9.526441 16.359514
1 0.046727 11.134720
1 18.536352 -14.934172
1 18.129070 -14.321539
1 -16.139641 0.964375
1 -12.723141 -6.268601
1 2.612199 11.008006
1 16.682337 -12.416080
1 -13.191787 6.655999
1 3.858064 3.843108
1 15.970895 -11.247777
1 16.170448 -11.688536
1 18.247490 -13.900476
1 17.063711 -10.438778
1 -7.145996 15.879701
1 -7.386334 15.744254
1 -7.951701 15.618369
1 16.101934 -13.429361
1 4.163851 1.739308
1 1.815736 4.376352
1 16.781569 -11.783772
1 17.557606 -13.791186
1 4.718018 2.140178
1 21.946564 -1.143560
1 18.326643 -14.091289
1 4.661404 1.593486
1 3.982872 2.094207
1 19.177015 -15.558524
1 1.282723 10.769204
1 1.541930 8.532565
1 4.222318 1.858726
1 -4.603520 -11.971828
1 -4.897200 -4.724881
1 0.116567 -0.476347
1 0.730855 7.930161
1 -1.045945 12.972108
1 14.680711 -12.108904
1 16.080805 -12.933285
1 15.756838 -13.274171
1 18.120739 -14.805000
1 -2.896732 -4.363574
1 -8.877654 15.253822
1 -12.456141 11.200419
1 4.670394 1.595203
1 -8.096322 4.752687
1 1.452695 13.999448
1 16.679953 -12.713654
1 18.122833 -11.063398
1 -11.711533 11.612232
1 17.152737 -12.001193
1 5.033735 5.547348
1 2.772775 8.511447
1 17.681547 -13.936699
1 -1.743702 -2.787927
1 3.457076 2.572439
1 16.050837 -18.033968
1 16.932751 -12.190242
1 17.192406 -12.994593
1 3.680299 3.084136
1 -13.473825 -9.148776
1 -2.404706 -3.662864
1 1.766917 5.979140
1 3.759128 3.635055
1 14.808999 -11.888185
1 -2.436242 -3.497355
1 7.978059 11.711440
1 8.068816 11.668469
1 18.045666 -13.589255
1 -3.810666 14.394998
1 -3.527620 -4.299857
1 1.163308 7.947793
1 1.003829 8.216763
1 21.075285 -14.933519
1 -0.441530 13.878692
1 17.006849 -11.766936
1 -5.246460 15.018634
1 14.273659 -20.582668
1 -12.488178 -6.163480
1 -12.452719 -6.046766
1 1.122396 7.838544
1 -11.662166 12.644917
1 17.354441 -12.566614
1 -7.419208 16.213528
1 -15.750527 4.844646
1 19.309647 -15.730623
1 3.274033 4.516323
1 -1.570462 13.780442
1 0.454889 7.818646
1 1.954061 12.707068
1 2.846618 12.141410
1 -0.181103 14.228884
1 15.034091 -13.082914
1 -11.822890 11.995292
1 0.348296 8.077442
1 16.422171 -12.392936
1 3.038994 11.613495
1 3.645213 3.698638
1 -1.877107 -11.330181
1 1.061176 9.315460
1 15.486814 -12.324522
1 16.471409 -12.497049
1 0.351609 16.037291
1 3.379686 8.204556
1 16.880615 -11.557329
1 -1.968484 13.937870
1 0.239653 13.611918
1 4.523879 2.735206
1 -15.020297 13.533491
1 1.270570 7.531730
1 -1.000463 -7.819548
1 4.653291 2.741284
1 4.091001 3.415006
1 17.128746 -13.038939
1 18.541172 -15.258506
1 16.417107 -17.362814
1 15.401436 -11.665211
1 -1.948107 -6.213365
1 16.196894 -11.042481
1 2.132007 9.650558
1 16.385038 -11.679426
1 -5.438058 15.554633
1 12.289984 -18.709280
1 2.666119 12.046653
1 17.264692 -12.993891
1 9.860354 -1.519638
1 -4.669237 -4.779837
1 0.780538 12.255882
1 4.418189 3.035742
1 -4.193626 -5.026694
1 -8.384382 15.676775
1 -12.784081 -6.214295
1 -12.213921 7.804606
1 18.579258 -14.914174
1 1.044231 14.704495
1 -6.060616 15.853590
1 2.372559 10.994195
1 -5.312700 14.266476
1 2.427364 4.360772
1 -18.299183 -1.781931
1 -6.606608 12.915921
1 2.677966 14.756454
1 -9.709464 12.307428
1 0.359506 9.655670
1 1.991069 9.777992
1 16.264498 -11.972510
1 -6.156165 15.775725
1 -15.879565 1.956892
1 18.419216 -8.234520
1 16.133631 -10.370214
1 -4.224807 17.215130
1 -16.464441 -0.586176
1 0.810341 10.169538
1 3.002781 2.492034
1 3.990127 1.810155
1 16.986059 -11.587181
1 18.082745 -14.868521
1 -4.166046 -4.121141
1 1.707106 12.635196
1 16.544199 -11.308718
1 16.305943 -17.380945
1 17.299486 -12.025085
1 4.650535 1.478241
1 -17.235804 1.819946
1 -16.211220 0.883115
1 1.292209 14.134114
1 -4.393672 -5.749213
1 1.227798 7.218179
1 1.006663 8.172205
1 4.464320 2.735324
1 4.158103 3.324022
1 2.586045 11.549191
1 4.215799 3.635670
1 3.198827 14.400537
1 1.570049 9.626376
1 3.411249 14.513677
1 0.839275 10.672784
1 16.416271 -11.219823
1 17.636946 -10.933335
1 -0.492824 13.744843
1 5.310789 13.308750
1 16.371628 -12.948685
1 4.764001 1.426133
1 3.305562 12.774474
1 17.131100 -11.854306
1 -9.052364 15.736064
1 16.306925 -11.953972
1 -1.008086 14.187226
1 -16.995193 1.688665
1 -16.436695 1.720393
1 17.092373 -12.580811
1 0.231977 13.621198
1 -12.582043 12.747211
1 16.831470 -10.207088
1 16.892963 -12.175728
1 16.379648 -17.366386
1 -1.661434 14.839705
1 -0.425234 6.029934
1 0.954150 13.718498
1 -11.360232 1.118273
1 4.129812 2.748586
1 16.715860 -11.833640
1 2.297751 2.928040
1 -1.497360 14.337337
1 3.390829 2.625648
1 1.758661 8.324232
1 2.858595 2.024387
1 15.082470 -10.482093
1 1.764652 4.910133
1 3.875600 6.474053
1 3.772257 2.902578
1 4.359848 3.786927
1 3.055978 2.537941
1 16.603470 -11.618155
1 3.722231 3.355476
1 3.432936 2.675791
1 -12.307955 11.513391
1 -3.700750 -10.978653
1 3.468482 2.547508
1 16.201986 -11.715765
1 -0.075945 13.728887
1 1.909187 10.486114
1 -0.449924 12.041360
1 1.973447 13.613865
1 3.803475 3.108200
1 16.672489 -12.375440
1 1.207450 9.995114
1 0.603149 9.995642
1 14.635218 -11.844382
1 6.441335 6.511677
1 -0.691209 12.631447
1 -0.221011 11.673635
1 -12.243052 -6.532292
1 -12.288097 -5.802775
1 -16.719847 1.597403
1 -17.548897 0.712775
1 2.149945 -14.153130
1 -0.799813 12.171089
1 14.787540 -9.971784
1 -17.306377 1.936951
1 4.606557 2.970888
1 3.085359 2.335803
1 0.276024 11.221954
1 0.481735 10.149273
1 -7.588130 16.199451
1 1.430391 11.546173
1 -8.037268 14.554665
1 2.593540 3.151528
1 -18.347891 4.910517
1 2.951771 2.318044
1 3.606364 2.698063
1 3.676132 2.819570
1 1.855951 13.508297
1 2.455262 11.177752
1 2.452734 11.070539
1 2.095907 12.717984
1 1.426039 13.595345
1 3.308629 4.009687
1 3.751299 3.191893
1 18.021015 -14.336501
1 -16.895990 10.943238
1 3.908110 3.309929
1 1.643464 15.262587
1 6.977996 0.156698
1 -9.410539 16.678625
1 -12.775843 10.102690
1 -16.234001 1.228068
1 3.268969 2.118739
1 -1.869575 -2.752905
1 17.567556 -10.848113
1 15.148065 -12.681905
1 2.239381 10.322249
1 3.701329 2.984886
1 0.727611 11.766331
1 3.663100 2.369138
1 3.034116 2.256078
1 3.422049 2.211212
1 3.391011 2.545844
1 3.484944 2.293772
1 3.806474 3.264335
1 0.167218 12.649259
1 1.001428 11.853613
1 1.128457 11.995232
1 0.806790 11.342566
1 1.172730 12.088012
1 1.392067 11.572676
1 -4.857568 -4.961827
1 1.461695 11.700339
1 0.044701 11.202859
1 -4.927487 -4.867818
1 -4.788995 -5.193602
1 0.642725 11.651344
1 -4.679601 -5.275301
1 1.238993 12.190437
1 -4.993464 -4.784134
1 2.989627 2.521482
1 0.967786 12.018622
1 -21.476355 0.072946
1 1.368594 11.408924
1 3.400862 2.250261
1 0.648771 12.225890
1 0.751357 11.477549
1 1.246370 11.959828
1 1.170267 11.589369
1 1.289482 11.928392
1 1.847876 11.446692
1 1.016372 11.867475
1 -13.082986 10.524575
1 -13.181477 10.615671
1 -13.455604 10.585788
1 -13.072817 10.332117
1 3.039200 2.024778
1 -13.374567 10.470805
1 -13.178198 10.377725
1 -13.337836 10.222493
1 -13.221744 10.490712
1 1.204208 11.863368
1 -13.105570 10.367238
1 -13.357436 10.385544
1 -13.141819 10.487033
1 -13.122800 10.643998
1 -13.340002 10.303099
1 -13.219825 10.478462
1 -13.163518 10.366477
1 -13.280926 10.368176
1 -13.321507 10.521815
1 -11.108407 17.804695
1 -13.503686 10.556842
1 -13.221733 10.472460
1 -13.253334 10.485025
1 -13.236681 10.321083
1 -13.129831 10.499145
1 -13.333928 10.345079
1 -13.276053 10.502811
1 -13.442245 10.493498
1 -13.246076 10.427696
1 -13.298218 10.363508
1 -13.520081 10.599714
1 1.650718 12.415300
1 1.349007 11.680389
1 3.034697 2.435567
1 0.971144 12.026538
1 1.188232 11.585134
1 1.506801 11.757257
1 0.872265 12.085679
1 1.366252 11.775868
1 -0.589467 -8.769999
1 1.356804 11.581233
1 1.310522 12.194419
1 0.889057 12.235880
1 1.672986 11.657306
1 0.676363 12.349304
1 2.036011 11.668818
1 -4.967775 -10.182395
1 1.757843 11.463367
1 0.991284 11.567753
1 1.838198 12.652202
1 1.068603 11.988995
1 0.822026 12.057358
1 -4.717894 -5.126809
1 1.027082 11.863275
1 1.367756 12.699306
1 -11.734348 12.288924
1 1.951169 12.686819
1 1.438843 11.749610
1 1.351272 12.328698
1 3.289734 2.324800
1 -12.299678 -5.846674
1 2.960136 2.178602
1 16.416096 -11.671690
1 3.210150 2.310836
1 1.233342 12.011246
1 16.388016 -11.414216
1 1.057121 11.926426
1 3.515277 2.531683
1 3.243851 2.045083
1 3.059231 2.317554
1 0.535030 12.337543
1 3.250734 2.311846
1 1.145348 12.169340
1 3.192770 2.150711
1 1.146048 11.962256
1 3.325051 2.349033
1 1.154732 12.247300
1 -11.957962 -5.893250
1 3.422533 2.306686
1 -11.826230 12.242546
1 1.326534 11.572836
1 18.358431 -24.042025
1 -12.233179 -5.940954
1 16.396219 -11.372562
1 0.157189 -0.284147
1 3.381566 2.416116
1 0.355254 -0.410312
1 3.027197 2.454427
1 1.777966 11.434563
1 24.539959 -6.856926
1 0.916853 12.261426
1 3.382006 2.510472
1 1.904911 11.384968
1 16.520922 -11.193109
1 0.167149 -0.178394
1 3.285677 2.506382
1 0.987215 12.080443
1 3.274000 2.269852
1 1.466074 11.773866
1 2.880096 2.497580
1 1.495382 11.665610
1 -4.772145 -5.079591
1 -11.561023 12.074335
1 -0.004439 -0.315465
1 3.211884 2.239908
1 1.984038 11.566110
1 1.438833 11.852948
1 2.977200 2.227761
1 16.406776 -11.519051
1 16.393023 -11.318549
1 3.443765 2.534292
1 1.545027 12.188526
1 3.253943 2.291878
1 16.288820 -11.399366
1 -11.716578 12.262589
1 16.388208 -11.606702
1 3.219381 2.044110
1 -11.576919 12.040525
1 3.047905 2.170837
1 1.741647 11.717443
1 -0.614702 -11.139745
1 3.065048 2.502387
1 3.072695 2.370336
1 3.136767 2.366365
1 -4.778179 -5.115977
1 3.342785 2.312947
1 3.232285 2.155044
1 3.526813 2.235508
1 3.087259 2.494425
1 1.005090 12.057212
1 3.342917 2.041342
1 1.632902 12.158460
1 3.131220 2.308769
1 -11.577787 11.994476
1 3.081291 2.203325
1 1.561065 12.593006
1 15.154072 -10.226612
1 2.966768 2.781457
1 0.967543 11.934383
1 3.275989 2.373966
1 3.112487 2.496309
1 16.551304 -11.578438
1 16.306383 -11.284720
1 -17.078754 -8.616088
1 -16.395056 0.641109
1 0.742741 12.079112
1 0.237666 -0.113491
1 0.171850 -0.251047
1 0.575283 11.928727
1 1.598679 11.422185
1 1.732954 12.424569
1 3.195103 2.206206
1 3.006750 2.511855
1 -11.716580 12.155005
1 3.355221 2.379996
1 2.832687 2.119382
1 -11.707433 12.108042
1 1.357846 11.881744
1 3.445129 2.095170
1 3.542116 1.820959
1 1.507513 12.031056
1 2.897772 2.062686
1 -20.091724 5.245417
1 3.021784 2.242586
1 3.281039 2.280965
1 1.388478 11.878145
1 3.104243 2.174715
1 1.706785 11.463955
1 1.113396 11.809108
1 2.979346 1.933873
