3564
1 -11.967982 0.192034
1 17.229347 -11.931705
1 18.741774 -15.085279
1 15.844970 -13.370609
1 -2.029474 -3.291100
1 14.309263 -17.913595
1 -0.068841 8.935280
1 18.475851 -14.740454
1 4.124619 3.687253
1 4.099778 3.682333
1 4.337419 2.925756
1 4.757459 1.626617
1 5.009974 1.990868
1 4.842084 1.817469
1 1.644148 15.256992
1 1.769614 15.166551
1 1.749291 15.109878
1 3.218755 7.883022
1 0.358895 8.169915
1 -2.196747 -4.048477
1 -2.237950 -4.100092
1 0.670391 14.455413
1 0.508177 7.962485
1 -11.327337 1.147020
1 0.829140 10.129217
1 1.671885 14.145039
1 -7.952296 15.549816
1 -11.107498 0.928721
1 1.906142 10.082969
1 3.705478 7.758779
1 3.441989 7.895959
1 4.378320 3.387033
1 2.115122 8.231586
1 2.728940 8.212262
1 0.962263 13.639506
1 17.947197 -2.663180
1 3.953285 3.785902
1 1.562180 15.030939
1 -0.912788 -8.661259
1 2.945307 12.656279
1 4.341017 5.269078
1 -0.328009 13.876540
1 2.204846 5.247110
1 0.891582 8.856025
1 18.544580 -14.717161
1 18.753418 -15.057525
1 2.076894 9.404184
1 -1.504635 -3.821969
1 14.777921 -12.183522
1 3.336222 3.110483
1 0.845551 8.706794
1 0.562305 7.596679
1 -0.592141 13.584405
1 2.251003 11.234962
1 1.774373 15.042870
1 -8.759230 16.287220
1 15.182209 -10.487107
1 15.989049 -18.637703
1 -1.347003 14.443684
1 -14.716682 0.249197
1 -1.849210 -4.000648
1 2.044670 13.409717
1 15.955345 -13.196740
1 16.200712 -12.481418
1 -11.747442 1.336293
1 -15.792190 0.493677
1 3.675495 3.161057
1 -15.464990 1.745546
1 16.362038 -17.338257
1 -0.233153 13.978382
1 15.541185 -9.673170
1 0.907580 10.212034
1 12.308703 -18.751755
1 -10.339494 12.373309
1 -0.379251 -0.834502
1 -7.593415 15.801062
1 0.758261 14.542702
1 1.658528 13.972291
1 4.687696 2.736665
1 1.039715 7.504488
1 16.816805 -12.391528
1 15.624155 -12.277326
1 16.339848 -13.100863
1 16.541824 -13.131227
1 -9.501953 14.632648
1 16.774427 -11.053448
1 16.656267 -11.383140
1 -2.249035 -4.051923
1 0.508042 11.981248
1 -0.676886 12.599201
1 14.523745 -10.485602
1 0.821033 8.957578
1 0.154150 8.716829
1 1.069635 8.429172
1 1.192443 8.507356
1 0.846577 14.478209
1 -3.863626 15.674762
1 0.843675 7.619623
1 4.621119 2.370823
1 0.915001 9.008587
1 -4.296790 17.245274
1 -2.757541 -3.049569
1 2.882139 12.761588
1 17.066906 -11.799895
1 20.162039 -12.044315
1 17.093405 -11.834411
1 -0.310171 13.306822
1 -9.820609 15.007495
1 14.850235 -13.390550
1 16.459284 -12.883418
1 16.422781 -12.802969
1 -3.396157 -4.514548
1 1.871520 10.580153
1 -15.556563 0.906461
1 15.248390 -13.446064
1 -3.575836 14.303264
1 1.558532 6.546252
1 1.776422 5.979170
1 0.676499 9.758188
1 2.079226 10.619212
1 -1.484102 -2.115293
1 -3.700098 -11.027969
1 2.694037 14.636994
1 3.192518 8.113236
1 -0.816025 13.968608
1 -17.311480 2.290238
1 -0.265366 13.788565
1 -1.820856 14.903670
1 0.247788 13.564577
1 -12.532567 11.255687
1 16.714504 -12.260187
1 17.736496 -13.169333
1 17.557959 -12.803658
1 0.760859 8.904134
1 0.812402 9.052595
1 0.771214 9.056925
1 2.739993 11.000435
1 3.708303 3.417797
1 1.127407 9.512593
1 1.974028 9.653830
1 17.374735 -11.648468
1 5.588761 2.503056
1 -16.044594 -0.266714
1 0.396688 13.668055
1 16.796497 -10.898635
1 -16.761045 1.793858
1 17.786139 -12.048515
1 16.873106 -10.186444
1 -0.365477 12.886288
1 -3.888761 14.761763
1 -4.368824 14.716438
1 2.715911 14.462540
1 0.336007 13.893274
1 0.722992 12.968717
1 -1.628583 -2.048194
1 -1.466084 -1.971286
1 -5.341305 14.925556
1 14.051270 -11.359885
1 -15.910505 1.596799
1 4.197308 3.381655
1 1.717959 8.279364
1 -5.355257 14.955498
1 -15.955719 1.201345
1 0.923049 14.083415
1 -0.311438 11.849594
1 0.510390 14.200852
1 16.332428 -12.852184
1 0.776504 8.931984
1 0.115528 8.223185
1 16.911436 -12.055979
1 16.751810 -12.037746
1 -0.931602 12.868970
1 -16.509762 0.395073
1 0.423485 7.900355
1 2.869988 12.844503
1 17.154318 -12.884089
1 -4.838774 14.133001
1 15.391899 -12.534535
1 15.335977 -12.367725
1 -3.188818 -3.867853
1 3.929316 2.736944
1 0.770507 8.867158
1 -9.113503 16.362278
1 -16.256821 2.402166
1 2.461768 11.155937
1 15.803582 -11.019502
1 14.910581 -13.194441
1 16.847931 -12.805021
1 0.832066 13.874911
1 0.527326 14.411704
1 2.903311 11.464691
1 16.157637 -11.311535
1 -0.306080 11.981460
1 3.076335 12.613949
1 14.657373 -11.969960
1 14.854623 -11.749058
1 17.113110 -11.678336
1 0.334648 15.914319
1 0.981189 8.032613
1 1.626204 9.953713
1 2.455233 14.430094
1 3.794814 3.256548
1 -1.196048 8.629453
1 -0.549880 13.644377
1 1.896870 10.551805
1 4.566785 1.730418
1 0.928128 9.404757
1 14.991695 -13.613453
1 14.468702 -11.114666
1 14.307596 -11.248550
1 -6.544125 14.512176
1 16.182835 -17.885885
1 16.344505 -11.482487
1 4.188543 3.568933
1 16.910093 -9.811310
1 4.343787 2.079990
1 4.553370 2.905055
1 -15.942710 0.527259
1 16.594028 -10.322647
1 16.521362 -11.569218
1 15.998349 -11.305932
1 3.460355 2.249368
1 15.559361 -13.115278
1 4.272121 2.184177
1 4.372012 2.912327
1 2.826164 2.614661
1 15.246464 -19.393768
1 3.757204 1.926911
1 17.268280 -11.972226
1 3.581290 2.659055
1 18.245155 -14.628579
1 14.707773 -14.525079
1 0.380385 13.105052
1 3.201706 2.256058
1 -7.435175 16.200228
1 -9.611164 17.103838
1 0.375264 7.549246
1 -4.918182 14.342220
1 17.002077 -13.264151
1 -2.175230 -3.441211
1 17.248501 -12.026237
1 17.033604 -12.302852
1 1.518225 4.755849
1 15.871628 -11.005815
1 -5.054880 15.478761
1 0.956786 6.932183
1 17.000414 -13.423560
1 6.349200 -16.570663
1 -16.172348 1.262381
1 -2.048998 -2.652656
1 0.777449 8.998365
1 -11.888538 1.138286
1 3.556793 2.747406
1 15.064005 -19.284439
1 15.062253 -10.519250
1 16.095676 -11.628800
1 16.127499 -12.108625
1 16.338327 -12.198871
1 3.014555 8.161339
1 16.543406 -12.612206
1 0.653852 7.534079
1 0.514378 7.780833
1 -15.602641 0.337877
1 0.150961 -0.423417
1 17.269976 -11.021483
1 17.152351 -11.434616
1 0.540527 14.361136
1 17.167662 -11.540347
1 17.207077 -11.661120
1 16.287979 -12.042709
1 3.312174 2.506839
1 17.198021 -11.717149
1 17.369278 -13.360898
1 -11.935389 11.173321
1 16.244408 -17.446934
1 15.097855 -10.396039
1 1.945494 9.884834
1 2.689770 11.074384
1 7.969295 1.175077
1 15.211600 -12.787597
1 -10.919447 11.893968
1 3.984761 3.254249
1 17.214090 -11.695886
1 17.284283 -10.736614
1 -0.185395 -0.655187
1 -16.041759 1.190230
1 1.016179 8.309546
1 22.348190 -12.816572
1 22.354872 -12.820003
1 3.682457 3.094429
1 1.550713 4.637830
1 -18.590326 -1.334231
1 4.185061 3.730034
1 -3.201964 14.842337
1 16.350700 -12.184536
1 16.367264 -12.983807
1 17.469593 -9.724540
1 16.715887 -11.338838
1 0.746213 7.678146
1 -1.693106 -3.227329
1 1.045269 7.721035
1 -11.356338 0.358182
1 0.835632 8.810303
1 16.169928 -16.892445
1 -16.858135 1.572596
1 -0.331792 -0.657677
1 19.261181 -15.706683
1 -5.026193 15.206556
1 3.320152 2.851747
1 2.922309 2.172045
1 16.198023 -17.575104
1 16.623499 -12.167145
1 3.445537 8.087672
1 -15.629300 1.557067
1 3.916959 3.573147
1 3.249339 3.591121
1 17.168652 -12.125550
1 4.169003 2.587240
1 -9.417970 15.678256
1 -14.556049 -5.331564
1 -17.721600 -2.611239
1 15.222232 -11.524918
1 4.427353 2.864941
1 16.104528 -12.632877
1 17.172689 -11.579744
1 3.903278 3.211133
1 16.614765 -11.879253
1 12.306711 -18.775467
1 16.929255 -11.701577
1 0.189472 7.992083
1 -8.905234 15.670114
1 0.047155 14.162472
1 4.057367 3.536383
1 16.549126 -17.157444
1 16.427561 -11.675012
1 14.548176 -10.872931
1 -16.429050 0.553847
1 14.739799 -11.056208
1 14.468671 -11.386974
1 2.517006 6.828334
1 3.269410 2.012289
1 -2.411256 15.245976
1 15.375155 -11.542449
1 3.842121 2.696615
1 -2.129289 14.017540
1 -18.124811 0.758969
1 17.285278 -12.179192
1 16.649725 -11.761866
1 -5.209259 15.073112
1 -15.892140 1.496594
1 -8.660676 16.181278
1 12.224269 -2.717906
1 -11.677745 10.207288
1 0.328104 10.328950
1 14.541246 -10.918962
1 16.352289 -11.451204
1 -16.284224 -0.019004
1 0.714989 10.075344
1 2.808844 -11.677943
1 16.645443 -13.132059
1 16.453648 -11.764432
1 14.626377 -10.831811
1 15.948332 -16.638832
1 12.379707 -18.623695
1 16.547672 -11.404682
1 16.566483 -12.799250
1 3.782073 10.668353
1 17.259655 -12.141814
1 1.200004 10.766365
1 17.068960 -10.969528
1 5.921292 -15.566267
1 0.787230 8.538163
1 16.574503 -11.670399
1 -0.630733 9.202441
1 3.265097 2.676348
1 -9.027705 15.949086
1 -2.784799 15.357977
1 16.054014 -11.386856
1 15.936193 -12.817798
1 0.387879 15.924013
1 -1.823384 -3.513813
1 17.011957 -13.027398
1 1.009823 10.133997
1 18.005371 -14.308167
1 6.271657 14.155040
1 -12.274534 11.602609
1 16.741932 -12.889453
1 0.930087 8.771157
1 1.060760 2.292479
1 1.125123 7.632935
1 12.301073 -18.764143
1 -12.247147 11.115592
1 3.639617 3.540928
1 -9.127395 17.828444
1 16.919384 -11.830924
1 16.941261 -15.053730
1 -5.444305 15.372688
1 18.230511 -13.621979
1 17.144602 -11.065655
1 14.670848 -11.837288
1 -0.732566 -1.521232
1 -10.459999 12.395907
1 10.783721 -18.695604
1 16.261269 -17.661900
1 16.887707 -12.182406
1 16.461285 -11.807441
1 1.480351 0.796446
1 -3.549937 14.194189
1 15.302305 -11.142401
1 1.583534 8.375578
1 15.505820 -11.802142
1 -17.134907 1.661478
1 -6.523718 16.590464
1 0.856711 10.134686
1 -16.552914 10.826031
1 15.979013 -11.166554
1 4.040707 3.881841
1 16.795134 -13.020212
1 17.277586 -11.836228
1 15.148645 -10.371380
1 -15.538208 1.369500
1 3.794820 3.189248
1 16.714148 -11.637093
1 15.982244 -13.957767
1 16.503910 -11.532518
1 15.812906 -17.288486
1 18.259413 -14.407712
1 -17.635952 0.696069
1 1.874874 5.031397
1 3.420020 4.326701
1 14.638110 -10.256940
1 3.192528 2.424310
1 16.659235 -11.223421
1 4.301853 3.646818
1 22.646467 -13.480363
1 3.779413 3.185934
1 3.196076 2.269446
1 22.646296 -13.447102
1 3.829311 3.216815
1 2.989290 2.192989
1 5.422804 1.850655
1 -8.952645 16.966385
1 -0.492707 3.067741
1 5.030273 2.154715
1 0.363481 11.287215
1 0.185149 12.576437
1 15.007798 -10.610615
1 16.966137 -12.534221
1 17.473467 -12.972085
1 0.704356 8.423100
1 14.821188 -12.727123
1 -0.103424 14.234630
1 3.990992 3.080974
1 3.476196 2.691288
1 -16.235376 1.171979
1 -6.422561 16.733612
1 3.721510 3.294899
1 -0.351705 15.384077
1 17.325359 -12.390690
1 -7.084220 16.156210
1 -16.785673 10.668524
1 -9.449004 16.468880
1 2.922281 2.272752
1 14.502743 -10.703485
1 3.884772 3.138154
1 3.365349 3.196820
1 16.363224 -11.263131
1 4.575282 2.715436
1 3.373805 3.839889
1 3.233454 3.609709
1 15.697102 -11.409051
1 -8.996401 16.038374
1 3.147915 2.450935
1 10.030951 -6.949205
1 17.112059 -12.268792
1 15.640310 -12.435436
1 16.537144 -11.125182
1 0.140179 13.259198
1 -16.643301 11.068933
1 3.551082 2.720307
1 4.240140 3.269863
1 16.210854 -10.811862
1 16.562769 -12.048190
1 16.894209 -19.607218
1 16.448843 -11.647900
1 1.059016 12.310004
1 1.466468 11.954968
1 0.967739 11.570887
1 1.078426 12.537412
1 0.729253 11.287739
1 -16.240322 0.625048
1 1.090773 11.806337
1 16.379288 -11.528597
1 14.800595 -10.321591
1 16.379299 -11.342146
1 1.187666 11.726866
1 1.467508 12.143277
1 3.291331 2.299711
1 0.973980 11.804999
1 14.864375 -10.029337
1 1.022465 11.971703
1 0.893065 11.781490
1 14.714311 -10.403884
1 1.036200 11.911878
1 14.897712 -10.202312
1 16.373642 -11.536173
1 3.151373 2.616739
1 1.343130 12.097322
1 1.342853 11.912580
1 -16.311682 0.817960
1 3.238733 2.615157
1 1.583211 12.679010
1 -19.655087 6.676692
1 14.731442 -10.227776
1 2.902265 2.561296
1 3.106001 2.108840
1 14.729525 -10.296955
1 0.216524 -0.321350
1 3.119171 2.504426
1 16.728930 -11.693857
1 3.454441 2.665034
1 -11.754696 12.115127
1 1.163679 11.773664
1 16.409586 -11.515397
1 16.328842 -11.385313
1 14.941274 -10.259692
1 14.761132 -10.446425
1 14.663862 -10.391985
1 14.617635 -10.245358
1 22.517736 -11.274715
1 14.925424 -10.237391
1 -11.676360 12.084827
1 3.435504 2.079435
1 16.573498 -11.295639
1 16.358892 -11.406132
1 3.073276 2.464966
1 0.249188 -0.130287
1 3.206648 2.254431
1 0.216592 -0.359333
1 16.403282 -11.486800
1 3.384434 2.321681
1 -20.333515 4.785045
1 3.268869 2.725585
1 14.758250 -10.466406
1 1.205374 11.243752
1 3.286479 2.383390
1 16.421839 -11.512916
1 3.148518 2.220072
1 0.347233 -0.148802
1 0.356787 -0.474907
1 3.333727 2.222913
1 -19.872681 6.062857
1 3.038847 2.777249
1 16.317804 -11.331076
1 14.599414 -10.410706
1 0.103291 -0.482539
1 15.011357 -10.177358
1 2.940300 2.263139
1 16.459372 -11.474018
1 16.389042 -11.649400
1 3.057327 2.374384
1 0.383174 -0.151865
1 3.108614 2.583050
1 2.985633 2.321201
1 3.027223 2.450811
1 19.601839 -18.159426
1 14.965152 -10.379966
1 -11.654862 12.176569
1 -13.684305 22.337141
1 2.949757 2.097446
1 16.397715 -11.513988
1 16.447132 -11.490022
1 1.142772 12.190453
1 14.760772 -10.451883
1 3.380300 2.457988
1 1.071329 11.486276
1 16.375629 -11.345452
1 16.436369 -11.413014
1 16.635107 -11.486590
1 14.889256 -10.278206
1 3.016792 2.313802
1 16.445856 -11.476630
1 3.218611 2.317840
1 2.861548 2.608736
1 3.331884 2.360110
1 3.106430 2.102985
1 14.858985 -10.835449
1 14.783953 -10.228300
1 15.032413 -10.250070
1 3.343962 2.131934
1 2.956269 2.399559
1 3.043931 2.295718
1 14.823611 -10.424356
1 14.803106 -10.184994
1 14.800144 -10.385189
1 14.961625 -10.534703
1 14.788707 -10.439607
1 14.913841 -10.047888
1 21.979204 -16.492609
1 3.077740 2.418952
1 14.878248 -10.260012
1 14.728161 -10.243356
1 14.725514 -10.394825
1 -20.289192 5.131724
1 0.367013 -0.343731
1 3.208358 2.505658
1 -11.926612 12.314157
1 -16.439610 0.374944
1 3.347736 2.038338
1 14.939682 -10.209881
1 14.892949 -10.641327
1 14.913612 -10.186468
1 2.894855 2.130454
1 14.677268 -10.346202
1 14.891665 -10.439309
1 1.342311 11.610897
1 -16.248398 0.810123
1 -11.776510 12.191889
1 16.257631 -11.329082
1 0.331060 -0.455006
1 3.359235 2.315664
1 3.372827 2.580961
1 3.049705 2.658362
1 3.051236 2.093860
1 -5.607253 -10.484710
1 3.280943 2.203019
1 -11.734247 12.129635
1 3.209725 2.506181
1 2.786171 1.922750
1 3.169417 2.314841
1 3.249879 2.340941
1 -0.353162 -5.125945
1 3.283234 2.427037
1 3.149303 2.310019
1 3.355178 2.547057
1 3.391202 2.279215
1 3.130035 2.460320
1 15.123319 -10.435048
1 2.959412 1.936515
1 3.103661 2.088693
1 14.980132 -10.426976
1 18.529116 -11.241502
1 3.393795 2.293335
1 14.681437 -10.161704
1 -15.433531 2.019611
1 -11.429254 9.462970
1 14.817612 -10.721679
1 14.567324 -13.346746
1 18.381786 -7.009910
1 -14.983310 13.537498
1 -14.906178 13.568578
1 -12.485469 7.371131
1 4.749278 1.380318
1 17.252359 -11.985107
1 22.295059 -14.502069
1 2.939888 6.542198
1 16.693419 -12.294353
1 0.384257 8.336855
1 3.346109 12.654979
1 18.390713 -13.854275
1 -2.476803 -13.859071
1 -17.196857 7.090414
1 4.711791 2.519664
1 4.783632 2.435091
1 2.542190 13.010899
1 -17.032150 7.254163
1 1.811037 15.358946
1 -7.550941 15.825818
1 18.379652 -14.575912
1 -0.336426 13.733122
1 18.550652 -8.880801
1 1.800070 15.386553
1 1.793670 15.321543
1 19.254814 -15.661516
1 -15.852684 0.672338
1 0.878672 8.667084
1 3.136318 12.778689
1 3.802447 2.000780
1 12.306333 -18.686682
1 -15.107446 13.582079
1 1.985931 13.531072
1 14.479182 -10.540619
1 -9.329505 15.238187
1 2.203763 2.909638
1 4.549253 1.868813
1 17.107304 -12.314219
1 18.424517 -14.950590
1 16.040716 -13.735175
1 3.361821 2.938792
1 -2.130645 -3.872906
1 0.740503 8.858179
1 2.648768 15.872490
1 2.355271 11.586664
1 14.819592 -13.459998
1 2.145149 11.192581
1 0.934481 11.704597
1 14.037033 -20.736904
1 1.648646 14.955479
1 3.492713 -7.500324
1 -0.383291 14.036188
1 19.136505 -15.552473
1 19.089155 -15.517900
1 0.515686 9.731026
1 15.565245 -13.128238
1 0.413773 8.120248
1 -15.567634 1.140039
1 16.278656 -17.372574
1 -11.593081 11.096624
1 -7.596588 16.189777
1 -11.743411 10.253383
1 16.090494 -12.124137
1 2.754477 2.460745
1 2.791709 2.541298
1 12.285589 -18.735744
1 2.613596 11.958574
1 0.104677 16.277864
1 16.156656 -17.651215
1 17.251123 -12.237934
1 4.384875 3.717798
1 -0.807610 -1.216525
1 0.892420 9.141938
1 1.975895 13.765738
1 4.795117 2.273483
1 -11.108549 1.062136
1 -11.661865 9.665327
1 3.206381 2.142024
1 3.078403 2.279294
1 14.872974 -10.233467
1 -10.265383 12.294965
1 -3.217801 -3.936733
1 -0.012938 13.761730
1 15.850509 -11.969845
1 -14.130116 3.832286
1 2.385468 11.200243
1 -4.765391 15.513938
1 2.044428 10.132101
1 -5.168251 15.029820
1 0.887140 7.689457
1 1.164563 8.361403
1 1.110908 9.228369
1 1.727630 13.620478
1 2.752896 10.640218
1 2.995395 12.033690
1 2.938483 12.029691
1 -3.522610 14.815862
1 0.536828 8.486545
1 4.135313 6.356294
1 17.808296 -13.896620
1 -1.112178 -1.806112
1 0.341727 13.881796
1 -0.473783 12.474368
1 -11.375723 11.875798
1 -1.396776 14.144746
1 -15.709872 1.815552
1 -15.753336 5.472550
1 15.091386 -11.280499
1 15.010285 -13.485476
1 -12.089587 0.017145
1 1.123038 9.802376
1 -15.981238 0.737858
1 -9.114434 15.014277
1 14.699285 -14.660329
1 -0.200983 11.983302
1 -3.435831 14.174644
1 0.130090 13.662052
1 1.623760 14.644567
1 17.818401 -14.361823
1 15.799460 -10.944450
1 -9.485164 8.605821
1 13.128896 -19.397432
1 -2.106925 -2.953508
1 3.585656 8.078695
1 3.831116 1.568497
1 0.731959 9.140624
1 1.649009 15.097097
1 17.103039 -11.565554
1 1.427121 8.495200
1 0.598072 10.409575
1 15.713350 -12.574249
1 15.189247 -10.851471
1 -1.921144 -2.993604
1 4.746616 2.214746
1 2.702301 12.037026
1 0.956000 13.738008
1 3.843417 7.603014
1 3.036159 5.975224
1 2.156808 12.599343
1 -4.054497 14.617497
1 2.814117 14.638544
1 4.739223 2.750299
1 16.936369 -13.366335
1 1.887570 14.998652
1 -1.833982 13.920061
1 -0.251902 11.982483
1 -2.821687 -3.249085
1 16.820051 -12.065460
1 16.121346 -14.128188
1 3.029450 2.265966
1 -0.202823 14.015557
1 1.631169 15.145596
1 0.593149 7.635462
1 -7.588087 15.651169
1 -3.836334 15.783758
1 -4.898714 16.520309
1 3.518157 4.406156
1 1.471910 13.149609
1 18.116703 -10.566262
1 17.169960 -10.806568
1 16.649216 -12.730935
1 -2.082919 -2.603890
1 3.012906 12.783078
1 -9.187130 17.758455
1 17.112286 -11.771738
1 -15.731844 1.964937
1 -11.688275 12.720036
1 4.555893 7.851123
1 -3.081842 14.323210
1 -1.036018 14.262810
1 0.634769 10.490047
1 -0.354310 11.897413
1 4.130879 2.543308
1 17.315886 -11.397466
1 0.589235 12.882517
1 0.070567 13.768617
1 0.334667 10.902524
1 1.827430 12.605805
1 16.293625 -11.093629
1 18.249506 -14.861600
1 1.700709 14.999857
1 0.793217 8.844608
1 1.064364 13.788282
1 16.386881 -17.584120
1 16.928888 -12.335425
1 16.841951 -12.210360
1 17.563744 -10.044025
1 19.083426 -9.637807
1 4.400022 2.796200
1 0.550457 14.639683
1 4.260792 3.643841
1 4.176157 3.570906
1 4.222871 3.617507
1 14.696765 -10.390592
1 4.228448 3.029619
1 18.359541 -14.853917
1 -3.532034 3.818116
1 18.361126 -14.753028
1 4.048687 1.676400
1 16.619522 -11.363979
1 -15.435854 0.048537
1 16.956184 -11.843993
1 18.061127 -14.344041
1 3.643003 2.797806
1 15.142944 -11.952837
1 17.099560 -13.571007
1 4.391908 2.835778
1 15.229352 -19.657213
1 -16.936728 1.622409
1 17.085102 -10.840066
1 18.231768 -14.589054
1 -15.671915 1.428525
1 18.710180 -7.968190
1 16.084293 -11.337455
1 3.275453 2.297481
1 -16.674980 10.612338
1 17.035769 -11.592750
1 -3.227926 13.752441
1 7.800932 7.152489
1 15.663289 -11.180267
1 16.184687 -11.252701
1 0.827142 9.051106
1 18.116896 -13.891405
1 15.517933 -19.027409
1 16.271481 -13.276546
1 13.772184 -11.111539
1 0.835835 8.177681
1 0.848562 8.270106
1 16.919010 -12.115952
1 0.332149 16.003819
1 -0.793933 12.693593
1 -2.387408 -4.077838
1 -16.121143 0.867656
1 16.506159 -11.842328
1 -17.351187 2.090063
1 -17.364187 1.777743
1 3.425539 8.142196
1 9.147061 -13.226826
1 17.224966 -13.314152
1 4.805455 4.028750
1 1.510109 8.350306
1 1.822918 5.850823
1 16.153933 -11.782201
1 16.107914 -12.817449
1 14.423750 -17.891760
1 18.090521 -13.359456
1 18.156641 -13.304319
1 17.888647 -13.494662
1 -2.812609 -2.948010
1 3.005540 2.383914
1 2.910274 2.292797
1 16.893074 -11.442586
1 17.319338 -11.728419
1 17.074877 -11.478252
1 3.377559 2.489788
1 18.876627 -13.780768
1 4.130591 2.913510
1 11.353235 -20.676434
1 1.766150 9.869579
1 -11.899946 10.937480
1 22.858686 -15.501402
1 22.812294 -15.507664
1 3.173978 2.252894
1 17.235537 -11.848869
1 0.933627 8.040128
1 16.473738 -12.464610
1 3.986053 3.277817
1 4.526905 2.766178
1 22.391317 -12.841791
1 3.748253 3.192246
1 0.105106 -0.250257
1 1.153733 7.428257
1 1.779359 12.497081
1 16.994493 -13.475861
1 17.114202 -12.678765
1 -4.539932 14.688445
1 15.120902 -10.744156
1 16.022331 -11.381709
1 14.894693 -11.282486
1 15.221018 -12.816869
1 13.423795 -18.236979
1 -12.215223 0.177491
1 14.619390 -14.917665
1 0.165792 13.792723
1 15.222827 -10.503735
1 -16.999542 1.642497
1 3.192477 2.280696
1 16.343365 -16.689665
1 21.988474 -12.425793
1 21.941217 -12.383945
1 3.032507 2.649634
1 15.800670 -12.098958
1 -1.723321 13.831702
1 -0.012211 -0.573828
1 15.984710 -11.920884
1 15.138086 -12.955349
1 -3.827936 11.646909
1 16.414494 -12.419647
1 1.269182 14.666184
1 -9.366738 15.777575
1 17.582918 -13.677634
1 -0.268965 -0.668968
1 -0.017514 -0.668007
1 15.422578 -19.635649
1 20.049330 -16.057642
1 14.951079 -14.360208
1 4.133139 2.640616
1 4.284993 2.770159
1 16.975531 -12.900043
1 17.270775 -12.132672
1 7.747493 4.391053
1 0.703696 13.147282
1 0.947179 14.339140
1 1.817049 5.733556
1 18.391918 -13.978718
1 15.273268 -10.971526
1 15.352064 -10.878426
1 15.879133 -10.877526
1 16.049419 -11.925357
1 4.746898 4.154554
1 0.138767 -0.412129
1 16.290487 -17.093668
1 4.172458 3.810453
1 18.417904 -13.558994
1 16.793188 -11.231560
1 15.949995 -13.020476
1 4.359467 2.998681
1 3.026079 14.060410
1 20.985086 -15.176547
1 0.180010 13.790044
1 15.680739 -12.617585
1 1.143939 7.262490
1 0.387638 14.575832
1 16.445393 -12.602234
1 14.429815 -10.427535
1 1.862795 12.074264
1 0.847196 11.169893
1 18.415005 -13.806654
1 16.886429 -11.941028
1 2.915159 2.508802
1 -7.564334 15.989881
1 -0.784810 -1.435451
1 17.635180 -12.608129
1 2.672143 13.868660
1 0.890770 7.989469
1 -16.853870 1.513279
1 16.197300 -12.609580
1 0.455689 13.547929
1 15.494287 -13.883835
1 16.361261 -2.821302
1 15.561975 -10.552099
1 3.816359 2.913737
1 16.738010 -11.469053
1 17.247417 -10.969710
1 0.304445 7.554649
1 -16.336731 1.283723
1 16.248564 -11.884701
1 14.445806 -10.897814
1 -11.741044 12.301076
1 -11.766179 12.273252
1 17.119719 -13.437171
1 15.201119 -11.623402
1 3.787997 3.387446
1 3.918973 3.504120
1 16.149675 -11.321901
1 16.548639 -11.756672
1 -0.062475 13.726927
1 15.837636 -13.048665
1 15.784235 -10.691017
1 15.651587 -10.950298
1 16.066116 -12.787057
1 16.180136 -12.774078
1 17.198523 -11.967623
1 4.028855 2.206126
1 15.210247 -12.921353
1 20.833006 -15.164643
1 16.427261 -12.598045
1 12.381245 -18.912720
1 16.670214 -12.703716
1 16.562387 -11.085217
1 16.109699 -17.487013
1 4.361846 1.943379
1 -9.789511 14.940995
1 2.697612 12.797867
1 2.554957 2.925559
1 14.953828 -10.415998
1 17.232523 -11.460349
1 19.240164 -15.714792
1 16.087839 -11.010530
1 17.173531 -10.716571
1 3.622568 4.270015
1 -1.181051 12.596097
1 16.776003 -12.585885
1 15.490101 -11.096984
1 -11.347525 0.987844
1 14.513986 -10.184175
1 16.787167 -12.160177
1 1.211049 14.820470
1 3.251814 2.282957
1 15.223822 -11.969615
1 3.990276 3.456032
1 -17.999296 0.882883
1 2.992403 2.192170
1 15.463079 -11.845560
1 14.701586 -11.050062
1 -15.816158 0.223541
1 4.306539 2.508298
1 14.709257 -10.463443
1 16.823204 -10.738441
1 5.172121 2.011774
1 16.725237 -12.696535
1 -15.977878 1.579518
1 0.519579 10.079097
1 0.217195 11.775037
1 -14.035997 9.680169
1 6.331922 -16.582966
1 -2.410097 14.262534
1 -16.893082 10.838896
1 1.431202 12.582877
1 3.922624 2.174374
1 -16.926239 1.457765
1 -1.240051 11.321818
1 15.246268 -11.053965
1 14.940561 -10.654706
1 15.682395 -11.688529
1 16.848730 -12.787459
1 3.570711 2.958057
1 15.477160 -9.774909
1 16.935680 -12.841586
1 2.972821 2.373558
1 15.986506 -12.415383
1 17.299629 -11.916087
1 3.314797 2.416581
1 -9.360947 16.493706
1 3.067214 2.239511
1 3.082139 2.193225
1 16.269556 -12.979134
1 -21.269499 6.258198
1 4.221890 3.332286
1 17.509418 -12.758390
1 3.780366 3.350199
1 15.669630 -10.492872
1 -3.199023 14.323381
1 16.426336 -17.354980
1 0.560794 14.417751
1 14.716860 -10.635085
1 3.195397 2.530758
1 3.135281 2.265232
1 14.335193 -10.950806
1 17.424046 -12.546979
1 16.473469 -11.469497
1 3.108870 2.703824
1 17.023172 -11.778865
1 17.160555 -11.713683
1 16.333008 -17.226744
1 3.340606 2.521120
1 15.365222 -12.165280
1 2.985207 2.649827
1 -1.771756 -9.977915
1 15.849990 -12.223405
1 1.197319 11.949436
1 1.060647 11.746328
1 0.825064 11.946781
1 3.240743 2.325024
1 -11.831162 12.351559
1 -16.322803 0.658196
1 -20.372904 6.202302
1 0.486416 12.313147
1 -11.542330 12.115370
1 0.909445 11.805676
1 6.801509 -14.949469
1 2.831033 1.785426
1 15.126952 -10.178424
1 1.175649 11.661403
1 -16.320938 0.476900
1 -16.095747 0.336544
1 1.084774 11.743217
1 20.677929 -18.073406
1 1.161767 11.843151
1 1.498478 11.919521
1 0.835340 11.488948
1 1.219294 11.656354
1 0.318311 -0.233146
1 1.278695 12.063867
1 -16.150528 0.563356
1 14.954369 -10.241030
1 -11.599118 12.154987
1 3.160195 2.431772
1 14.906800 -10.283563
1 14.747904 -10.238372
1 -11.829115 12.132375
1 14.749180 -10.287712
1 -16.164206 0.408107
1 -11.604384 12.104221
1 3.053622 2.592440
1 0.645274 12.540799
1 1.460312 12.109527
1 15.737250 -12.074817
1 2.901913 2.406883
1 14.887890 -10.284774
1 1.386433 12.469328
1 3.026875 2.516530
1 -16.349129 0.591981
1 1.260111 12.064653
1 2.939209 2.393488
1 14.817695 -10.034185
1 1.367477 12.052504
1 1.307910 11.860612
1 -16.609594 0.843486
1 2.979932 2.402265
1 2.939770 2.360200
1 14.866670 -10.310432
1 14.825330 -10.455868
1 15.046333 -10.021645
1 3.396564 1.940766
1 0.813826 11.463956
1 3.205839 2.487540
1 0.356187 -0.439124
1 14.836606 -10.264126
1 10.520320 -14.297620
1 14.748631 -10.182093
1 -11.564481 12.289940
1 14.960553 -10.333129
1 15.743274 -12.307134
1 3.180534 2.356298
1 3.782596 2.085620
1 18.606602 2.622658
1 15.539990 -12.127655
1 2.735933 2.113049
1 14.771352 -10.426072
1 3.190803 2.479396
1 15.956873 -12.297323
1 1.192308 11.773124
1 14.769634 -10.431726
1 14.740088 -10.385251
1 14.859151 -10.462847
1 14.912521 -10.514113
1 -11.633424 12.038297
1 3.171447 2.413844
1 14.718240 -10.304116
1 14.986517 -10.432391
1 15.740823 -12.027803
1 3.102921 2.325574
1 3.457735 2.235386
1 14.856587 -10.522633
1 1.315585 11.946750
1 15.625264 -12.579327
1 3.334772 1.977609
1 14.921709 -10.357164
1 3.424042 2.246605
1 3.316765 2.181755
1 3.677888 2.134416
1 15.058467 -10.268487
1 14.690329 -10.106160
1 15.008826 -10.079418
1 3.243923 2.457753
1 15.650354 -12.182776
1 14.740138 -10.264173
1 14.919273 -10.494889
1 15.494128 -12.183877
1 21.006292 -17.633406
1 15.682130 -12.275775
1 15.634213 -12.241449
1 3.318695 2.243814
1 14.974426 -10.365664
1 14.902745 -10.430983
1 3.311520 2.086673
1 15.672988 -12.361090
1 24.137917 -6.380275
1 -19.868444 5.435834
1 14.793283 -10.434498
1 14.587262 -10.144541
1 -16.230587 0.775648
1 21.794689 -11.557903
1 0.165976 -0.230354
1 -11.570909 12.218231
1 -11.632218 12.230469
1 14.694319 -10.304132
1 14.812433 -10.167088
1 -0.529637 -6.589819
1 15.591290 -12.017156
1 15.146402 -10.150104
1 15.795492 -12.100839
1 2.715332 2.967968
1 3.450082 2.407430
1 3.315732 2.358340
1 -11.622855 12.110777
1 3.333472 2.314893
1 14.986650 -10.128781
1 -11.740275 12.300724
1 3.433149 2.438042
1 14.847636 -10.205403
1 14.934080 -10.366561
1 -12.883757 9.375182
1 18.157534 -11.691229
1 3.296407 11.675848
1 0.631934 7.753199
1 5.162432 9.417827
1 16.025055 -13.096013
1 -11.861359 10.419737
1 -3.697963 3.739551
1 0.144624 13.950663
1 -1.955976 -2.593672
1 3.114176 6.283353
1 8.929051 4.943127
1 8.854802 4.927443
1 4.873044 2.562397
1 3.601133 7.419052
1 -15.160631 1.748931
1 -2.560585 -7.550160
1 -5.129574 -6.464793
1 -4.544230 -5.911621
1 4.078494 3.477067
1 2.358683 10.779582
1 2.056627 10.499689
1 -17.104919 7.127344
1 0.653557 7.745132
1 15.420297 -12.590202
1 -3.611881 -6.584893
1 -14.930733 1.264093
1 -1.449385 13.110495
1 -1.223592 13.392573
1 -12.326547 10.969574
1 -12.129947 10.925998
1 1.472948 14.554848
1 -3.184730 -2.891323
1 3.595348 -7.695035
1 18.842045 -8.308331
1 14.874200 -11.849937
1 15.478746 -11.286104
1 3.377889 6.842096
1 1.664163 15.236062
1 -0.279409 4.346440
1 2.959084 12.680423
1 0.953461 9.523469
1 3.195648 8.649640
1 -11.909625 0.609822
1 1.684811 14.949058
1 -15.243597 0.280449
1 2.773946 10.849708
1 0.871031 9.523180
1 3.802884 7.550405
1 0.909172 8.256739
1 -12.228951 14.226341
1 -4.710360 15.457273
1 -3.270391 14.674390
1 0.878867 11.841191
1 -15.254509 0.809803
1 18.560505 -14.734753
1 0.108162 11.132057
1 4.503953 5.492556
1 3.063164 12.614115
1 19.147854 -15.600376
1 4.359981 3.860330
1 0.392032 8.866465
1 1.669576 13.765421
1 -17.072460 1.477923
1 -1.983426 -3.856462
1 -1.946660 -3.885198
1 -15.812289 0.987504
1 2.724280 12.053469
1 13.795086 -14.806336
1 2.039954 13.507454
1 19.103458 -6.460929
1 1.476379 14.739217
1 1.591948 14.959842
1 4.044687 3.263245
1 -9.208420 15.723083
1 -11.918697 1.029679
1 1.134644 9.658864
1 -15.400987 0.922182
1 -7.701123 16.249372
1 3.307615 2.474636
1 -2.005944 -3.641764
1 -11.444345 11.709182
1 16.128874 -12.282225
1 -11.361969 11.770633
1 2.636941 2.436721
1 -0.347650 11.544770
1 0.768490 9.034204
1 3.346108 2.558685
1 18.605232 -9.047104
1 0.072611 16.321642
1 0.090219 16.315445
1 -11.555545 12.255894
1 2.052232 13.660701
1 2.428534 10.751905
1 1.561681 11.603567
1 -5.090992 -5.557824
1 -12.247941 11.240065
1 2.344477 14.982172
1 0.566182 13.390385
1 4.691267 1.878304
1 -14.891961 13.605415
1 1.492683 15.036160
1 -11.134327 0.926675
1 1.842583 15.249651
1 -15.085227 1.859122
1 3.164399 9.484776
1 3.423106 12.643360
1 3.363883 12.583343
1 -1.203055 13.830352
1 -15.620531 1.917493
1 -15.502160 1.732053
1 1.741611 15.355638
1 3.910268 2.051197
1 15.959997 -13.049556
1 -1.243921 12.773653
1 -2.275893 -3.806195
1 0.881686 8.774722
1 3.003823 2.585222
1 3.023913 2.601913
1 -1.207235 11.159328
1 2.317539 11.405102
1 17.028740 -10.354369
1 1.107491 13.582087
1 -5.022861 14.824883
1 1.669808 15.276366
1 2.978969 10.548880
1 0.702805 12.327598
1 2.302647 1.924204
1 1.630999 15.127564
1 18.317774 -14.071084
1 1.263404 14.349272
1 -0.044812 13.814523
1 -8.804705 16.102404
1 -18.263809 -1.927899
1 -4.647868 -5.131928
1 0.106578 13.788487
1 -15.811261 1.792852
1 2.712311 11.134745
1 4.955823 1.784231
1 -9.555897 16.797932
1 -9.423341 15.139472
1 -2.499256 -13.886357
1 1.906527 15.782254
1 15.258342 -13.472000
1 14.913044 -14.626657
1 2.749457 11.458356
1 1.593136 15.118675
1 -14.826014 11.749550
1 1.405050 17.209795
1 1.408538 17.246384
1 2.378272 13.655184
1 -4.560107 -4.996116
1 1.801027 8.599088
1 6.031462 4.462110
1 2.175078 13.421383
1 -13.434891 10.489525
1 -13.274961 10.569203
1 2.357230 9.739273
1 0.606745 10.528684
1 0.548058 14.601976
1 -8.323462 15.712002
1 0.043937 16.366447
1 -8.199486 15.632475
1 16.538464 -11.238536
1 0.163061 12.092579
1 -17.592512 2.652747
1 -12.666917 11.061294
1 -13.122487 10.700454
1 3.686743 3.482808
1 1.337342 12.028900
1 -11.463791 11.883532
1 -13.357045 10.740294
1 -13.432510 10.655193
1 -1.500772 14.123937
1 -13.192975 10.619972
1 16.681299 -12.726664
1 -0.079129 11.207939
1 4.721461 2.426178
1 3.613970 8.019571
1 3.749420 7.996355
1 1.941677 10.212936
1 -0.468924 13.402632
1 0.464571 12.402270
1 -15.559228 0.008084
1 -13.222896 -5.261964
1 -4.619695 -4.999427
1 -3.261312 5.647262
1 0.517253 14.652149
1 0.483846 16.058987
1 14.501307 -11.454486
1 -4.467732 -4.963497
1 4.371305 2.722780
1 2.608793 10.544397
1 18.543324 -14.791153
1 18.362108 -14.549655
1 18.290228 -14.596617
1 -8.106194 15.800854
1 15.920993 -12.580840
1 -1.503561 -1.871596
1 -1.419185 -1.866528
1 -3.886087 15.720209
1 12.519601 -2.980974
1 4.287291 3.518022
1 2.935796 2.497538
1 18.336664 -14.537813
1 0.106511 10.735689
1 0.843763 10.300303
1 3.881584 1.962822
1 3.868606 6.867620
1 2.985841 6.006337
1 -1.880520 13.943495
1 -16.141754 0.506621
1 -10.710180 12.182770
1 0.141194 14.161398
1 1.748419 9.985487
1 -14.545192 11.732139
1 -12.428388 -7.246315
1 -11.679829 9.770373
1 16.632872 -12.204496
1 1.939979 10.167483
1 2.826022 10.940368
1 3.262046 14.291073
1 1.765198 14.891810
1 1.934914 13.349118
1 -3.110376 -4.130944
1 15.394864 -12.435758
1 0.705924 8.982094
1 2.628826 12.833159
1 -4.735373 -5.282837
1 3.369632 8.432076
1 2.290866 11.218737
1 -9.589950 17.997561
1 -4.825284 -5.466349
1 8.028920 0.195072
1 15.876661 -11.289252
1 16.142691 -12.025251
1 16.073666 -12.703625
1 0.700939 10.445399
1 -2.960432 -3.581358
1 0.959796 13.338271
1 2.743000 11.134644
1 1.465456 10.568387
1 4.165389 3.402380
1 0.491691 12.429390
1 15.756539 -18.226479
1 2.623535 12.646246
1 -2.784150 -3.780579
1 15.766171 -13.193232
1 18.111420 -14.332758
1 -0.920202 10.923681
1 -0.173713 11.926186
1 1.073059 14.402945
1 3.601550 12.830379
1 -0.024539 13.957853
1 0.368284 13.622568
1 -5.008696 14.994154
1 -3.012255 10.627047
1 15.126511 -10.392441
1 1.689796 15.131009
1 15.998256 -11.156490
1 16.587162 -13.428193
1 -9.169987 15.600050
1 -9.226033 15.683829
1 0.547919 14.427021
1 -2.147710 -2.896573
1 18.143169 -14.442528
1 2.047543 13.263856
1 -11.045280 12.579074
1 -2.296954 -4.206514
1 0.574598 13.943170
1 -0.185465 13.902261
1 0.828734 7.842000
1 14.818247 -13.573953
1 16.940250 -12.104769
1 16.810171 -12.087374
1 16.181656 -16.623589
1 15.592222 -13.306719
1 4.392279 2.784029
1 -12.969101 -5.139919
1 18.067831 -14.447821
1 -9.526441 16.359514
1 0.046727 11.134720
1 18.536352 -14.934172
1 18.129070 -14.321539
1 -16.139641 0.964375
1 -12.723141 -6.268601
1 2.612199 11.008006
1 16.682337 -12.416080
1 -13.191787 6.655999
1 3.858064 3.843108
1 15.970895 -11.247777
1 16.170448 -11.688536
1 18.247490 -13.900476
1 17.063711 -10.438778
1 -7.145996 15.879701
1 -7.386334 15.744254
1 -7.951701 15.618369
1 16.101934 -13.429361
1 4.163851 1.739308
1 1.815736 4.376352
1 16.781569 -11.783772
1 17.557606 -13.791186
1 4.718018 2.140178
1 21.946564 -1.143560
1 18.326643 -14.091289
1 4.661404 1.593486
1 3.982872 2.094207
1 19.177015 -15.558524
1 1.282723 10.769204
1 1.541930 8.532565
1 4.222318 1.858726
1 -4.603520 -11.971828
1 -4.897200 -4.724881
1 0.116567 -0.476347
1 0.730855 7.930161
1 -1.045945 12.972108
1 14.680711 -12.108904
1 16.080805 -12.933285
1 15.756838 -13.274171
1 18.120739 -14.805000
1 -2.896732 -4.363574
1 -8.877654 15.253822
1 -12.456141 11.200419
1 4.670394 1.595203
1 -8.096322 4.752687
1 1.452695 13.999448
1 16.679953 -12.713654
1 18.122833 -11.063398
1 -11.711533 11.612232
1 17.152737 -12.001193
1 5.033735 5.547348
1 2.772775 8.511447
1 17.681547 -13.936699
1 -1.743702 -2.787927
1 3.457076 2.572439
1 16.050837 -18.033968
1 16.932751 -12.190242
1 17.192406 -12.994593
1 3.680299 3.084136
1 -13.473825 -9.148776
1 -2.404706 -3.662864
1 1.766917 5.979140
1 3.759128 3.635055
1 14.808999 -11.888185
1 -2.436242 -3.497355
1 7.978059 11.711440
1 8.068816 11.668469
1 18.045666 -13.589255
1 -3.810666 14.394998
1 -3.527620 -4.299857
1 1.163308 7.947793
1 1.003829 8.216763
1 21.075285 -14.933519
1 -0.441530 13.878692
1 17.006849 -11.766936
1 -5.246460 15.018634
1 14.273659 -20.582668
1 -12.488178 -6.163480
1 -12.452719 -6.046766
1 1.122396 7.838544
1 -11.662166 12.644917
1 17.354441 -12.566614
1 -7.419208 16.213528
1 -15.750527 4.844646
1 19.309647 -15.730623
1 3.274033 4.516323
1 -1.570462 13.780442
1 0.454889 7.818646
1 1.954061 12.707068
1 2.846618 12.141410
1 -0.181103 14.228884
1 15.034091 -13.082914
1 -11.822890 11.995292
1 0.348296 8.077442
1 16.422171 -12.392936
1 3.038994 11.613495
1 3.645213 3.698638
1 -1.877107 -11.330181
1 1.061176 9.315460
1 15.486814 -12.324522
1 16.471409 -12.497049
1 0.351609 16.037291
1 3.379686 8.204556
1 16.880615 -11.557329
1 -1.968484 13.937870
1 0.239653 13.611918
1 4.523879 2.735206
1 -15.020297 13.533491
1 1.270570 7.531730
1 -1.000463 -7.819548
1 4.653291 2.741284
1 4.091001 3.415006
1 17.128746 -13.038939
1 18.541172 -15.258506
1 16.417107 -17.362814
1 15.401436 -11.665211
1 -1.948107 -6.213365
1 16.196894 -11.042481
1 2.132007 9.650558
1 16.385038 -11.679426
1 -5.438058 15.554633
1 12.289984 -18.709280
1 2.666119 12.046653
1 17.264692 -12.993891
1 9.860354 -1.519638
1 -4.669237 -4.779837
1 0.780538 12.255882
1 4.418189 3.035742
1 -4.193626 -5.026694
1 -8.384382 15.676775
1 -12.784081 -6.214295
1 -12.213921 7.804606
1 18.579258 -14.914174
1 1.044231 14.704495
1 -6.060616 15.853590
1 2.372559 10.994195
1 -5.312700 14.266476
1 2.427364 4.360772
1 -18.299183 -1.781931
1 -6.606608 12.915921
1 2.677966 14.756454
1 -9.709464 12.307428
1 0.359506 9.655670
1 1.991069 9.777992
1 16.264498 -11.972510
1 -6.156165 15.775725
1 -15.879565 1.956892
1 18.419216 -8.234520
1 16.133631 -10.370214
1 -4.224807 17.215130
1 -16.464441 -0.586176
1 0.810341 10.169538
1 3.002781 2.492034
1 3.990127 1.810155
1 16.986059 -11.587181
1 18.082745 -14.868521
1 -4.166046 -4.121141
1 1.707106 12.635196
1 16.544199 -11.308718
1 16.305943 -17.380945
1 17.299486 -12.025085
1 4.650535 1.478241
1 -17.235804 1.819946
1 -16.211220 0.883115
1 1.292209 14.134114
1 -4.393672 -5.749213
1 1.227798 7.218179
1 1.006663 8.172205
1 4.464320 2.735324
1 4.158103 3.324022
1 2.586045 11.549191
1 4.215799 3.635670
1 3.198827 14.400537
1 1.570049 9.626376
1 3.411249 14.513677
1 0.839275 10.672784
1 16.416271 -11.219823
1 17.636946 -10.933335
1 -0.492824 13.744843
1 5.310789 13.308750
1 16.371628 -12.948685
1 4.764001 1.426133
1 3.305562 12.774474
1 17.131100 -11.854306
1 -9.052364 15.736064
1 16.306925 -11.953972
1 -1.008086 14.187226
1 -16.995193 1.688665
1 -16.436695 1.720393
1 17.092373 -12.580811
1 0.231977 13.621198
1 -12.582043 12.747211
1 16.831470 -10.207088
1 16.892963 -12.175728
1 16.379648 -17.366386
1 -1.661434 14.839705
1 -0.425234 6.029934
1 0.954150 13.718498
1 -11.360232 1.118273
1 4.129812 2.748586
1 16.715860 -11.833640
1 2.297751 2.928040
1 -1.497360 14.337337
1 3.390829 2.625648
1 1.758661 8.324232
1 2.858595 2.024387
1 15.082470 -10.482093
1 1.764652 4.910133
1 3.875600 6.474053
1 3.772257 2.902578
1 4.359848 3.786927
1 3.055978 2.537941
1 16.603470 -11.618155
1 3.722231 3.355476
1 3.432936 2.675791
1 -12.307955 11.513391
1 -3.700750 -10.978653
1 3.468482 2.547508
1 16.201986 -11.715765
1 -0.075945 13.728887
1 1.909187 10.486114
1 -0.449924 12.041360
1 1.973447 13.613865
1 3.803475 3.108200
1 16.672489 -12.375440
1 1.207450 9.995114
1 0.603149 9.995642
1 14.635218 -11.844382
1 6.441335 6.511677
1 -0.691209 12.631447
1 -0.221011 11.673635
1 -12.243052 -6.532292
1 -12.288097 -5.802775
1 -16.719847 1.597403
1 -17.548897 0.712775
1 2.149945 -14.153130
1 -0.799813 12.171089
1 14.787540 -9.971784
1 -17.306377 1.936951
1 4.606557 2.970888
1 3.085359 2.335803
1 0.276024 11.221954
1 0.481735 10.149273
1 -7.588130 16.199451
1 1.430391 11.546173
1 -8.037268 14.554665
1 2.593540 3.151528
1 -18.347891 4.910517
1 2.951771 2.318044
1 3.606364 2.698063
1 3.676132 2.819570
1 1.855951 13.508297
1 2.455262 11.177752
1 2.452734 11.070539
1 2.095907 12.717984
1 1.426039 13.595345
1 3.308629 4.009687
1 3.751299 3.191893
1 18.021015 -14.336501
1 -16.895990 10.943238
1 3.908110 3.309929
1 1.643464 15.262587
1 6.977996 0.156698
1 -9.410539 16.678625
1 -12.775843 10.102690
1 -16.234001 1.228068
1 3.268969 2.118739
1 -1.869575 -2.752905
1 17.567556 -10.848113
1 15.148065 -12.681905
1 2.239381 10.322249
1 3.701329 2.984886
1 0.727611 11.766331
1 3.663100 2.369138
1 3.034116 2.256078
1 3.422049 2.211212
1 3.391011 2.545844
1 3.484944 2.293772
1 3.806474 3.264335
1 0.167218 12.649259
1 1.001428 11.853613
1 1.128457 11.995232
1 0.806790 11.342566
1 1.172730 12.088012
1 1.392067 11.572676
1 -4.857568 -4.961827
1 1.461695 11.700339
1 0.044701 11.202859
1 -4.927487 -4.867818
1 -4.788995 -5.193602
1 0.642725 11.651344
1 -4.679601 -5.275301
1 1.238993 12.190437
1 -4.993464 -4.784134
1 2.989627 2.521482
1 0.967786 12.018622
1 -21.476355 0.072946
1 1.368594 11.408924
1 3.400862 2.250261
1 0.648771 12.225890
1 0.751357 11.477549
1 1.246370 11.959828
1 1.170267 11.589369
1 1.289482 11.928392
1 1.847876 11.446692
1 1.016372 11.867475
1 -13.082986 10.524575
1 -13.181477 10.615671
1 -13.455604 10.585788
1 -13.072817 10.332117
1 3.039200 2.024778
1 -13.374567 10.470805
1 -13.178198 10.377725
1 -13.337836 10.222493
1 -13.221744 10.490712
1 1.204208 11.863368
1 -13.105570 10.367238
1 -13.357436 10.385544
1 -13.141819 10.487033
1 -13.122800 10.643998
1 -13.340002 10.303099
1 -13.219825 10.478462
1 -13.163518 10.366477
1 -13.280926 10.368176
1 -13.321507 10.521815
1 -11.108407 17.804695
1 -13.503686 10.556842
1 -13.221733 10.472460
1 -13.253334 10.485025
1 -13.236681 10.321083
1 -13.129831 10.499145
1 -13.333928 10.345079
1 -13.276053 10.502811
1 -13.442245 10.493498
1 -13.246076 10.427696
1 -13.298218 10.363508
1 -13.520081 10.599714
1 1.650718 12.415300
1 1.349007 11.680389
1 3.034697 2.435567
1 0.971144 12.026538
1 1.188232 11.585134
1 1.506801 11.757257
1 0.872265 12.085679
1 1.366252 11.775868
1 -0.589467 -8.769999
1 1.356804 11.581233
1 1.310522 12.194419
1 0.889057 12.235880
1 1.672986 11.657306
1 0.676363 12.349304
1 2.036011 11.668818
1 -4.967775 -10.182395
1 1.757843 11.463367
1 0.991284 11.567753
1 1.838198 12.652202
1 1.068603 11.988995
1 0.822026 12.057358
1 -4.717894 -5.126809
1 1.027082 11.863275
1 1.367756 12.699306
1 -11.734348 12.288924
1 1.951169 12.686819
1 1.438843 11.749610
1 1.351272 12.328698
1 3.289734 2.324800
1 -12.299678 -5.846674
1 2.960136 2.178602
1 16.416096 -11.671690
1 3.210150 2.310836
1 1.233342 12.011246
1 16.388016 -11.414216
1 1.057121 11.926426
1 3.515277 2.531683
1 3.243851 2.045083
1 3.059231 2.317554
1 0.535030 12.337543
1 3.250734 2.311846
1 1.145348 12.169340
1 3.192770 2.150711
1 1.146048 11.962256
1 3.325051 2.349033
1 1.154732 12.247300
1 -11.957962 -5.893250
1 3.422533 2.306686
1 -11.826230 12.242546
1 1.326534 11.572836
1 18.358431 -24.042025
1 -12.233179 -5.940954
1 16.396219 -11.372562
1 0.157189 -0.284147
1 3.381566 2.416116
1 0.355254 -0.410312
1 3.027197 2.454427
1 1.777966 11.434563
1 24.539959 -6.856926
1 0.916853 12.261426
1 3.382006 2.510472
1 1.904911 11.384968
1 16.520922 -11.193109
1 0.167149 -0.178394
1 3.285677 2.506382
1 0.987215 12.080443
1 3.274000 2.269852
1 1.466074 11.773866
1 2.880096 2.497580
1 1.495382 11.665610
1 -4.772145 -5.079591
1 -11.561023 12.074335
1 -0.004439 -0.315465
1 3.211884 2.239908
1 1.984038 11.566110
1 1.438833 11.852948
1 2.977200 2.227761
1 16.406776 -11.519051
1 16.393023 -11.318549
1 3.443765 2.534292
1 1.545027 12.188526
1 3.253943 2.291878
1 16.288820 -11.399366
1 -11.716578 12.262589
1 16.388208 -11.606702
1 3.219381 2.044110
1 -11.576919 12.040525
1 3.047905 2.170837
1 1.741647 11.717443
1 -0.614702 -11.139745
1 3.065048 2.502387
1 3.072695 2.370336
1 3.136767 2.366365
1 -4.778179 -5.115977
1 3.342785 2.312947
1 3.232285 2.155044
1 3.526813 2.235508
1 3.087259 2.494425
1 1.005090 12.057212
1 3.342917 2.041342
1 1.632902 12.158460
1 3.131220 2.308769
1 -11.577787 11.994476
1 3.081291 2.203325
1 1.561065 12.593006
1 15.154072 -10.226612
1 2.966768 2.781457
1 0.967543 11.934383
1 3.275989 2.373966
1 3.112487 2.496309
1 16.551304 -11.578438
1 16.306383 -11.284720
1 -17.078754 -8.616088
1 -16.395056 0.641109
1 0.742741 12.079112
1 0.237666 -0.113491
1 0.171850 -0.251047
1 0.575283 11.928727
1 1.598679 11.422185
1 1.732954 12.424569
1 3.195103 2.206206
1 3.006750 2.511855
1 -11.716580 12.155005
1 3.355221 2.379996
1 2.832687 2.119382
1 -11.707433 12.108042
1 1.357846 11.881744
1 3.445129 2.095170
1 3.542116 1.820959
1 1.507513 12.031056
1 2.897772 2.062686
1 -20.091724 5.245417
1 3.021784 2.242586
1 3.281039 2.280965
1 1.388478 11.878145
1 3.104243 2.174715
1 1.706785 11.463955
1 1.113396 11.809108
1 2.979346 1.933873
1 18.770597 -7.119579
1 19.027044 -7.145496
1 18.054594 -9.735176
1 14.698577 -13.487067
1 -13.050397 -5.397374
1 -13.056125 -5.408611
1 -4.766191 -4.819420
1 -10.401421 12.496704
1 4.896481 1.665945
1 -2.795787 -3.873390
1 4.952266 2.619177
1 3.331998 7.660678
1 14.941711 -11.833072
1 -13.289938 -5.067303
1 -14.387741 -1.462687
1 -16.818577 9.897740
1 9.227910 -13.109206
1 -15.523853 5.514619
1 4.768437 2.458996
1 -11.371035 0.966071
1 -7.939911 14.567659
1 -11.555997 0.884148
1 -14.209517 0.865159
1 -2.949774 -3.246796
1 -1.387941 -2.141062
1 -11.715894 12.242432
1 4.250357 6.502515
1 4.132348 6.500391
1 -11.014175 0.965466
1 -12.004651 10.660470
1 -12.395978 -5.954805
1 2.088485 8.496897
1 18.280397 -9.488101
1 18.850060 -8.444565
1 18.727961 -8.237318
1 16.223160 -14.222989
1 15.409206 -10.733598
1 -13.886672 -6.409955
1 -5.116643 -5.898623
1 -3.288699 -3.622233
1 -3.327281 -3.210378
1 1.425835 4.828382
1 14.439858 -12.082905
1 -11.080719 1.013384
1 -4.650745 -1.027112
1 -4.794836 -5.633372
1 3.009085 8.003380
1 3.894299 3.180670
1 -3.711186 3.863008
1 15.522458 -12.111645
1 -2.275970 -3.933922
1 15.484338 -11.261478
1 -8.735299 16.310152
1 -8.872392 16.259132
1 18.535810 -14.688901
1 15.661384 -11.149863
1 15.630242 -11.482400
1 -15.548302 -0.123406
1 -15.511230 -0.346664
1 4.279858 6.979222
1 3.245458 -7.539263
1 19.063971 -15.668785
1 16.698689 -19.741947
1 18.152195 -10.649706
1 -3.200043 -4.536374
1 -5.434198 -3.810070
1 -9.282294 15.493770
1 -2.591109 -4.153347
1 15.684155 -12.335330
1 15.663417 -12.374565
1 18.744061 -7.777311
1 -1.779898 -2.553255
1 -12.177448 10.981327
1 15.953730 -12.355381
1 -2.533175 -4.296583
1 16.662918 -11.886881
1 2.691984 2.266521
1 3.493148 2.597333
1 -6.299325 -6.217043
1 3.192032 7.894773
1 14.665440 -11.773689
1 4.739679 1.478868
1 4.774908 1.395511
1 4.777188 1.437804
1 4.755320 1.471495
1 -3.206784 -3.345149
1 15.785600 -9.683390
1 3.681985 3.762611
1 -15.180765 13.544993
1 -11.010609 12.809780
1 -1.990637 -3.568816
1 16.729080 -17.758421
1 -15.193343 0.663982
1 -7.316734 15.268455
1 15.488707 -12.496454
1 -15.639078 1.699546
1 4.010319 2.984016
1 -2.036669 -3.680410
1 14.498843 -12.149147
1 14.721323 -12.115479
1 -4.771040 -6.709123
1 2.816912 2.072639
1 16.815378 -11.316976
1 16.388239 -9.339601
1 4.766150 2.356411
1 1.659787 4.930143
1 -0.134697 4.566029
1 -16.156801 1.649152
1 -12.983161 -6.058576
1 -4.564682 -5.617903
1 18.635008 -14.822970
1 1.685834 2.624063
1 -16.629848 1.851027
1 3.278172 2.665004
1 1.793059 8.635422
1 -15.345945 14.172327
1 18.545038 -14.674728
1 17.181593 -10.307183
1 -2.079044 -3.481096
1 -12.141007 12.853716
1 -15.595201 -0.139116
1 17.964037 -9.727917
1 17.536539 -10.342635
1 17.809605 -15.826001
1 16.027010 -12.736631
1 -3.426232 -5.637321
1 -2.125314 0.580712
1 3.498956 9.089122
1 15.727843 -18.773232
1 -4.575547 -5.061697
1 -4.472982 -4.935029
1 -4.550534 -5.591605
1 -4.547680 -4.985437
1 -4.552073 -5.037169
1 -4.537734 -4.740751
1 4.136408 3.370660
1 3.092205 6.070306
1 -4.942032 -6.036964
1 -2.252528 -4.007659
1 -18.281164 -1.864336
1 -8.461577 14.152175
1 15.840244 -11.036035
1 17.154520 -9.836305
1 18.369688 -14.712521
1 -12.444540 -6.003849
1 -9.060124 15.534141
1 4.087257 7.423165
1 15.738502 -13.192452
1 2.880948 3.393945
1 16.191998 -10.755376
1 18.319809 -14.841743
1 2.552299 2.058321
1 -3.858005 -5.444631
1 14.737929 -12.168409
1 15.066689 -12.079576
1 -13.298966 -5.258526
1 15.572038 -11.506664
1 4.210644 7.667778
1 -3.642883 -3.328840
1 16.307091 -10.862507
1 4.909456 1.445592
1 18.172371 -13.679532
1 4.010633 6.691654
1 -11.800880 11.014644
1 -4.333046 -4.903696
1 18.528473 -14.207234
1 15.245971 -13.241904
1 18.471796 -14.645953
1 14.042610 -20.623121
1 18.145391 -14.408680
1 -3.183897 5.937893
1 16.908585 -12.869961
1 17.649826 -15.967737
1 4.569710 1.805189
1 15.631459 -10.688315
1 -1.964586 13.978235
1 2.820019 2.652698
1 3.559845 2.737107
1 16.659296 -11.190668
1 -4.568479 -4.672376
1 -3.419673 -3.467510
1 17.269001 -9.576602
1 -4.765779 -5.294823
1 -2.815612 -2.339259
1 15.296456 -14.343543
1 15.391757 -14.229121
1 -15.719796 5.522223
1 2.988727 2.280055
1 2.860206 10.516756
1 4.379524 2.080657
1 -4.456962 -5.747884
1 19.870115 -8.702622
1 -9.255425 17.840839
1 -3.666822 -4.413935
1 -13.200164 -5.075554
1 16.960140 -18.129200
1 -2.200490 -4.191317
1 15.089195 -12.902710
1 17.362185 -12.174021
1 16.353643 -17.874390
1 18.402000 -14.750500
1 -6.489420 14.982363
1 4.594278 2.822374
1 -12.444096 12.494191
1 -5.039924 -6.385531
1 15.668297 -11.065146
1 15.997764 -11.447701
1 3.038365 4.124237
1 15.510492 -12.125802
1 -2.486958 -3.375026
1 15.614117 -12.477104
1 19.052755 -15.526002
1 4.541621 2.088598
1 14.926140 -11.307568
1 18.460340 -14.802167
1 18.868015 -7.203827
1 -4.611697 -4.932446
1 16.483700 -12.825355
1 14.737287 -11.597234
1 4.881238 3.287975
1 -12.900854 -5.950999
1 -12.982292 -6.039454
1 16.046106 -10.983389
1 16.223053 -12.609044
1 -14.769231 -12.167163
1 -14.769658 -12.166905
1 12.322357 -18.755819
1 16.838974 -12.255138
1 16.374874 -13.678391
1 17.007172 -19.619236
1 16.800770 -19.625431
1 18.620392 -14.790574
1 16.222887 -11.384272
1 -10.543402 13.960121
1 3.764963 -15.435852
1 17.889549 -14.085417
1 -12.912808 -5.401252
1 3.913121 2.303417
1 18.214132 -14.538757
1 16.985878 -12.027678
1 3.819235 2.484302
1 16.510187 -13.629611
1 -9.125122 16.043650
1 18.156860 -14.645640
1 22.725016 -13.542655
1 -12.818254 -6.432398
1 16.006880 -11.779790
1 19.049126 -7.154108
1 -8.103166 14.986345
1 2.505538 8.603095
1 15.363651 -11.458171
1 -9.378922 15.418986
1 -9.124734 17.544872
1 -9.086637 17.315216
1 14.829481 -12.832085
1 17.181625 -12.575494
1 18.377083 -8.432032
1 -12.462404 -5.680172
1 -12.348248 -5.761311
1 -16.274851 1.119210
1 3.503094 8.020867
1 17.671791 -14.935352
1 15.381682 -10.635469
1 0.931510 7.474992
1 -4.133010 3.609567
1 15.355186 -11.541958
1 -0.358785 -0.882757
1 4.803114 1.472588
1 17.600924 -13.781929
1 17.494299 -13.699335
1 0.414376 7.927902
1 16.560522 -11.181682
1 -1.767237 -3.440078
1 14.306582 -11.296500
1 0.192186 -0.155998
1 -12.380894 14.713342
1 3.044415 2.298267
1 -12.676575 -5.193276
1 15.992340 -12.963631
1 0.344944 -1.641756
1 -4.422007 -5.174451
1 5.326908 -12.830581
1 -11.288797 12.030843
1 4.886490 4.583815
1 -17.154457 7.159334
1 -12.708522 -5.782295
1 -12.935718 -5.490622
1 5.258986 1.375890
1 15.633064 -13.151167
1 15.845780 -4.711780
1 4.661542 1.907209
1 17.147758 -12.327248
1 -1.713574 -2.750617
1 2.999375 2.512630
1 2.997849 2.658789
1 0.815732 7.497374
1 -15.128919 -0.048822
1 16.212805 -13.868063
1 3.877950 3.104552
1 16.354931 -12.218745
1 14.949888 -12.240540
1 17.309528 -12.295095
1 -3.078471 -2.734583
1 -4.453140 -5.367040
1 16.161999 -11.901519
1 1.275796 7.044603
1 2.441001 2.225149
1 -15.529592 0.302971
1 -17.364477 7.277399
1 14.695469 -12.166642
1 -1.661076 -3.778665
1 -0.205270 -0.775992
1 -9.694888 16.744022
1 -3.069037 -4.351971
1 -13.063885 -6.062053
1 8.227646 -18.796427
1 18.266119 -13.735521
1 -12.458493 -6.113848
1 -1.413930 -3.200243
1 -16.876894 1.481204
1 2.893333 2.729392
1 -4.780311 -5.850240
1 -12.056175 11.661509
1 15.454123 -12.460315
1 -13.165630 -4.367448
1 -3.211408 -4.317647
1 -15.758794 2.140758
1 0.887566 6.752876
1 18.253546 -14.965624
1 4.064722 3.370121
1 3.992227 3.258488
1 15.163844 -11.928293
1 14.331084 -20.649742
1 0.906609 7.321974
1 -16.226482 -0.101646
1 0.015510 -0.543320
1 4.661603 2.860205
1 15.523695 -11.951452
1 -4.965946 15.541008
1 -1.894952 1.383056
1 4.716111 2.753605
1 3.199364 2.810591
1 4.041413 3.381303
1 -12.561940 -7.020132
1 2.927777 2.469806
1 4.253954 3.690255
1 -2.393298 -5.364883
1 3.304076 2.487521
1 3.844661 3.263272
1 16.360588 -11.812443
1 -1.530652 -2.908730
1 16.357809 -11.767409
1 -4.721002 -5.505870
1 15.345864 -13.510402
1 20.049038 -15.301417
1 16.453342 -11.857907
1 -13.866865 -6.592778
1 -11.677052 12.212404
1 3.454911 2.387413
1 17.392708 -10.874040
1 -12.852861 -5.584300
1 -5.432995 14.299725
1 2.223805 4.612605
1 4.589757 2.176435
1 16.348475 -11.984327
1 16.160799 -12.215892
1 16.266115 -12.114240
1 20.674486 -10.756680
1 -5.008128 -6.046454
1 17.337967 -11.868135
1 14.490670 -12.637591
1 -16.141489 0.637536
1 -12.475827 -6.411321
1 -12.874719 -6.401810
1 3.532524 2.567348
1 3.040418 2.433739
1 -4.367882 -5.089025
1 12.362257 -18.597221
1 -16.049913 -0.145439
1 -13.487673 -5.707286
1 16.610107 -17.027901
1 15.865672 -12.959602
1 -1.487923 -2.190676
1 -17.329077 2.076071
1 2.832806 10.554661
1 3.956456 3.415991
1 2.794518 2.691090
1 4.938492 1.420683
1 -11.934515 11.432485
1 -12.733922 -5.558448
1 -16.311359 1.237477
1 4.012725 2.565365
1 17.687302 -14.244081
1 3.482974 2.709205
1 3.698162 3.171283
1 3.927222 2.347751
1 -4.798355 8.510282
1 12.341227 -18.864388
1 1.853301 -9.811493
1 17.120758 -10.625760
1 -11.511390 1.071691
1 -16.886156 1.495507
1 -17.088493 1.934506
1 4.396211 2.907182
1 -16.975508 1.667794
1 4.186237 2.779588
1 16.352654 -12.036542
1 -0.990184 14.218130
1 -11.893847 12.002873
1 17.963047 -13.861921
1 -4.991575 15.178556
1 0.338006 3.737654
1 15.801233 -12.307202
1 -13.520033 -5.503352
1 3.200161 2.023443
1 4.057056 1.974067
1 14.355969 -20.333851
1 -4.722777 -6.078050
1 17.176468 -10.817941
1 16.497885 -12.383575
1 16.850449 -12.037946
1 4.485323 2.840117
1 4.082829 3.580935
1 18.069412 -14.282878
1 -16.808861 10.621047
1 -16.004433 2.225234
1 -2.463629 -3.820517
1 3.080569 2.202921
1 2.024699 4.854200
1 15.167590 -11.738328
1 -18.263042 0.874487
1 -18.784430 -0.801598
1 3.256965 2.195043
1 4.790792 2.516253
1 -3.438397 3.759335
1 17.004736 -13.133350
1 -11.994215 12.268629
1 5.145277 -9.879545
1 4.102814 2.470704
1 8.395628 6.955624
1 -5.531750 19.947283
1 -5.526508 19.927345
1 -12.269926 -5.808939
1 -12.991262 -5.361434
1 3.730220 3.662277
1 -12.902330 -5.572524
1 -12.894604 -5.599105
1 -13.236597 -5.295575
1 -12.356113 11.649751
1 21.975948 -1.087719
1 8.101627 2.164610
1 3.310032 2.367221
1 3.570085 3.020590
1 3.875058 2.245414
1 -12.298016 -6.428475
1 17.805218 -13.874997
1 15.312015 -13.055284
1 16.541525 -11.555438
1 16.722895 -11.591777
1 2.860458 2.159851
1 -9.463754 15.674500
1 21.928654 -13.100646
1 3.260153 2.354916
1 2.977840 5.826528
1 15.481597 -13.041716
1 1.799582 5.788744
1 14.952731 -11.734164
1 2.902742 2.453022
1 -5.013170 -5.359466
1 -16.306787 0.637545
1 15.718381 -12.198631
1 -4.772673 -5.321171
1 15.671092 -12.174540
1 15.783436 -12.269428
1 -5.018041 -4.897165
1 15.776705 -12.302724
1 15.524048 -12.122563
1 3.230408 2.287057
1 0.315024 -0.254323
1 -4.769013 -5.229555
1 3.420560 2.196657
1 3.198711 2.328490
1 3.286595 2.232399
1 -16.184042 0.406875
1 -4.843240 -5.215612
1 3.162094 2.112802
1 0.342540 -0.138245
1 -11.911994 12.124154
1 -19.750713 5.747639
1 -11.648936 12.120372
1 -11.493024 11.982788
1 -4.624475 -4.982533
1 15.773329 -12.216069
1 -22.355392 7.656400
1 3.066764 2.420231
1 3.180565 2.387509
1 15.722833 -12.138874
1 15.768974 -12.101582
1 15.655309 -12.138264
1 3.130002 2.383490
1 -16.151850 0.390813
1 15.661836 -12.131713
1 15.577915 -12.100120
1 15.707961 -12.316312
1 15.723596 -12.443883
1 -4.852056 -5.245783
1 3.282176 2.227838
1 -4.986712 -4.998817
1 -11.554902 12.185719
1 -11.764628 12.093966
1 15.809159 -12.232116
1 -11.840054 12.083763
1 15.603957 -12.212979
1 -16.067825 0.789889
1 15.794249 -12.193801
1 -11.778725 12.041687
1 0.142514 -0.533618
1 15.547188 -12.335180
1 15.693438 -12.207790
1 15.847692 -12.142306
1 1.247594 12.199317
1 0.424571 -0.384583
1 15.637189 -12.417057
1 3.170290 2.406360
1 15.787483 -12.170695
1 -16.683540 -12.204011
1 15.812119 -12.271087
1 3.036864 2.486613
1 15.595494 -12.284681
1 2.966012 2.179248
1 15.818540 -12.281615
1 -12.229433 -5.660249
1 15.696721 -12.251819
1 -11.908224 -5.442582
1 15.818412 -12.385520
1 15.964756 -12.446404
1 15.830248 -12.346171
1 -12.480703 -5.435778
1 15.882654 -12.128180
1 3.145847 2.411774
1 0.201941 -0.349284
1 15.719428 -12.263249
1 15.362595 -20.429377
1 15.564320 -12.388280
1 -12.218253 -5.711158
1 3.384881 2.383987
1 -12.168320 -5.801034
1 15.801536 -12.286569
1 0.120260 -0.508153
1 -16.288288 0.448713
1 15.806027 -12.236813
1 15.557855 -12.416195
1 15.667352 -12.255007
1 15.508024 -12.321528
1 15.679149 -12.270059
1 3.131040 2.223953
1 15.659070 -12.124388
1 15.588038 -12.301031
1 15.928476 -12.199833
1 3.084428 2.605781
1 3.162737 2.132739
1 -11.933001 12.130253
1 15.678628 -12.230365
1 -11.766301 12.155212
1 22.335152 -11.320330
1 -5.020814 -5.155551
1 -15.909296 0.525015
1 15.855086 -12.165801
1 15.780370 -12.350915
1 15.922123 -12.335052
1 3.040720 2.292970
1 -11.677445 12.126803
1 3.587351 1.950378
1 15.774141 -12.234665
1 15.696035 -12.203610
1 15.756625 -12.330063
1 15.740081 -12.000727
1 3.149673 2.353381
1 15.712667 -12.294910
1 -12.232888 -5.838331
1 -16.366524 0.780382
1 3.061437 2.406710
1 -12.153754 -5.822993
1 15.675917 -12.055097
1 -11.985499 -5.618194
1 -11.765003 12.052760
1 -11.720250 12.152381
1 3.312832 2.503338
1 3.192983 2.337647
1 3.183639 2.175895
1 3.379271 2.072048
1 15.549547 -12.226283
1 3.499424 2.678959
1 -11.565717 12.130438
1 3.184188 2.866533
1 3.292614 2.338809
1 -20.150846 4.390278
1 3.012833 2.486932
1 2.975422 2.049540
1 3.732359 2.000939
1 -11.548575 12.049032
1 -1.093335 -2.058942
1 -1.317737 -2.211288
1 18.930885 -7.231307
1 3.620796 14.497024
1 -5.998505 14.628653
1 -4.030449 4.244104
1 -6.207058 12.768937
1 -12.286917 10.807388
1 1.049443 -11.967656
1 4.013332 6.785679
1 0.027483 14.210832
1 14.634637 -20.411474
1 14.975107 -10.007424
1 -12.489717 7.292897
1 -1.154067 -2.077966
1 -1.745579 14.918321
1 15.481089 -11.145114
1 -4.698401 -5.594454
1 -2.142453 -3.416724
1 -14.947922 1.304575
1 18.474447 -13.745881
1 16.428938 -11.850264
1 4.276812 -1.616749
1 3.404826 12.815961
1 3.424987 12.835688
1 -4.983939 -6.634926
1 -4.887150 -6.454902
1 18.781246 -14.342911
1 -2.471466 -13.866852
1 -16.879627 7.441589
1 -3.241955 -11.505365
1 -11.214300 1.091365
1 1.905831 2.825830
1 3.645858 11.393178
1 -16.129026 2.142712
1 -1.398599 -2.236224
1 -15.035855 1.238701
1 -11.218067 0.774665
1 -1.748675 -4.064637
1 2.456800 13.241962
1 -16.856646 10.680647
1 -2.169864 -2.876078
1 4.111343 7.107925
1 0.237046 13.951198
1 18.408728 -16.512333
1 12.525908 -18.707111
1 -17.497412 2.461163
1 -3.200241 -2.363577
1 -3.151955 -3.710192
1 2.389087 15.597785
1 -3.841183 -5.524088
1 1.282685 8.971240
1 18.813858 -14.268439
1 -10.431890 12.458797
1 20.031700 -3.813255
1 -12.971031 -5.662832
1 -10.035271 -7.937702
1 2.886316 4.118730
1 1.365267 13.686001
1 18.469269 -14.611965
1 14.465896 -13.360128
1 16.065060 -15.054866
1 13.205837 -10.874216
1 -16.936670 1.131860
1 -3.406702 -3.565819
1 1.215798 4.928222
1 -15.168818 11.639188
1 4.080999 1.982131
1 1.426080 13.986049
1 -4.606861 -5.407165
1 -4.874971 -5.764436
1 -4.661748 -5.658441
1 -10.218909 12.769828
1 14.710907 -13.755886
1 3.380201 3.772741
1 2.716826 8.460164
1 18.773964 -15.173631
1 -2.279072 -3.333040
1 -0.620161 11.748744
1 1.633616 14.916383
1 1.976661 14.257833
1 3.375750 9.196260
1 -2.295311 -3.982392
1 18.073740 -2.844445
1 16.670513 0.589476
1 -4.542740 -5.473104
1 -0.790544 13.001554
1 -0.619693 12.926709
1 0.754767 7.998775
1 -12.162852 15.257504
1 -1.736997 11.772575
1 15.847497 -17.746399
1 13.628499 -6.975413
1 17.455746 -7.017950
1 1.705545 15.130083
1 20.204947 -8.844686
1 18.543257 -14.799370
1 1.515102 10.821923
1 -1.010758 12.908332
1 -0.768093 12.879563
1 -0.127668 8.858746
1 14.960629 -10.242557
1 -0.027710 11.058299
1 -1.080287 14.429626
1 18.431061 -14.509255
1 18.345106 -14.763483
1 18.765860 -15.103666
1 18.609932 -14.942754
1 3.586735 -1.473519
1 -2.955783 -5.215454
1 1.823848 15.456975
1 0.259580 13.056092
1 16.179173 -10.552868
1 15.587218 -9.897676
1 15.560861 -9.974888
1 18.870275 -7.177321
1 16.512787 -9.788709
1 -4.800705 -6.389966
1 16.368750 -11.195275
1 14.622478 -11.491556
1 -5.283322 -5.897201
1 -5.137002 -6.411111
1 -5.016968 -3.259897
1 1.558451 12.106960
1 16.069376 -16.889330
1 -5.931127 -6.398764
1 -5.226001 -6.773625
1 1.896281 15.104653
1 15.213677 -13.184525
1 -3.808078 -3.506996
1 -3.966118 -4.237143
1 -2.990613 -3.491508
1 0.174527 13.847583
1 0.172401 13.997482
1 3.883206 7.136589
1 4.188417 6.975973
1 -12.636110 11.342566
1 -12.337853 -6.102117
1 -2.177603 -3.879782
1 -1.945270 -3.985401
1 -3.480086 -5.041687
1 18.513538 -14.689773
1 -2.184656 -4.022499
1 16.212540 -11.110593
1 15.914690 -10.406278
1 -4.986596 -7.718250
1 14.520793 -12.125076
1 1.035590 13.734208
1 1.354748 9.908375
1 19.905067 -8.460508
1 18.737511 -9.206868
1 -10.487819 12.619274
1 3.496181 7.920730
1 3.494426 9.256447
1 15.740317 -9.297965
1 0.877778 9.695214
1 1.538567 12.200130
1 -12.447602 13.891231
1 -5.176116 -6.168432
1 -4.897731 -6.145260
1 -4.570121 -5.057453
1 -3.123716 -3.667567
1 2.960506 1.911299
1 1.926189 11.284944
1 -7.821686 14.712443
1 -6.125993 15.622787
1 3.300321 3.793374
1 1.825132 14.487640
1 -15.016971 13.484170
1 -0.421212 -12.289576
1 0.713659 1.508806
1 16.445627 -12.074329
1 14.495814 -14.704727
1 -6.867745 15.812033
1 -14.354423 0.520728
1 -12.065230 0.699604
1 -3.471429 -3.094219
1 3.304352 12.402372
1 -3.473390 14.442013
1 -4.699739 -7.124738
1 -4.705510 -6.674662
1 13.616982 -10.073078
1 0.064221 10.527063
1 4.400851 3.019164
1 3.028032 10.899808
1 2.982030 11.034128
1 -11.530631 9.821445
1 -2.130016 -3.471303
1 -12.951427 -3.981219
1 3.973740 1.922167
1 16.265165 -13.234402
1 0.140209 12.261545
1 2.829530 4.287348
1 -1.898637 -3.969655
1 -2.780328 -3.873803
1 5.057196 -9.670710
1 -3.142466 -4.750394
1 -13.263493 -5.442888
1 -12.481829 -5.952485
1 1.365173 14.608985
1 -4.472507 15.577946
1 -4.484449 -5.706229
1 14.526418 -10.499008
1 1.899636 8.848451
1 -4.475385 -5.052962
1 -4.144194 -4.945170
1 -4.346735 -6.132213
1 5.432000 -9.922135
1 3.558649 4.723372
1 15.283831 -8.155870
1 -0.115987 -0.199521
1 17.043081 -10.360521
1 0.779144 13.854599
1 -1.806931 -2.661058
1 -8.710234 16.378227
1 -15.593446 0.110171
1 -15.143579 0.169059
1 -4.598559 -5.363116
1 0.600474 -1.262108
1 -5.063258 -5.919018
1 -4.731618 -5.646317
1 17.991335 -10.455848
1 16.030188 -12.792146
1 -15.990541 -0.210804
1 13.335383 -11.102908
1 1.871768 15.737222
1 0.708694 14.303637
1 4.082731 2.647563
1 15.898377 -16.907248
1 -4.314826 -4.899524
1 -4.499875 -4.985479
1 -0.821181 11.385650
1 -4.485548 -4.954524
1 12.408398 -18.892151
1 -0.149633 13.429208
1 -0.230779 13.480664
1 12.544647 -7.683068
1 2.881606 11.703635
1 2.820160 12.020954
1 18.420218 -14.131528
1 2.032486 13.478169
1 -16.258411 2.549833
1 2.657857 9.880231
1 0.565082 14.244700
1 18.401159 -14.844058
1 15.289232 -10.021018
1 3.025523 2.030641
1 4.691654 2.906952
1 19.521851 -8.219603
1 0.231202 13.535729
1 3.610332 8.042092
1 -4.836286 -5.869164
1 -2.675299 -3.850688
1 2.403826 10.492627
1 -1.727630 14.855609
1 1.787391 15.383598
1 -4.818734 -6.927841
1 16.595217 -12.385059
1 15.641572 -14.024607
1 -12.225309 0.908644
1 4.343496 1.423591
1 3.509055 8.043267
1 3.612498 7.390555
1 2.568547 14.825801
1 -8.956951 14.736700
1 0.616668 10.019717
1 -2.154676 -1.923385
1 -1.586925 -7.972586
1 -11.722307 0.758578
1 0.987930 13.570081
1 -16.295301 0.798341
1 1.332007 14.261813
1 0.510328 14.587796
1 1.307848 11.096266
1 -14.882453 1.020404
1 -8.250775 -1.443731
1 19.121523 -9.148452
1 20.425335 -9.018630
1 17.878210 -11.951391
1 -4.605327 -6.097908
1 -4.523845 -5.716315
1 7.382965 10.707720
1 12.328331 -18.739317
1 -4.457629 -4.951476
1 5.209288 7.784542
1 7.421777 10.726924
1 -12.482635 13.209293
1 0.982619 13.410023
1 14.692532 -14.434110
1 2.928697 12.625448
1 0.353320 10.621619
1 -4.777063 -6.090295
1 -5.153475 -3.512994
1 -4.115771 -3.911836
1 -3.931777 -3.632758
1 1.013077 10.442433
1 13.599398 -10.937922
1 2.798181 14.092611
1 -1.826493 11.776256
1 0.659981 13.736078
1 1.708607 13.763113
1 0.585465 10.726745
1 2.871816 4.194330
1 14.363740 -9.665513
1 17.246006 -9.889294
1 -3.457830 -3.476001
1 16.822454 -9.760636
1 -2.633553 -3.336713
1 17.473005 -12.849684
1 -19.730465 9.490535
1 1.794345 13.245561
1 -2.595234 -3.361996
1 -3.133741 -3.410625
1 10.902547 -18.186329
1 -3.290637 -4.288552
1 2.087388 9.172136
1 13.515267 -18.549496
1 -3.687678 -5.851167
1 -4.653012 -4.796337
1 14.576606 -10.412180
1 -4.834504 -5.724144
1 -0.974035 11.294825
1 -2.936042 -3.163079
1 0.660039 14.481646
1 1.010221 14.543800
1 -3.057012 -3.951351
1 -2.058753 -4.099243
1 -2.884939 -4.527614
1 17.268995 -11.708504
1 -13.321748 -5.302471
1 -12.992092 14.012351
1 3.144231 6.528704
1 -5.603791 -6.139683
1 0.051705 10.139053
1 18.321377 -14.593992
1 1.586256 15.321025
1 0.465683 12.529449
1 2.156152 -9.832408
1 4.458364 3.485195
1 -12.455012 -5.733802
1 -12.215104 -5.733675
1 3.710731 2.847706
1 18.534119 -15.088888
1 17.236465 -11.996665
1 1.757160 15.390903
1 -4.551403 -4.725383
1 -4.669405 -5.639734
1 4.633252 1.613630
1 3.820902 2.685164
1 -0.918354 11.605334
1 18.431782 -14.771041
1 0.186640 13.641538
1 0.772273 12.565746
1 17.602962 -14.685953
1 14.656138 -11.473820
1 0.328708 14.009819
1 -0.525697 12.156103
1 1.847591 8.530513
1 10.469058 -14.719692
1 0.828639 10.736928
1 -12.645222 12.808493
1 -12.361502 12.564958
1 16.225792 -13.276923
1 -4.431904 -1.568495
1 9.475406 11.337625
1 18.175282 -15.366208
1 17.093872 -14.868282
1 15.430026 -14.498140
1 0.668883 13.424862
1 14.138416 -7.811248
1 18.333315 -14.780681
1 1.991760 13.490585
1 3.042280 14.344567
1 -5.000931 -5.697692
1 -2.366385 -4.456799
1 13.486890 -10.997377
1 1.779265 8.389354
1 16.230968 -10.524530
1 1.797735 15.334784
1 -15.854812 -0.011060
1 12.274770 -18.998476
1 12.479011 -8.920808
1 3.814641 3.184425
1 -15.457280 0.236334
1 3.451210 2.525036
1 15.501513 -14.078726
1 4.575990 2.881327
1 2.832623 0.988754
1 16.976095 -10.387385
1 -4.824388 -4.808414
1 -5.068172 -5.588533
1 3.695642 3.922377
1 -12.157382 12.472161
1 15.302889 -10.295096
1 -13.115585 -5.314710
1 -5.966920 -6.077991
1 4.677139 2.101076
1 -12.473011 -5.496520
1 2.030204 -7.132691
1 18.858919 -15.191140
1 -16.618118 1.525197
1 15.601161 -10.378505
1 0.657540 9.295280
1 0.750290 9.074242
1 -4.378792 15.369154
1 -12.900113 -6.613372
1 -3.319731 -4.873661
1 15.509890 -11.335867
1 7.821525 7.118285
1 15.363202 -13.525951
1 18.393761 -14.606317
1 0.802314 13.586460
1 18.002554 -9.786929
1 16.926434 -11.906641
1 17.143770 -12.304314
1 16.060402 -11.276216
1 16.368961 -11.460488
1 0.647151 10.154978
1 0.323364 16.034267
1 15.306682 -8.573618
1 -12.536210 -5.904252
1 -17.426153 1.990444
1 -17.380196 2.009440
1 17.622192 -11.756693
1 -2.387263 -4.407623
1 -5.098546 -6.425671
1 -0.534102 12.120135
1 16.676851 -12.704309
1 16.816437 -14.608833
1 17.082838 -11.911057
1 18.122967 -13.806868
1 17.561741 -13.649478
1 22.782204 -13.539085
1 -10.928622 13.498643
1 2.021455 13.908128
1 -4.766822 -4.561113
1 16.483795 -10.919806
1 14.389422 -10.517593
1 -12.854163 -6.155518
1 -12.803021 -5.828235
1 14.740751 -20.484919
1 -4.124421 -5.206157
1 16.915577 -10.989860
1 -4.914960 -5.423436
1 2.995347 7.930912
1 -12.002996 11.254765
1 0.314898 10.288939
1 -13.753206 -5.787877
1 -11.784370 11.967767
1 4.103018 4.767872
1 -12.884260 -5.395858
1 2.849610 10.737447
1 -12.250834 -5.603971
1 18.466537 -13.962583
1 3.600658 -5.217083
1 3.267439 2.699654
1 -4.637715 14.770453
1 8.265230 0.956728
1 17.204880 -11.755198
1 1.493987 8.522169
1 2.533800 9.189105
1 16.283859 -11.885205
1 3.600685 3.098787
1 15.881683 -17.529299
1 16.923334 -11.242128
1 16.074722 -17.905975
1 3.429541 11.255191
1 16.158401 -11.719495
1 17.218803 -11.776196
1 3.986429 6.849996
1 -13.635798 -7.428996
1 -11.362957 10.025290
1 2.700319 2.897011
1 0.317170 13.653378
1 -12.966496 -6.466286
1 -8.830173 16.060352
1 -12.634200 -5.741206
1 -13.452983 -9.062531
1 -12.784000 -6.009426
1 1.011008 13.386880
1 -9.436994 16.467031
1 -16.685919 10.873859
1 4.423578 5.196930
1 17.073605 -11.577417
1 17.457354 -13.750791
1 17.381838 -14.022957
1 14.783642 -12.200984
1 15.987182 -12.913454
1 7.627926 10.592856
1 0.708635 9.951819
1 3.018714 2.248122
1 -13.388307 -4.378911
1 16.185318 -11.785577
1 2.920196 11.542422
1 4.103305 2.663058
1 -12.758272 -4.915740
1 2.744744 2.529851
1 -2.636677 -3.042934
1 14.474957 -12.168391
1 -12.465173 -6.280828
1 0.486084 -0.291314
1 3.510839 3.199441
1 -15.156116 1.237482
1 1.318138 15.006846
1 17.890490 -13.399438
1 18.075323 -13.693292
1 3.798738 4.229805
1 15.422427 -12.368244
1 -16.396900 12.839314
1 3.413228 2.510172
1 18.450033 -14.900364
1 18.473801 -13.787046
1 -12.832187 -6.235757
1 2.219345 12.522498
1 2.776176 3.328249
1 18.197287 -13.884617
1 3.027371 2.644634
1 3.022588 2.588636
1 -16.195709 1.690331
1 2.764595 2.755021
1 -2.848908 -2.825197
1 14.364944 -10.254541
1 16.740692 -11.725753
1 18.009483 -14.279168
1 2.157494 13.652008
1 13.480160 -11.188841
1 17.246145 -12.069956
1 -4.608269 -5.650324
1 3.033809 -11.214329
1 5.163041 10.480044
1 16.855865 -11.605018
1 16.052589 -11.340498
1 18.690105 -14.868729
1 17.814274 -14.215664
1 17.281515 -13.643360
1 -5.227195 15.611398
1 18.431490 -14.492070
1 17.075476 -12.355389
1 -4.710252 -6.451103
1 0.920991 14.644001
1 -4.682753 -5.732977
1 -4.586000 -5.943205
1 -13.811118 -6.152778
1 17.324118 -12.229499
1 17.275230 -12.138051
1 19.770224 -16.021250
1 -6.396884 12.885210
1 3.266511 2.496552
1 1.014054 11.652469
1 3.219467 2.930509
1 2.320269 13.064122
1 -4.919457 -6.156735
1 0.147272 13.285726
1 15.554776 -14.344394
1 15.958543 -16.714870
1 -17.007673 1.578134
1 -17.075329 1.787356
1 -8.831111 16.099136
1 17.141184 -10.636688
1 15.011854 -10.495017
1 14.895310 -14.329010
1 14.624457 -10.344082
1 17.656044 -15.119047
1 5.047289 2.137924
1 1.790969 15.409297
1 4.326746 5.989450
1 17.215803 -12.201262
1 -4.750444 -5.505881
1 -5.576291 -5.858900
1 -12.489184 -7.348734
1 2.223837 13.621664
1 1.123500 14.792352
1 0.876330 7.501100
1 2.417527 5.165013
1 14.682291 -14.716527
1 15.085815 -11.808658
1 18.222776 -14.502985
1 3.424693 2.369455
1 17.563986 -11.419105
1 -12.077767 -5.700631
1 3.819300 10.780198
1 -12.195355 12.440910
1 -9.557405 16.731485
1 17.290257 -11.917859
1 0.157641 13.998259
1 12.527812 -7.787151
1 1.899908 13.923691
1 3.132998 3.570230
1 -3.184489 -4.258982
1 2.547270 10.604077
1 16.558666 -11.935482
1 17.046671 -12.173651
1 2.211360 9.849101
1 2.058395 15.050622
1 -1.792698 -4.206346
1 16.425076 -12.468167
1 2.243748 9.989140
1 -12.724317 -5.699352
1 0.758399 11.575304
1 14.401857 -10.847788
1 3.104966 2.323000
1 -1.264290 -1.981984
1 18.796719 -7.566309
1 7.149007 10.813886
1 16.463268 -13.494055
1 2.651311 12.046642
1 0.090756 13.320195
1 17.704599 -9.677922
1 14.282366 -20.554581
1 -7.727319 15.852087
1 0.699401 9.240776
1 1.302550 11.966613
1 16.419733 -11.536811
1 2.658013 1.839786
1 4.660801 -11.403409
1 16.533524 -17.268505
1 15.818053 -10.656798
1 15.918202 -10.768126
1 0.865372 14.801999
1 16.730261 -11.539386
1 15.876138 -11.678791
1 -3.486702 -12.946061
1 -12.571348 -5.573394
1 16.773226 -12.762961
1 19.234207 -15.680904
1 17.524240 -10.220958
1 16.357794 -17.523230
1 -16.306988 0.726846
1 13.481900 -11.167766
1 11.531876 -18.001026
1 16.972115 -11.585228
1 17.711306 -13.269039
1 1.858804 13.816350
1 4.407862 3.024193
1 -11.457877 11.969861
1 1.759526 5.722451
1 3.763335 3.303526
1 -15.833441 1.693693
1 16.438608 -11.141919
1 -5.013378 -5.707341
1 -4.820694 -5.581454
1 -4.835752 -4.900309
1 14.789539 -9.595696
1 19.129747 -2.376431
1 15.986032 -16.644381
1 -12.087494 12.316683
1 -3.266306 -1.358594
1 0.334521 13.004537
1 -12.837299 -5.551283
1 -12.675526 -5.696507
1 -16.834106 10.741614
1 17.183012 -10.580474
1 -4.813708 -4.227896
1 -16.545004 1.878651
1 16.498549 -13.086375
1 16.789198 -11.628785
1 -1.898713 13.946325
1 1.741207 15.249060
1 -4.329571 15.911167
1 17.410450 -12.098153
1 -0.327902 -12.538951
1 2.022573 13.486576
1 0.113761 -0.279332
1 14.368866 -10.623316
1 3.530264 2.135927
1 -16.963457 1.378405
1 8.187262 -18.817223
1 15.712814 -10.850144
1 -1.468960 -2.105103
1 4.157682 6.574284
1 15.802219 -17.460701
1 15.967740 -17.209547
1 2.824519 1.964586
1 14.609708 -10.772483
1 -16.995192 0.889367
1 14.044351 -11.380962
1 -12.762920 -6.461548
1 -3.481840 14.138737
1 3.086292 2.622631
1 16.401224 -11.463140
1 -5.091243 -3.826222
1 18.690971 -14.729339
1 -0.005082 14.052400
1 3.236327 2.424787
1 4.334195 3.098727
1 1.893912 4.422296
1 3.478811 8.188631
1 -15.697218 0.105095
1 4.435877 2.468731
1 15.620548 -11.050616
1 -12.450402 12.610069
1 17.631142 -10.922929
1 21.019743 -15.189198
1 -12.232658 -6.147641
1 16.984020 -11.322894
1 -12.417896 12.064323
1 -4.595304 -5.637699
1 -12.038276 12.021537
1 -11.460196 11.974051
1 -18.292969 -1.615032
1 -17.055214 1.312441
1 -13.351892 -5.576993
1 -16.064981 0.603230
1 5.023140 1.376400
1 -12.064407 -5.901407
1 -12.049702 -5.867016
1 16.231945 -11.919518
1 -12.185126 -6.071112
1 0.594623 16.298872
1 16.177267 -12.612624
1 -0.270241 14.042736
1 14.856975 -10.315899
1 3.679371 2.050941
1 -12.341782 12.668087
1 0.559530 14.657633
1 3.974018 3.761231
1 -4.201904 -5.263929
1 17.005196 -11.652764
1 16.861570 -17.914728
1 3.797788 4.912777
1 4.244047 2.343382
1 3.484899 2.928802
1 18.722008 -8.310681
1 16.909084 -10.648706
1 15.066760 -11.038877
1 2.921867 14.510071
1 14.647653 -10.478619
1 -3.733660 -4.532536
1 3.423540 2.446639
1 16.890549 -11.450349
1 17.002398 -11.329460
1 3.415419 2.571782
1 0.731221 9.840545
1 22.000706 -13.117514
1 14.389901 -12.044014
1 4.422571 2.270533
1 -8.914897 15.989327
1 3.179960 2.202514
1 16.177654 -11.823655
1 18.529581 -8.252522
1 12.229762 -18.808853
1 -5.035857 -3.740865
1 -11.703282 12.451174
1 4.793990 4.512622
1 3.558055 2.796434
1 -4.513594 0.545788
1 14.578685 -20.799921
1 -8.508642 -10.689746
1 17.048965 -11.550411
1 1.861035 5.642728
1 1.683775 10.373766
1 17.247601 -12.264470
1 -4.983747 16.641924
1 0.259863 12.901816
1 1.512300 11.838470
1 0.764831 12.365880
1 0.900028 12.469543
1 0.845118 12.048846
1 -16.211777 0.738867
1 -16.238523 0.753436
1 0.825539 11.128337
1 1.272556 11.804322
1 1.354357 11.473752
1 1.608939 11.709758
1 0.416828 -0.235370
1 0.129379 -0.266922
1 2.102337 12.143232
1 0.315272 -0.437634
1 -2.785621 -10.749086
1 3.201225 2.677184
1 14.688731 -10.195665
1 0.323963 -0.411115
1 1.146556 12.128556
1 1.655800 12.095446
1 1.751801 12.303727
1 0.810745 12.073601
1 0.758318 11.298401
1 1.442294 12.057358
1 0.466961 11.240769
1 0.897267 12.352292
1 14.862852 -10.192858
1 0.317100 -0.235378
1 0.383819 -0.342355
1 0.983718 11.535778
1 3.492097 2.366947
1 1.055884 11.807698
1 0.055828 -0.360818
1 0.703352 12.606845
1 0.816457 12.000802
1 1.118872 11.931580
1 1.428693 12.034513
1 1.603577 12.273418
1 -12.202099 -5.438111
1 -16.512062 0.623927
1 -2.248614 -10.645435
1 -2.088078 -10.304153
1 1.233443 11.729574
1 0.781220 11.530751
1 -12.680841 -5.814543
1 3.380676 2.340304
1 -16.885794 1.411801
1 0.929375 11.995275
1 -4.700232 -5.131013
1 1.419889 11.854593
1 1.184237 11.872663
1 0.194805 -0.222164
1 -4.811969 -5.110779
1 -0.272686 -10.256284
1 -0.640620 -8.619098
1 1.626053 12.658000
1 1.435674 12.264076
1 0.734154 11.905346
1 0.703843 12.526569
1 0.288037 -0.254532
1 1.128492 11.887632
1 -4.121857 -11.235250
1 -4.619138 -5.366436
1 0.199459 -0.312063
1 0.304641 -0.301042
1 0.373952 -0.217459
1 0.129912 -0.280342
1 -4.974323 -5.129606
1 0.112273 -0.365182
1 0.896201 12.197375
1 0.472398 12.083641
1 1.215016 12.020326
1 0.817280 11.570884
1 0.322504 -0.344661
1 1.347945 11.315578
1 0.184077 -0.275197
1 1.270402 11.801843
1 1.071025 11.849714
1 -12.277915 -5.564446
1 0.108812 -0.329526
1 1.318551 11.993320
1 -4.558841 -9.863023
1 1.360216 12.008764
1 -12.216854 -5.782734
1 1.199302 12.249671
1 1.235396 11.877445
1 0.846494 11.832358
1 1.454196 11.587461
1 0.278331 -0.241853
1 0.767653 12.549076
1 1.080557 12.039040
1 0.243241 12.101979
1 -4.745783 -4.952056
1 -4.891552 -4.977488
1 -4.283225 -5.282430
1 -1.033463 -9.587667
1 1.666116 12.179832
1 0.651996 12.560303
1 -4.991572 -5.207442
1 1.194456 12.343174
1 -16.333857 0.429532
1 1.016248 11.642343
1 0.333263 -0.428479
1 -4.596728 -4.594053
1 1.137125 11.969284
1 1.891042 11.190492
1 14.629266 -10.355187
1 2.897813 2.546263
1 1.376639 11.474529
1 1.547858 -16.237703
1 -5.894685 -11.029524
1 3.167401 2.407688
1 3.072127 2.424569
1 -16.307535 0.592578
1 15.056088 -10.337007
1 -4.573647 -5.077137
1 16.384825 -11.466427
1 0.128552 -0.527694
1 1.054172 11.704975
1 3.142617 2.247261
1 14.841278 -10.248121
1 3.091746 2.382888
1 -11.708622 12.075864
1 3.732952 2.438593
1 16.391886 -11.413450
1 16.460039 -11.556938
1 16.267271 -11.311750
1 1.045365 11.924319
1 14.881667 -10.262403
1 -11.655507 12.163229
1 0.823624 11.695624
1 16.469303 -11.503384
1 -16.159470 0.369190
1 1.669098 11.287081
1 1.273486 11.727304
1 3.329222 2.389560
1 3.245381 2.150667
1 3.128119 2.301606
1 3.282061 2.447082
1 0.300943 -0.307073
1 -18.947176 13.756499
1 3.057395 2.383500
1 -4.773064 -5.149740
1 1.551621 12.013151
1 16.383896 -11.425703
1 0.245595 -0.378876
1 3.427921 2.083053
1 -11.791121 12.155005
1 3.324350 2.550879
1 14.952815 -10.236114
1 3.198080 2.180572
1 -4.818139 -5.226707
1 14.946448 -10.471954
1 3.510782 2.194309
1 14.713784 -10.317845
1 3.351437 2.202978
1 17.523197 4.305383
1 14.888763 -10.119143
1 -11.637765 12.211740
1 3.349308 2.248461
1 0.957580 12.180099
1 16.372276 -11.452414
1 16.363926 -11.750250
1 0.879951 12.035658
1 1.449742 11.309715
1 3.110614 2.249325
1 3.135214 2.233758
1 3.139066 2.284629
1 3.281717 2.095325
1 3.243284 2.187689
1 0.937663 12.383658
1 -11.581047 12.089329
1 1.674454 11.763889
1 2.993255 2.256778
1 -11.683895 12.129891
1 3.433164 2.558976
1 -16.184690 0.551488
1 -12.451805 -6.065694
1 -12.249934 -5.610415
1 -16.194569 0.722765
1 0.781717 11.809196
1 -12.549453 -5.814569
1 0.476405 -0.378885
1 0.891929 11.567941
1 -11.766788 12.143157
1 14.969749 -10.379548
1 1.631661 12.188994
1 3.005464 2.607644
1 3.452256 2.528256
1 14.767339 -10.515179
1 3.378182 1.969495
1 16.107285 5.353688
1 3.221650 2.409852
1 14.861931 -10.369652
1 0.855354 12.328759
1 3.045593 2.761936
1 -1.719006 -9.071976
1 14.976616 -10.291574
1 1.137379 12.245789
1 -11.562778 12.233170
1 3.006437 2.300790
1 3.209979 2.315418
1 3.539016 2.598783
1 3.219792 2.171009
1 -11.945736 12.209869
1 3.280357 2.234294
1 1.146476 11.826283
1 3.130315 2.251457
1 3.041916 2.127367
1 3.372791 2.126345
1 -11.855450 12.138864
1 0.995914 11.699554
