2886
1 -5.680944 10.096544
1 -7.678034 -3.931362
1 -15.227810 -0.083789
1 -11.432887 1.554310
1 4.314421 9.527589
1 -4.326548 15.707303
1 -4.855237 14.226467
1 -11.580487 -1.138693
1 -12.212020 0.858665
1 -13.038004 -0.608069
1 -10.708823 2.973488
1 6.163065 8.174583
1 -13.120120 3.026462
1 -12.287820 2.379020
1 15.446432 2.122479
1 -14.374324 0.192116
1 -11.820312 1.364389
1 1.244004 -11.950034
1 -16.668823 -2.582562
1 -16.760126 -2.692095
1 -5.407060 8.020420
1 -5.384337 8.747797
1 -17.323130 -3.577951
1 -17.751862 -4.349000
1 16.037493 1.220326
1 15.894475 1.774890
1 -14.931953 -0.981423
1 -16.068201 -0.973669
1 -13.040919 -1.015185
1 -13.497523 2.016736
1 -14.642964 -1.664201
1 -14.525043 -1.620509
1 -16.085575 -0.273700
1 6.680744 6.424543
1 -15.450809 0.451378
1 5.331387 8.444779
1 -12.838022 -0.236660
1 -13.262478 -4.502075
1 -8.008009 -4.366098
1 15.288000 -0.787817
1 6.152449 7.972035
1 15.595071 2.538422
1 4.609475 9.767004
1 -13.354075 4.155057
1 -13.076043 4.180655
1 -15.344189 -0.144636
1 -5.179378 13.935034
1 7.787350 5.925704
1 -10.850366 -2.102314
1 15.512119 0.173699
1 -13.286337 -0.409743
1 2.130417 -15.422264
1 -4.190102 14.276675
1 -3.461236 10.898993
1 7.193307 6.836914
1 -11.883426 1.624822
1 -17.171566 -3.619730
1 -17.214354 -3.625451
1 1.973037 -15.292509
1 -14.823668 -0.187544
1 -13.753175 2.886708
1 -10.259633 -2.897476
1 -10.250470 -2.720107
1 -3.317292 11.254503
1 13.041338 0.169411
1 5.341167 8.361043
1 4.020666 9.687468
1 5.719867 7.016340
1 6.921509 -11.510350
1 5.693326 8.117873
1 -4.393092 11.141722
1 -16.242331 0.017751
1 -16.429161 -1.533781
1 -11.929842 1.077327
1 1.642322 -14.526234
1 14.759654 1.118618
1 -2.928613 10.073749
1 -14.261020 -0.657218
1 -14.340726 5.323930
1 -17.321196 -3.949373
1 -5.441156 14.160979
1 1.981962 -15.786335
1 7.820951 -15.374900
1 -16.537836 -2.481614
1 3.891884 10.290513
1 1.814404 -15.754064
1 5.630996 -12.329310
1 7.191403 -11.449028
1 2.284719 7.263184
1 13.635694 0.200062
1 13.537658 -0.147946
1 -12.696038 3.609969
1 15.130302 1.195240
1 2.259673 -8.602603
1 -11.037489 2.606290
1 -5.659122 8.888620
1 -5.400821 10.156098
1 -16.244032 -0.828833
1 14.759186 0.517319
1 15.199509 0.103666
1 14.810600 0.616091
1 4.108551 9.581927
1 -8.141739 -4.492791
1 -5.102772 14.016057
1 -4.296572 15.364318
1 -5.002291 14.048808
1 -4.902231 13.881218
1 -4.636348 14.480280
1 2.234863 -14.886415
1 -17.783653 -4.402823
1 16.716755 -0.412572
1 16.596558 -0.538348
1 -15.101766 0.174307
1 5.907807 8.622505
1 6.877858 7.756550
1 13.016629 3.981233
1 -16.411863 1.103132
1 6.281839 -11.787251
1 6.376708 8.658847
1 6.995834 6.787752
1 1.902920 -14.669205
1 -15.507862 -1.399682
1 -12.128405 4.341048
1 6.727908 7.152948
1 -13.574472 3.815538
1 -4.565079 14.106810
1 15.361523 0.659163
1 14.456538 1.217335
1 14.897796 0.869933
1 2.134213 -15.746292
1 -14.193434 3.724977
1 16.462650 -1.210038
1 -16.750937 -2.863451
1 -14.693892 -0.958505
1 -16.697933 0.227271
1 -5.285890 14.145835
1 -5.315282 10.473341
1 -13.051378 1.869718
1 -12.848083 2.137996
1 -0.783465 -16.885693
1 1.398757 -15.962358
1 -5.332881 13.433213
1 -5.118895 13.964054
1 -5.368474 13.127137
1 -11.618773 0.268132
1 -15.866598 -0.281108
1 -16.036312 -1.775320
1 -14.736599 2.259865
1 -8.546063 -4.725552
1 16.485367 -1.369885
1 -14.539744 -1.683593
1 -15.538257 0.094516
1 -15.478189 -0.021844
1 6.243332 7.298799
1 6.680916 7.723593
1 6.732481 7.644384
1 -13.631127 3.863285
1 -13.986957 3.977363
1 -12.704342 3.823098
1 -5.136305 10.332682
1 6.652821 -10.638794
1 5.339076 10.124981
1 5.022592 10.801661
1 5.252962 11.481760
1 -12.012455 1.182151
1 -13.963903 -0.501937
1 4.443531 9.846618
1 4.956062 8.449186
1 -14.260614 0.303064
1 -5.871895 10.485431
1 7.967166 10.226686
1 -4.898640 14.340880
1 -12.079997 4.330810
1 -13.765423 1.926520
1 14.547655 1.318465
1 -13.182602 3.395945
1 10.641511 9.966554
1 -13.930967 5.427335
1 5.510100 -12.393463
1 -16.289282 -1.415967
1 6.878591 -11.288352
1 6.947489 -11.867623
1 -17.742729 -3.887395
1 -5.210048 14.361663
1 -12.392909 0.401131
1 15.237212 0.361642
1 -5.571321 11.086497
1 6.482290 7.085748
1 -5.311126 14.027810
1 -16.910128 6.177197
1 -6.309425 11.422886
1 13.203017 -0.236220
1 -17.512314 1.523887
1 6.676210 -11.225063
1 -4.276183 14.905208
1 -5.279641 10.802742
1 7.175577 -11.714033
1 -11.624126 4.890429
1 -15.041783 0.049067
1 1.994013 -15.058086
1 2.358755 -15.242213
1 2.058940 -14.399501
1 5.498049 8.826056
1 -5.146612 13.808273
1 -17.480867 -3.791352
1 4.314534 9.453949
1 6.163284 -11.715559
1 5.200285 11.742239
1 4.974953 11.912953
1 5.077286 11.860534
1 6.999163 -11.209814
1 16.758144 -0.617213
1 4.409092 12.179838
1 6.845375 7.847981
1 6.065652 8.509308
1 1.252661 8.528291
1 -15.677480 0.055620
1 2.004420 -15.433929
1 -5.546279 10.727742
1 6.921221 -11.937499
1 6.821944 -11.445391
1 -16.208580 -2.238401
1 -17.184076 -2.044250
1 -17.881302 -1.813306
1 6.225641 7.720118
1 6.901742 -11.127763
1 -16.358240 -2.552039
1 -5.459279 13.722202
1 4.987499 11.472128
1 4.758276 10.485862
1 2.239788 -15.247992
1 7.415657 7.315505
1 6.808833 7.551830
1 7.109564 -11.784945
1 6.307186 8.338660
1 6.054946 7.915589
1 5.550043 7.500403
1 -14.130191 -0.728030
1 5.864588 6.759326
1 -16.476919 -3.529160
1 -5.382604 10.750954
1 2.147681 6.625956
1 -4.767255 14.073371
1 6.789970 -11.235420
1 -4.942386 14.196858
1 -5.040332 14.192532
1 4.722805 8.483918
1 -6.361868 13.194795
1 -5.463506 10.694857
1 6.719728 -11.735276
1 6.855870 9.556149
1 16.579357 -0.301255
1 -11.246023 -0.071286
1 -5.619524 9.075571
1 7.263398 -11.263542
1 6.482307 7.448333
1 5.783137 8.250027
1 -17.897404 -0.275506
1 7.779672 8.380555
1 -5.315494 10.951341
1 -5.763161 10.871417
1 5.163659 11.995954
1 6.388847 8.128247
1 -5.696548 10.567556
1 -12.168507 -1.691614
1 14.963604 1.442050
1 14.691949 0.337533
1 1.890834 -15.910629
1 -5.804610 10.683306
1 7.137598 -11.366797
1 6.712419 7.760554
1 14.328533 -2.218409
1 -16.086180 2.237326
1 7.320431 -11.723973
1 6.156091 -11.463405
1 -13.225167 1.183050
1 14.649595 0.568373
1 6.958939 -10.975260
1 7.567769 -21.948029
1 -13.584968 4.160623
1 2.891366 8.539165
1 5.558039 9.153761
1 6.688282 -11.510084
1 -5.398488 10.460169
1 -16.816761 0.118990
1 -7.652029 6.875614
1 2.022617 -15.054455
1 16.353176 -0.935909
1 -5.713029 13.674460
1 6.926202 -11.316266
1 7.019055 -11.889730
1 5.676333 8.229814
1 -5.657362 10.991375
1 6.848158 -11.323600
1 9.056655 -11.304428
1 0.069315 -16.414598
1 5.803060 10.279037
1 -12.760889 4.249960
1 15.324361 1.296513
1 -5.283779 13.880882
1 -5.429778 10.859729
1 -5.169284 14.124144
1 7.321559 -11.536935
1 -6.080267 10.519899
1 16.115196 -0.915053
1 6.870278 -11.443196
1 6.898768 -11.468100
1 7.077094 -11.625230
1 7.027505 -11.564857
1 -12.145281 3.046361
1 7.627249 -11.813960
1 -15.944317 1.508140
1 6.869431 -11.370388
1 6.800909 -11.391311
1 -5.279720 14.237813
1 4.886822 11.192208
1 15.681718 -0.210185
1 -7.625521 7.493201
1 6.685770 -11.479903
1 -6.894195 11.031842
1 6.172492 7.620714
1 -14.344780 5.274007
1 -4.528033 10.305417
1 -5.681664 13.276031
1 -5.293500 10.907119
1 4.162070 12.436151
1 6.554377 -11.380658
1 5.229566 11.657886
1 -16.978365 -2.430908
1 7.046484 -11.770854
1 6.787112 -11.413301
1 -15.833128 5.956024
1 4.945139 11.466280
1 -2.448154 8.880399
1 1.981848 -15.627625
1 6.759227 -11.475420
1 7.216634 -11.170293
1 7.091140 -11.529671
1 6.670963 -11.509666
1 6.933295 -11.364220
1 -5.323935 10.642056
1 6.927667 -11.282784
1 -0.228321 -16.657808
1 6.695547 -11.462647
1 4.772922 11.588317
1 5.101713 11.507901
1 2.267614 -15.447065
1 6.751858 -11.245594
1 4.341074 8.845382
1 6.390612 7.027445
1 -5.836220 10.947729
1 8.195343 5.946449
1 7.452716 -11.515252
1 2.043823 -15.300826
1 17.621593 6.041770
1 5.585677 5.609187
1 6.920832 -11.456526
1 1.834314 -16.099157
1 7.303748 -11.353116
1 6.979467 -11.386181
1 5.134537 11.459075
1 5.133369 11.567375
1 5.394401 11.602048
1 7.131268 -11.567514
1 6.510591 -11.620056
1 -4.998817 14.357566
1 6.918570 -11.588204
1 -6.050560 10.220992
1 6.937129 -11.446306
1 6.738275 -11.324875
1 13.995580 -0.456031
1 7.220755 8.116054
1 -4.351880 -7.064321
1 7.090382 -11.590752
1 6.820856 -12.113601
1 6.839580 -11.467172
1 18.505548 -6.984652
1 1.837063 -16.100056
1 16.367884 -1.478958
1 7.080493 -11.536330
1 11.590281 -7.709097
1 -4.892780 14.643512
1 -17.569281 8.863534
1 -5.279028 14.155853
1 -4.000513 15.625943
1 6.817720 -11.670788
1 6.917152 -11.316700
1 -5.540770 10.396494
1 7.159583 -11.647554
1 5.434813 11.269043
1 7.243126 -11.175905
1 7.809308 -11.870630
1 7.033170 -11.422368
1 6.918675 -11.546595
1 0.287582 -17.545811
1 6.973541 -11.228477
1 7.254057 -11.558312
1 7.158491 -11.387354
1 -11.715654 -0.257763
1 6.528218 -11.484267
1 6.525112 8.998321
1 7.063208 -11.705442
1 -15.148376 -12.281152
1 -5.568628 10.140121
1 6.908352 -11.396476
1 7.261115 -11.743035
1 4.823390 11.992107
1 6.741125 -11.393443
1 -5.552343 10.350546
1 6.940609 -11.636549
1 -3.463749 14.738711
1 2.093278 -15.962440
1 -10.984561 -0.362898
1 -11.184509 -0.660965
1 6.557539 -16.941175
1 20.931671 -1.977406
1 5.175560 11.737020
1 5.090791 11.410835
1 1.099381 2.371720
1 12.834189 0.389109
1 -8.092978 14.495003
1 5.223802 11.528259
1 5.441007 11.456407
1 -13.893580 -16.241673
1 -10.010367 13.304509
1 5.142399 11.485517
1 20.349459 -4.268680
1 5.131636 11.611534
1 -11.123858 -0.543842
1 -8.471131 4.734261
1 5.271704 11.584260
1 -16.581814 -6.390707
1 -13.504606 14.062780
1 5.404269 11.719790
1 5.364528 11.549397
1 -5.473341 14.238656
1 5.365449 11.693525
1 5.692960 5.368535
1 5.666238 5.512737
1 -12.177196 0.826865
1 1.765937 14.458160
1 -11.148635 -0.545630
1 14.271503 0.940414
1 -5.545952 10.349885
1 -23.035236 1.616276
1 0.992647 16.582916
1 5.224826 11.703661
1 5.208607 11.603261
1 13.569708 -16.114731
1 5.198158 11.676668
1 -11.327077 -0.153291
1 5.306998 11.717932
1 -11.753693 -0.765127
1 5.233719 11.552184
1 5.373466 11.803861
1 5.173858 11.664938
1 -17.671289 -10.956762
1 5.413808 11.698025
1 -16.479671 6.249327
1 5.284716 11.609881
1 -3.330522 -17.700480
1 5.841079 11.301441
1 5.175153 11.593582
1 5.940203 11.181815
1 5.134439 11.631518
1 5.237954 11.393349
1 8.849286 -17.227898
1 4.356773 6.934152
1 4.934378 11.369624
1 1.575646 10.799034
1 5.273249 11.783764
1 5.194322 11.633873
1 5.142027 11.700292
1 -5.450750 10.425634
1 5.232186 -12.548335
1 -1.202772 -20.189768
1 -11.052979 -0.465785
1 -11.125934 -0.511300
1 16.893572 -11.823114
1 -22.917576 3.978087
1 5.743040 5.987401
1 1.134312 -14.967997
1 5.270353 11.689065
1 -18.832243 -9.597897
1 6.880098 -11.329170
1 5.445217 5.583531
1 5.449380 11.669619
1 -22.824034 -5.975953
1 13.254715 -15.659463
1 5.289222 11.442216
1 -4.589122 2.157132
1 -18.246773 0.325243
1 5.541263 5.581943
1 -5.623703 10.529712
1 5.500609 11.393491
1 -18.717148 4.215795
1 5.294884 11.764822
1 -11.090026 -0.650780
1 5.105839 11.806545
1 -16.593853 -6.312499
1 5.281175 11.742080
1 5.367283 11.603239
1 -3.615641 15.227994
1 11.698442 3.462756
1 -16.264494 -7.452792
1 5.287228 11.601151
1 15.334066 0.771517
1 -12.115223 0.668864
1 5.978819 10.723248
1 -7.924699 -4.252868
1 -15.791876 -0.314718
1 -15.984476 -0.289710
1 -16.189283 -2.333685
1 -16.132475 -1.967111
1 7.067802 -11.990044
1 -11.269703 -2.144439
1 6.908359 -11.815973
1 -16.106815 -1.739666
1 4.078003 12.598036
1 -13.714611 2.000378
1 -14.540997 -4.475296
1 -16.661909 0.676920
1 1.044545 -16.293591
1 -13.502446 -0.608983
1 -12.854301 -0.965998
1 -4.994544 1.716646
1 3.130912 9.804632
1 6.632899 -11.504083
1 6.916665 -11.473083
1 -15.628261 -0.960717
1 -13.190415 -0.980579
1 -17.594954 -4.139975
1 -11.386799 -7.449233
1 6.363448 -12.039495
1 15.966091 1.983499
1 -15.405665 -0.234905
1 -15.154802 -0.799584
1 -17.351004 -0.719924
1 -17.733494 -0.551707
1 -6.012123 14.661625
1 -15.803445 0.438259
1 -15.016978 0.482326
1 6.618153 -11.539845
1 -12.324581 0.381429
1 -8.004504 -4.308953
1 15.028883 1.093531
1 13.574457 -0.824541
1 -12.504889 1.019722
1 -17.684986 1.310614
1 -15.508737 -0.730138
1 -10.958735 -1.944666
1 13.637844 -0.612872
1 4.434494 9.679646
1 15.195356 -0.093572
1 -13.474474 -1.882043
1 -13.330889 -1.476420
1 5.763919 9.273706
1 16.209969 -0.507397
1 3.093073 -10.985625
1 -16.062359 -1.138062
1 -12.468622 -0.501661
1 -12.537421 -0.405660
1 15.136370 0.436447
1 15.015919 0.605250
1 -12.165597 1.530739
1 -15.184461 -0.590434
1 -0.385734 1.051500
1 1.835286 -15.680660
1 -13.667852 -0.770430
1 6.573183 -11.375338
1 5.548588 8.222989
1 -17.721687 0.578725
1 -16.489910 -0.435007
1 -16.356443 -2.727588
1 6.866124 -11.430490
1 16.191963 -1.253353
1 -16.254175 -3.366022
1 6.639453 -11.724280
1 6.377313 7.502237
1 -12.873855 3.677253
1 7.026055 -11.727284
1 -16.174713 -1.396381
1 -13.505331 -1.497661
1 -14.148491 -0.693242
1 -17.114220 -4.041598
1 -4.826611 10.385411
1 4.492187 11.437712
1 -15.368343 -0.591270
1 -14.066212 -1.501546
1 5.478987 8.319401
1 6.908892 7.751796
1 1.537524 6.843931
1 5.789190 -11.960922
1 -13.167697 3.081818
1 14.988360 2.050678
1 -5.944835 8.019125
1 -14.029989 3.860600
1 -14.323874 -0.397641
1 2.302888 -15.525963
1 14.881475 0.659124
1 16.765039 -0.504727
1 -14.738558 -0.996642
1 14.725980 1.270644
1 16.347757 -1.399722
1 7.051667 -11.467816
1 14.370950 -0.324086
1 14.267752 0.341756
1 -12.146589 2.057447
1 -17.240225 -3.876685
1 -14.363743 -0.131343
1 1.788636 11.838379
1 1.100595 11.828217
1 -12.199748 2.496702
1 -15.471985 -1.145657
1 -13.188462 1.475123
1 -15.141245 -0.041571
1 -15.188580 0.454752
1 7.235966 7.780375
1 6.528742 -11.158300
1 6.804235 -11.930620
1 -12.421240 0.607994
1 1.689432 -16.075169
1 -12.363322 5.792174
1 -13.192100 0.194927
1 -17.076914 0.175846
1 15.518561 1.906236
1 4.139918 -10.370641
1 5.783625 -12.593141
1 -12.661489 1.541324
1 -3.193649 11.636832
1 -3.539219 11.930725
1 -12.814440 2.993163
1 -15.064714 -0.230142
1 -14.683166 -1.675100
1 -8.117674 0.205844
1 16.363171 -0.655119
1 -12.608643 4.226381
1 -17.414577 -9.231405
1 6.603218 -11.577307
1 4.477856 9.373050
1 2.078292 -15.222578
1 -12.700199 3.510787
1 6.083177 -12.337027
1 -12.090746 -0.330309
1 6.277458 7.699140
1 5.512767 8.127777
1 6.158721 -12.644368
1 -14.177823 -1.197929
1 5.949691 -11.636580
1 6.878207 -11.298649
1 4.302333 9.978009
1 1.898435 -15.034095
1 7.345018 -11.244877
1 15.456545 -1.130165
1 6.541212 -11.585036
1 14.763658 1.061561
1 16.256104 -0.694562
1 16.338415 -0.979886
1 5.759864 12.324423
1 5.238911 10.064714
1 4.856700 10.779494
1 -4.929747 10.467018
1 6.557763 -11.532970
1 7.125842 -12.068289
1 16.497215 1.529659
1 16.295130 -0.923420
1 -15.370140 -0.229987
1 6.973526 -11.819884
1 1.970495 -14.995740
1 6.575365 -11.879110
1 14.498084 0.442521
1 16.276438 -1.117289
1 -15.444697 -0.218690
1 4.549238 11.456964
1 7.003207 -11.557572
1 6.792778 -11.729956
1 -13.611456 1.781424
1 3.745016 9.815484
1 4.853930 12.055092
1 6.512347 -11.647805
1 -16.218708 -2.104184
1 4.354476 12.295650
1 -12.252661 0.122405
1 6.141634 8.170088
1 7.584775 7.419892
1 5.848361 12.264073
1 -3.975993 12.031754
1 -2.613715 12.027698
1 -14.549973 -1.668028
1 -13.263646 -1.242263
1 6.263589 8.308642
1 6.971241 -11.529603
1 16.187630 2.312136
1 6.689738 9.317501
1 4.346721 11.548175
1 5.555243 -13.652622
1 -12.256085 0.190075
1 6.714065 -11.659534
1 -18.818655 7.115512
1 15.060289 1.021321
1 -13.611334 1.758375
1 1.815327 -15.713814
1 16.625618 -0.943399
1 1.786713 -14.994086
1 -5.182194 13.893720
1 -5.057977 11.095207
1 5.167031 8.638431
1 5.213589 12.013879
1 2.177816 -15.484361
1 -15.997831 10.889740
1 6.714301 -11.611741
1 1.888504 -16.024820
1 7.350718 8.135672
1 14.859251 0.774735
1 -7.678099 3.088348
1 3.897830 10.805114
1 6.631891 -11.827823
1 6.544056 -11.276048
1 5.601140 9.635015
1 1.660035 -15.961956
1 16.316902 -0.613474
1 4.776164 11.596472
1 6.625454 -11.292791
1 7.687769 -11.628424
1 6.579583 -11.621058
1 6.843465 -11.436637
1 7.479218 -11.896266
1 5.282012 -12.726711
1 16.327616 1.429405
1 6.613334 8.444890
1 1.269528 -15.090000
1 5.150222 8.916384
1 -15.773296 12.262120
1 5.203491 11.321391
1 -4.609647 8.531066
1 -4.921642 12.226784
1 5.091640 8.192983
1 6.862936 -11.586572
1 7.562903 -21.918873
1 -2.984808 12.152570
1 6.633480 -11.302673
1 6.895499 -11.480080
1 6.395299 -11.614719
1 -13.457611 1.987674
1 6.592292 -11.763927
1 4.967537 8.446692
1 2.306402 -15.658156
1 2.066119 -15.228827
1 -17.070171 -4.170520
1 14.877984 1.133283
1 -17.850683 10.639523
1 4.740538 8.160368
1 6.896309 -11.467829
1 6.404354 -11.712098
1 -16.533588 -1.920374
1 6.072239 9.503836
1 6.900403 -11.780530
1 6.942754 -11.528574
1 4.993603 11.369441
1 6.953267 -11.648066
1 1.089081 -15.743266
1 6.510902 -11.252213
1 2.106415 -15.472914
1 -3.370576 12.340273
1 -12.088004 -1.899388
1 13.754013 2.303316
1 7.029739 -11.578562
1 5.282895 -12.464912
1 -13.446145 0.046253
1 15.539176 0.396776
1 2.292512 -15.436205
1 6.745709 -11.387042
1 14.087505 -0.886546
1 4.798389 11.973206
1 7.953146 -11.313409
1 -18.499678 8.905658
1 7.238904 -11.643978
1 6.529884 -11.521034
1 7.055261 -11.705580
1 4.599042 11.158116
1 4.391159 10.847291
1 6.763086 -11.640797
1 5.428745 -12.425386
1 6.701895 -11.624326
1 6.883278 -11.603392
1 1.876006 19.665218
1 6.839220 -11.407969
1 6.424562 -11.740141
1 6.997427 -11.502351
1 2.120456 -15.493049
1 7.158865 -11.594781
1 0.275227 -10.857329
1 6.580716 -11.545559
1 6.688531 -11.344049
1 5.107975 11.566215
1 6.690862 -12.142295
1 7.105102 -11.724954
1 6.647106 -11.391796
1 2.564110 -15.598364
1 6.661983 -11.446424
1 6.536575 -11.537899
1 6.739597 -11.566242
1 6.882885 -11.704377
1 6.580359 -11.582859
1 7.065133 -11.260192
1 6.283166 9.185843
1 -0.885652 -1.599378
1 6.902473 -11.728775
1 7.199431 -11.790800
1 -0.371296 -16.757534
1 6.951735 -11.509758
1 0.686302 -16.807976
1 6.500970 -11.719717
1 6.628603 -11.841681
1 4.933279 11.374596
1 6.783721 -11.323750
1 2.192972 -15.623509
1 6.961489 -11.594957
1 -2.763765 12.099088
1 2.210785 -15.400464
1 7.217607 -11.612786
1 6.928329 -11.470236
1 -21.606543 3.740302
1 6.839136 -11.406688
1 6.483284 -11.407675
1 5.293698 -12.540388
1 5.212434 11.615987
1 -11.237347 -0.510253
1 5.279469 11.608832
1 -3.522751 6.453734
1 -10.098269 2.855953
1 5.592083 11.682068
1 -2.857318 20.427507
1 9.138859 12.163697
1 5.094857 11.420340
1 5.495159 11.781553
1 5.208216 11.514329
1 7.837797 10.642462
1 -13.110507 -0.218100
1 -12.831522 -0.437292
1 -7.127384 6.872133
1 -10.231533 16.270235
1 -13.023103 -0.413359
1 5.494182 11.433343
1 8.289280 7.471958
1 5.292873 11.479983
1 4.957164 11.342802
1 -11.219441 -0.494232
1 -11.025593 -0.518322
1 9.117372 -16.745958
1 5.170695 11.585496
1 4.995797 11.854052
1 13.762158 -2.163208
1 -19.061270 -0.581618
1 5.673807 5.421778
1 -11.332908 -0.330660
1 6.237108 -17.382954
1 1.352725 -14.953562
1 -11.652973 -1.817510
1 11.057370 -17.476067
1 5.144551 11.621346
1 4.886962 12.229295
1 5.266450 11.517018
1 5.263075 11.590669
1 5.316398 11.750729
1 6.368388 6.854240
1 6.645769 -11.250435
1 9.375592 4.825233
1 -7.251096 6.853668
1 -10.094253 -16.712223
1 5.138002 11.742540
1 5.234055 11.538985
1 5.254552 11.606663
1 -11.098772 -0.402312
1 -20.422638 0.612663
1 16.498840 -13.348194
1 7.034674 -11.341678
1 -15.668248 -11.760448
1 5.117614 11.643414
1 -7.321407 7.807989
1 11.318754 -15.501503
1 5.209443 11.729759
1 -18.568413 -4.645391
1 -11.033399 -0.343884
1 -18.287130 -11.113544
1 5.015452 11.432261
1 5.183932 11.647889
1 5.212007 11.631345
1 -16.557055 -1.065877
1 5.530368 5.822834
1 7.518678 -21.923561
1 5.216599 11.599569
1 5.186769 12.007554
1 6.826441 -11.195961
1 13.947878 -2.188696
1 4.660337 11.559520
1 5.089492 11.267221
1 5.248429 11.536910
1 5.376028 11.455119
1 -17.343826 -8.843349
1 14.010809 0.809663
1 4.813590 11.301251
1 1.204533 -20.583632
1 5.205699 -12.590519
1 5.105405 11.584701
1 5.980384 11.250239
1 -11.849437 -1.193064
1 5.138860 11.570895
1 -15.096940 -7.352208
1 -13.707656 14.172566
1 5.318149 11.880712
1 5.307868 11.762753
1 5.247383 11.566598
1 5.067175 11.900974
1 5.181461 11.696202
1 5.365580 11.564212
1 5.691568 5.820732
1 -8.142354 -18.555569
1 6.676069 -11.330253
1 5.717811 9.417195
1 5.689936 9.736297
1 -4.577331 9.406546
1 21.113981 -0.743926
1 -7.595614 -4.001479
1 -7.952034 -4.215935
1 -15.679948 -0.271140
1 6.722335 -11.589342
1 1.946424 -15.515126
1 -15.246667 0.680619
1 -15.210958 -1.130341
1 -14.587220 3.904392
1 -10.900044 3.121267
1 -12.170759 0.655503
1 -5.416978 13.518857
1 -4.561822 11.274468
1 1.962315 -15.488897
1 16.471172 1.556438
1 -16.105055 -2.271176
1 -16.574074 -2.958387
1 -11.865195 0.332191
1 -4.307038 14.155829
1 16.409584 0.165985
1 -13.048770 -1.045630
1 -16.488831 0.887474
1 -17.732994 -4.369842
1 -12.097428 3.589393
1 -15.536351 -1.174321
1 3.394773 -9.059131
1 -12.654284 2.784400
1 -12.651378 2.639148
1 2.666677 -15.444090
1 -18.051279 -1.850038
1 -16.860018 -2.196497
1 15.526413 -0.918954
1 -14.363948 3.911436
1 -14.200334 -1.692396
1 5.262390 10.910142
1 16.755301 -0.482809
1 16.589264 -0.351347
1 -12.242142 -0.711660
1 -12.175028 0.631043
1 -12.196153 0.581305
1 16.266983 -1.488933
1 -5.488112 11.483264
1 13.950936 -0.743393
1 -17.781559 -4.369945
1 -17.774349 -4.384912
1 12.211674 -0.795257
1 -13.625972 -0.214195
1 15.531325 2.511896
1 -12.638765 1.024689
1 7.187641 8.636195
1 -4.573292 13.831424
1 -12.592624 2.181961
1 5.674024 -11.764032
1 5.238482 -11.930638
1 -5.341757 14.015713
1 -13.496867 3.609632
1 13.480972 -0.452794
1 6.974201 7.452874
1 4.839411 8.891601
1 1.258406 -11.945298
1 -16.215088 -1.292727
1 2.114896 -14.252316
1 1.416614 -15.980881
1 1.557842 -16.220415
1 7.031011 -11.289321
1 4.211125 12.735582
1 -7.999873 -4.278738
1 -16.540993 -0.358930
1 -2.750663 10.444633
1 2.232771 -14.829594
1 16.059807 -0.637243
1 -4.899314 9.174280
1 -4.823204 14.417868
1 -5.082801 14.060155
1 -8.040236 -4.104146
1 -14.025959 -0.779073
1 -12.123642 1.466499
1 -5.008360 13.443297
1 5.829213 -11.437537
1 6.216595 -11.571446
1 -13.114927 0.076038
1 -13.704319 -0.191743
1 6.498581 -11.521617
1 5.096086 -10.953512
1 13.601699 -0.308660
1 -11.002875 -1.953205
1 15.731080 -2.031177
1 6.818817 -11.472126
1 -4.558278 13.004820
1 -17.652346 -4.438056
1 6.631670 -11.588865
1 -2.845398 10.522837
1 1.518714 -15.495548
1 -12.132526 0.801249
1 6.974036 -11.327573
1 -4.910006 11.509688
1 2.011163 -14.971585
1 2.430893 -14.007880
1 5.141663 12.256391
1 -16.150686 -0.919928
1 -11.606391 1.404453
1 -17.170673 -4.021109
1 -17.243864 -0.542937
1 1.388431 -15.612291
1 6.491238 -11.652563
1 6.690505 -11.389385
1 -14.652126 -1.420871
1 1.332968 15.714147
1 -4.708521 11.318469
1 -13.416218 3.136328
1 7.033115 -11.577568
1 -14.580396 0.718197
1 -5.095287 12.871678
1 2.025326 -15.427452
1 5.569695 9.824436
1 -5.056175 11.098821
1 -4.702075 11.094895
1 -11.576636 -4.076056
1 14.048645 1.816702
1 2.687312 6.740875
1 -5.569003 14.273204
1 -4.366096 11.172644
1 -5.386528 14.175755
1 -7.918963 -4.120469
1 15.854252 -0.698059
1 -5.603666 13.123339
1 -4.869095 13.949393
1 -5.692975 11.265782
1 -5.604526 11.692102
1 -12.594483 -0.617900
1 -5.375373 14.070128
1 -5.695590 14.274770
1 -5.663087 13.923837
1 -5.438395 13.985726
1 -4.925141 14.057840
1 -4.431601 14.401084
1 -17.190706 -4.159577
1 4.811571 -2.881961
1 -11.651833 2.010015
1 3.396215 -10.130931
1 -16.675589 0.307589
1 -12.227542 1.956007
1 -4.465275 10.242581
1 -4.971234 14.240131
1 -16.588333 -3.413685
1 -6.386564 8.836844
1 -10.920434 2.761639
1 6.701393 -11.620035
1 1.947916 6.363239
1 6.884352 -11.641500
1 6.078673 -6.104860
1 1.921519 -15.263845
1 -13.666974 3.766435
1 3.779967 9.338553
1 1.725483 -16.112495
1 6.480179 -12.110476
1 1.687729 -15.761940
1 2.009057 -15.192309
1 -5.141531 13.937420
1 6.981853 -11.329064
1 -3.674688 11.374806
1 -4.619694 10.686023
1 -13.666397 -0.360162
1 4.199676 12.421494
1 -13.263795 -1.297588
1 1.650245 -16.238226
1 -16.321140 -0.249503
1 5.629141 11.481221
1 -4.989941 13.243225
1 -4.303866 12.687975
1 6.429058 -10.768000
1 -16.567989 -2.606735
1 -14.092360 3.959983
1 -14.111975 3.730397
1 -14.487947 0.517125
1 1.546137 -15.300315
1 4.804496 9.833040
1 -16.359549 0.331383
1 2.335937 -15.575521
1 -5.440770 11.659597
1 6.621833 -11.443065
1 -3.499049 12.226505
1 0.870042 -16.148924
1 -5.632376 14.230823
1 6.227538 8.268885
1 16.222952 -1.287031
1 7.138318 -11.567688
1 -4.911491 11.402307
1 -3.740929 11.139469
1 13.468628 -0.691060
1 -12.264347 2.981728
1 16.609364 -0.762955
1 -5.047866 14.233851
1 13.401141 -0.632780
1 2.064538 -15.580833
1 6.085984 -11.432893
1 16.333529 -1.232573
1 -11.982159 0.169132
1 6.145439 -11.639532
1 5.114449 11.034423
1 -17.933262 0.189406
1 -4.642179 10.706754
1 -4.445935 11.223207
1 -11.764782 1.805094
1 5.557532 11.537177
1 6.898092 -11.537972
1 -14.332937 3.936837
1 -5.761866 14.373319
1 -5.505699 14.139797
1 0.396391 -10.837295
1 -5.207075 13.838758
1 13.231467 -1.047316
1 14.867829 0.494972
1 -4.742314 13.237335
1 -3.477872 10.962074
1 -0.260016 -9.042323
1 -12.093209 4.252514
1 -15.622977 -0.201277
1 -15.814906 -0.492540
1 6.689938 -11.716586
1 2.346404 -15.532283
1 -5.338353 10.356392
1 5.579763 11.452059
1 -8.856530 17.872972
1 -4.769934 14.103808
1 6.934204 -11.591680
1 -12.323408 3.270567
1 -4.545802 10.626025
1 -5.528561 11.582831
1 15.084109 -1.399367
1 6.436402 -11.344491
1 -3.342147 9.227471
1 -5.171896 11.562344
1 -5.243248 11.589929
1 -4.561298 11.617247
1 -5.584960 10.612726
1 5.171476 11.446470
1 -13.855916 -1.326046
1 2.201215 -15.352590
1 5.308272 -12.489606
1 -5.165039 13.935270
1 -12.268749 0.698187
1 -17.347979 -3.736145
1 -5.003632 14.314939
1 6.495302 10.861319
1 6.946185 -11.608054
1 14.579837 0.889798
1 -0.421925 -8.744143
1 7.071481 -11.605230
1 -17.397650 -4.026574
1 2.171160 -15.229561
1 -3.601562 10.857820
1 -9.201714 17.555256
1 4.510375 10.863023
1 6.699076 -11.236372
1 14.375230 -1.194899
1 6.791335 -11.488165
1 -17.369148 -3.813552
1 5.036582 11.216645
1 -5.016733 11.195528
1 6.719929 -11.265764
1 -14.083334 -4.287893
1 6.685195 -11.404290
1 -5.446994 11.727109
1 2.367222 -15.546069
1 -4.537279 11.447464
1 4.091163 9.609768
1 -4.633162 11.127269
1 -4.762882 13.915578
1 5.098597 11.788542
1 -4.942162 8.876423
1 1.654191 -14.918469
1 1.614869 -15.106795
1 1.567764 -15.405265
1 6.925568 -11.554915
1 5.894588 -11.885336
1 1.817036 -15.177436
1 1.616005 -15.014689
1 7.038668 -11.782277
1 -16.457577 -2.605078
1 -4.647990 10.379673
1 -4.870289 14.459859
1 1.897434 -15.297895
1 6.732159 -11.746469
1 -10.825264 2.859815
1 -3.355008 10.898862
1 6.571302 -11.622525
1 6.892416 -11.639497
1 6.949256 -11.824838
1 6.491917 -11.366106
1 2.099019 -15.476334
1 7.076511 -11.878977
1 14.057429 -2.084205
1 2.220445 -15.010239
1 0.462470 -7.022561
1 16.629984 -1.431131
1 6.993648 -11.291349
1 0.516782 -13.497440
1 -8.171824 -4.242234
1 6.624419 -11.430984
1 -4.870417 10.286282
1 -5.178636 11.379638
1 5.048483 12.335338
1 6.867857 -11.172727
1 -18.118948 -1.790005
1 -4.363199 11.240302
1 16.854650 -0.508758
1 -4.932404 11.036303
1 -12.229871 4.321306
1 2.056449 -15.042419
1 -3.608090 11.999417
1 6.319783 -12.647593
1 7.093741 -11.188275
1 5.222887 10.228001
1 2.110768 -15.363950
1 1.969143 -15.269269
1 6.906800 -10.960192
1 14.441542 0.961134
1 5.275560 6.165708
1 2.800308 -15.039536
1 15.143107 1.262764
1 6.814269 -12.147539
1 2.108572 -15.015624
1 15.558712 1.244964
1 2.168252 -14.362940
1 2.233851 -15.050881
1 -4.296410 11.176147
1 1.926891 -15.301869
1 7.076175 -11.452769
1 6.823928 -11.333000
1 -4.541913 11.423376
1 6.181815 -11.600622
1 -15.782990 -2.079136
1 -4.438986 11.320383
1 6.420665 -11.698852
1 4.942433 -13.368502
1 -17.012638 -4.051260
1 1.763777 -15.104131
1 4.457088 12.788598
1 6.273500 -11.673204
1 -4.910905 11.378368
1 -2.045568 10.615872
1 15.591851 0.369886
1 6.939369 -11.647497
1 5.229820 11.768703
1 4.569139 11.624935
1 -14.526978 -1.754022
1 4.786914 12.348351
1 6.486695 -11.405125
1 6.882985 -11.617172
1 -5.393187 10.547103
1 6.712644 -11.506248
1 6.912777 -11.257593
1 15.410127 0.666501
1 6.643774 -11.593984
1 6.688087 -11.485313
1 7.071209 -11.770653
1 -5.158379 11.938516
1 7.030245 -11.888450
1 6.424744 -10.965721
1 2.191161 -15.264173
1 -5.412477 14.361824
1 1.475208 -14.869846
1 -11.020917 -0.228600
1 6.882433 -11.642248
1 5.341494 11.946251
1 -5.081012 13.909642
1 2.328319 -15.577726
1 6.935436 -11.603247
1 -9.753005 16.340145
1 6.896153 -11.247470
1 16.270292 -0.772032
1 6.826881 -11.232745
1 6.934601 -11.335143
1 -5.166435 11.100044
1 6.821255 -11.275636
1 7.281579 -11.857886
1 7.369989 -11.807326
1 6.834189 -11.449434
1 5.835663 -12.907345
1 16.180777 -1.282834
1 -6.177990 13.697603
1 7.136545 -11.197086
1 2.046293 -15.288844
1 5.558903 11.284462
1 6.906954 -11.422720
1 6.676139 -11.433587
1 7.095789 -12.012239
1 -3.082340 12.604967
1 15.500985 -1.865789
1 -5.210405 14.318782
1 7.051917 -11.229468
1 7.115042 -12.135646
1 4.881659 12.140961
1 4.845552 12.200858
1 7.727014 -11.820347
1 6.470805 -11.623870
1 16.069521 2.039840
1 1.736087 -15.921472
1 6.820504 -11.465904
1 16.769903 -0.559177
1 7.243381 8.036772
1 7.549506 -21.950541
1 19.151140 3.200331
1 16.349333 -0.546237
1 6.981294 -11.509475
1 6.789174 -11.294611
1 -4.486588 11.700715
1 6.347133 -11.762461
1 6.985988 -12.019361
1 7.017560 -11.563988
1 -4.909499 10.109331
1 7.305929 -12.240558
1 1.993267 -15.659913
1 -4.525810 11.728309
1 -5.282386 11.506921
1 7.086408 -11.568829
1 2.388757 -15.470366
1 -6.397207 14.484762
1 2.325725 -15.395986
1 -4.525715 14.957161
1 6.923508 -11.491643
1 20.119087 1.188708
1 6.574803 -11.559780
1 2.210996 -15.467432
1 6.483138 11.124603
1 6.680387 -11.625171
1 2.200078 -15.539144
1 -5.465596 14.206275
1 7.076314 -11.380853
1 14.521435 1.129547
1 7.102384 -12.137604
1 6.849897 -11.463049
1 -12.938558 0.337609
1 1.924279 -15.279806
1 6.874313 -11.696464
1 2.483667 -14.845421
1 -4.190012 11.384944
1 7.064320 -11.161764
1 6.797917 -11.571368
1 6.699744 -11.226274
1 15.365623 0.340844
1 1.583988 -15.137793
1 8.012816 -11.938848
1 6.411358 -11.347170
1 1.659291 -15.882507
1 1.723125 -15.792175
1 -11.899516 -0.912072
1 6.971066 -11.335902
1 6.715433 -11.567286
1 7.048532 -11.629954
1 -2.221881 0.923090
1 6.971656 -11.498933
1 7.238253 -12.351213
1 2.382644 -15.741706
1 6.540924 -11.607453
1 6.478815 -11.447892
1 7.390824 -11.764765
1 6.949549 -11.339234
1 -18.220541 -7.350503
1 5.441528 12.406277
1 5.397520 12.110901
1 5.631441 12.478615
1 7.084641 -11.519364
1 6.978982 -11.452373
1 6.706616 -11.862772
1 6.812654 -11.568055
1 4.801532 11.900866
1 6.396411 -11.628104
1 4.166713 12.003618
1 6.906988 -11.260514
1 -4.859298 11.643507
1 6.315268 -11.478381
1 15.949199 -1.180475
1 4.871669 11.082583
1 6.858075 -11.256322
1 -13.851660 1.563663
1 -5.364127 10.881855
1 16.277685 -0.900084
1 14.493271 0.787934
1 -5.968163 5.686174
1 5.685617 11.171575
1 4.470046 11.351779
1 -4.549224 11.859849
1 6.915403 -11.632316
1 -4.660058 11.513584
1 6.893300 -11.532137
1 6.979191 -11.680801
1 6.863844 -11.149753
1 6.637033 -11.460607
1 6.620098 -11.317349
1 6.974998 -11.502436
1 7.459749 -11.752397
1 6.888269 -11.406754
1 -11.929686 5.522472
1 6.955641 -11.239014
1 -4.339360 10.088840
1 6.839622 -11.394915
1 6.381916 -11.274892
1 7.138932 -11.494113
1 2.292593 -15.313884
1 7.500745 -21.845806
1 20.705576 -0.607012
1 17.936848 -7.297531
1 7.079908 -11.323339
1 4.897756 11.236547
1 15.503447 -0.600928
1 6.738991 -11.307106
1 6.640083 -11.514056
1 6.889345 -11.670645
1 6.997084 -11.405407
1 6.786871 -11.657773
1 1.492816 -16.277967
1 6.668898 -11.404166
1 -4.450291 15.485973
1 6.965292 -11.444335
1 5.904323 8.096989
1 6.816639 -11.386770
1 5.015906 11.796530
1 -7.580708 -16.953268
1 -11.824303 2.187164
1 5.228303 11.578218
1 -13.425895 0.654671
1 -17.388422 -13.515148
1 5.243567 11.462559
1 5.262520 11.724485
1 -12.864562 -0.450510
1 -5.818981 6.028380
1 5.040137 11.917680
1 14.331622 0.888509
1 7.568368 -21.980875
1 5.306603 11.505788
1 18.947332 -9.812141
1 -18.328159 -11.183550
1 7.534779 -21.902571
1 2.550260 -15.436411
1 4.847776 11.414467
1 -15.704124 -7.372128
1 5.012671 11.780327
1 -3.159713 14.954394
1 -11.172337 -0.516232
1 -15.721223 -7.122702
1 6.482728 -11.476977
1 -14.142033 -2.474381
1 5.547117 5.260451
1 7.568502 -21.981588
1 6.804940 -11.147217
1 5.286668 11.614146
1 5.244009 -12.520930
1 5.233683 11.627145
1 -11.143801 -0.499095
1 4.944999 11.507016
1 20.402582 3.903373
1 5.655788 10.599810
1 4.929785 11.498400
1 14.664195 -8.685226
1 5.368710 11.695634
1 5.169307 11.492438
1 5.333169 11.588575
1 18.576801 6.008241
1 -14.621611 2.449073
1 22.586361 -4.203264
1 6.831952 -11.161552
1 1.074300 -14.939556
1 -11.172766 -0.470913
1 16.774088 -12.667856
1 5.454544 11.491784
1 -7.908262 -2.771008
1 17.639627 7.536374
1 5.227855 11.688650
1 -7.259233 -19.332771
1 17.831879 -6.673781
1 -23.644226 -3.036572
1 5.153934 11.548769
1 5.366932 11.625773
1 -13.793633 -16.901182
1 6.862744 -11.641213
1 5.011917 11.606851
1 15.755611 10.030605
1 -13.915035 -1.999783
1 13.803691 -2.072544
1 -18.971642 -0.289532
1 7.560843 -21.954010
1 5.234727 11.742766
1 1.392162 -15.058020
1 12.536628 -16.562485
1 15.010671 -15.061629
1 13.886848 -1.539524
1 5.122907 11.586569
1 7.570556 -21.981894
1 -10.770796 0.129821
1 5.134082 11.633963
1 6.824444 -11.512564
1 2.366328 -13.849866
1 3.078558 10.057912
1 6.264146 8.498969
1 7.558677 -21.929731
1 2.075773 -15.373478
1 7.027855 6.891873
1 -4.185574 -0.459859
1 5.733054 0.688667
1 -4.826039 13.134331
1 -4.564666 13.978271
1 -4.271742 11.540248
1 1.302980 -11.930852
1 9.627082 6.963784
1 -4.396362 13.810404
1 12.541560 -0.729037
1 14.143490 -1.731812
1 -15.968188 -1.460092
1 -12.102551 2.630070
1 -12.411981 2.548333
1 -12.712276 2.950798
1 -12.272957 2.528756
1 -3.608546 8.858395
1 2.663550 8.213479
1 6.704046 7.123219
1 -7.902381 -4.091615
1 -7.423012 -3.996546
1 -12.235357 0.501845
1 -12.053374 0.719655
1 15.898181 2.400181
1 -11.432911 4.507150
1 -4.483519 14.003672
1 6.846291 -11.341227
1 -15.672389 -0.003420
1 -13.989336 -1.664123
1 -15.078857 -1.073670
1 -16.051373 1.257852
1 -11.865767 1.416065
1 -4.769174 10.308574
1 6.719234 -11.331826
1 1.027702 7.674362
1 6.294091 -10.853468
1 6.813365 -11.427187
1 -5.540666 14.161510
1 -14.747917 -0.944577
1 10.825420 -8.572658
1 13.216849 -0.895772
1 13.573555 -0.565303
1 -13.300717 0.277065
1 -6.876498 -4.191817
1 15.781338 2.315779
1 15.535188 2.480786
1 15.905780 2.448068
1 15.248021 -2.502333
1 -15.119019 -0.737991
1 -15.147916 -0.699144
1 -12.498974 1.022365
1 7.031998 6.995131
1 2.080024 -14.951031
1 4.332581 10.011301
1 -11.925616 -0.297898
1 -12.579993 1.708593
1 -14.015577 0.993383
1 -3.707569 8.927391
1 4.774236 9.217468
1 1.992112 -15.257236
1 -10.966585 2.299160
1 -12.585604 3.198861
1 -12.053961 0.072079
1 -4.549536 10.358239
1 2.640946 -15.046274
1 -14.599218 -1.618836
1 6.571437 -11.882512
1 5.471430 -11.832783
1 -15.344991 -0.117021
1 -14.667277 -1.476944
1 -13.905762 -0.274341
1 6.752896 -11.388278
1 -3.617313 9.205529
1 -3.644979 9.422964
1 -13.537815 -1.712113
1 -8.598733 -3.652580
1 1.527138 11.019435
1 -4.318381 14.031074
1 -4.038982 10.890523
1 -3.673859 11.034019
1 5.512666 6.039345
1 -4.678097 10.732966
1 15.285676 -2.457067
1 -2.943879 11.067319
1 -15.481339 -1.389070
1 3.337573 11.552765
1 -15.716910 0.317738
1 -5.967298 8.350228
1 -12.410870 -0.486675
1 -12.086173 0.714681
1 5.441456 -12.248892
1 7.037787 7.030759
1 6.573295 7.929497
1 6.545032 -11.393587
1 5.973477 8.658272
1 -4.832958 10.370756
1 -16.111721 0.037666
1 -16.096344 -2.800270
1 -4.479994 10.401361
1 6.086441 -12.501975
1 16.427725 -1.231571
1 7.094184 6.419058
1 -4.185030 12.442362
1 -4.477626 13.806473
1 -11.767608 0.183948
1 -12.212073 0.753924
1 -4.897618 10.186049
1 -5.811729 11.688349
1 -15.825603 -1.376279
1 5.806433 7.904180
1 -5.510201 14.245281
1 6.526513 -11.616437
1 -13.448779 3.423422
1 -4.753043 11.293825
1 0.594343 -0.408935
1 5.219424 10.684015
1 -16.941093 -3.079916
1 16.376648 -1.074925
1 -15.674641 -0.780651
1 -15.245302 -0.811452
1 -15.233716 0.390736
1 -16.388269 -0.834619
1 -13.226686 3.118289
1 -16.322329 1.881653
1 6.235786 -11.245872
1 -15.775736 -0.539296
1 -3.941601 11.090373
1 -15.143822 -1.036579
1 5.445025 11.375084
1 7.122204 -11.742836
1 8.167390 -11.221882
1 5.486071 -13.436801
1 -16.010084 1.125800
1 16.313625 -0.778378
1 6.431890 8.318256
1 5.469779 10.751805
1 2.186486 -15.512157
1 1.963607 -15.524312
1 -5.734044 12.738512
1 6.712568 -11.662250
1 -4.492487 14.052763
1 -14.151625 3.717717
1 -12.156741 1.918090
1 3.842073 9.536490
1 2.015909 -15.974221
1 13.233663 -0.677532
1 4.606499 10.503404
1 -11.313385 -1.316106
1 -3.911306 10.000898
1 6.247199 -11.174555
1 -13.684232 -1.937025
1 14.521775 0.942394
1 -14.669339 4.056925
1 5.089935 11.118279
1 3.125088 11.188363
1 4.377412 10.986445
1 4.396751 11.848475
1 -13.675204 -0.675556
1 -14.321699 3.980477
1 -4.443569 11.279483
1 14.263544 -1.512537
1 14.595263 -0.954253
1 5.867163 12.405891
1 -5.248868 13.054395
1 -13.575521 -0.545711
1 -3.433934 11.063939
1 5.782896 7.923172
1 7.392100 -10.156418
1 7.356273 -12.150409
1 16.202343 -1.040357
1 5.598057 11.291293
1 4.183822 12.620682
1 4.432686 12.499230
1 17.031950 -0.916174
1 -14.080809 -1.028587
1 -14.378923 0.722506
1 -15.258893 -1.333211
1 6.576642 -11.296324
1 14.310093 -0.183765
1 5.773735 11.721048
1 4.171452 12.078870
1 6.201032 -11.465512
1 -14.676879 1.727749
1 1.883391 -15.697976
1 6.894553 -11.533689
1 6.752458 -11.625373
1 6.852425 -11.522415
1 4.499596 11.884614
1 -13.688831 3.787071
1 1.910299 -15.104692
1 -12.887013 2.905910
1 -4.097440 -0.661181
1 16.413622 -0.462584
1 -2.279506 12.267664
1 -14.569534 -1.787600
1 -5.125528 13.397196
1 -14.380270 -0.858114
1 -11.790053 -4.063004
1 -3.962180 11.423018
1 -4.407303 11.190889
1 -17.578764 -4.328411
1 -16.991035 -3.637915
1 -4.179299 14.174328
1 -4.651648 13.869911
1 -3.818201 12.004412
1 5.688776 5.793532
1 16.427729 -0.668872
1 1.690682 -16.191120
1 13.539101 -1.388717
1 5.876812 11.111176
1 -4.266922 11.282901
1 6.248583 -11.560415
1 -3.853974 11.486513
1 -5.500304 11.768053
1 12.730259 1.847398
1 14.136976 -2.004384
1 5.120032 8.314666
1 5.539459 8.314850
1 7.575006 -21.902565
1 4.282944 10.151469
1 -15.509893 0.349750
1 -4.483992 11.989703
1 2.200270 -15.694762
1 4.980623 10.496394
1 3.928719 9.659690
1 1.585488 -16.017012
1 1.314906 -15.171656
1 1.835172 -15.214051
1 1.813247 -15.621671
1 6.334419 -11.243698
1 15.188807 0.940924
1 0.829155 10.759247
1 -12.005340 1.934024
1 -12.910259 1.327600
1 -4.533197 11.772699
1 -4.668081 11.846087
1 6.627438 -11.626326
1 6.796805 -11.524071
1 -13.143683 -0.514701
1 -5.340556 12.043944
1 -16.278860 -0.588338
1 5.519125 5.786787
1 -5.402438 11.810759
1 -2.619972 11.841585
1 6.387736 8.628863
1 16.557571 -0.745797
1 7.502129 -11.571289
1 7.022925 -11.473662
1 16.676270 -0.726526
1 5.214270 11.513008
1 12.524194 -0.503722
1 6.762605 -11.353342
1 5.355714 11.488026
1 15.338831 -0.170188
1 -8.258722 -4.484350
1 2.016864 -15.378386
1 6.837180 -11.410094
1 1.435152 -15.221859
1 7.115926 -11.621900
1 6.850752 -11.549911
1 -10.962308 2.945754
1 6.820379 -10.957330
1 5.615337 9.581328
1 5.245688 10.461493
1 2.033489 -14.463062
1 -3.548398 1.213221
1 3.574231 8.639520
1 1.143730 10.672028
1 -4.136933 10.409183
1 1.968363 -15.481210
1 -3.801033 11.807867
1 -5.083384 11.449224
1 2.013519 -15.848055
1 -15.347184 -0.071582
1 -15.164591 -0.185849
1 -3.144397 11.892958
1 4.591776 11.905479
1 16.693495 -0.518566
1 4.824303 10.920763
1 4.144973 9.579369
1 4.335000 9.457675
1 7.184415 -11.957503
1 4.683894 -10.932516
1 5.990089 -11.970055
1 7.018235 -11.346851
1 -11.246593 15.704487
1 -17.036066 -2.684858
1 5.366955 5.495774
1 0.783055 -14.041067
1 5.179753 12.123878
1 13.948025 -1.922304
1 6.221859 -11.438558
1 -5.280072 10.990266
1 -4.699966 11.393704
1 -2.966108 12.100510
1 2.060497 -14.836494
1 6.815521 -11.440675
1 6.465984 -11.217583
1 13.501307 -1.718508
1 -9.602070 16.099049
1 -16.551138 -2.289603
1 -4.453536 11.025189
1 15.551776 -0.675134
1 6.424297 -11.543655
1 -4.922381 11.229121
1 6.838036 7.756931
1 -1.747488 7.408120
1 6.638084 7.440486
1 1.535104 -16.009398
1 1.815768 -15.334203
1 6.808614 -11.655834
1 -11.966228 -1.610968
1 2.178154 -15.608294
1 16.350389 -1.021517
1 4.813198 8.038113
1 6.903831 -11.430931
1 4.098429 10.925444
1 3.964405 11.205196
1 1.786144 -16.196835
1 -3.347409 11.669334
1 4.631185 12.243097
1 5.535397 -12.289932
1 6.987590 6.563246
1 5.584950 10.090698
1 6.565027 -11.466326
1 2.309013 -15.359067
1 -4.473509 11.075508
1 -2.826602 12.041867
1 5.704025 -11.433223
1 -3.837369 11.532345
1 14.093766 -0.258891
1 4.652796 7.219838
1 -5.225367 12.812308
1 -4.087536 11.338590
1 6.629103 -11.425583
1 6.486816 -11.347857
1 -4.936206 11.383296
1 2.281171 -15.018644
1 6.506998 -11.454245
1 16.889193 5.971638
1 14.674383 1.188121
1 0.164466 -16.393322
1 6.733617 -11.275456
1 -12.885617 -0.514196
1 6.828323 9.845264
1 -3.397444 12.052876
1 14.588587 0.082062
1 2.119747 -15.430755
1 4.302573 11.000910
1 1.941438 -15.720779
1 6.250997 8.128072
1 6.771574 -11.549006
1 6.401851 -11.234179
1 6.922745 -11.441124
1 -3.982777 11.636684
1 6.960410 7.725293
1 5.123171 11.850518
1 3.284001 9.654978
1 -4.033407 10.471283
1 6.581712 -11.630232
1 14.801975 -1.812658
1 6.765000 -11.409250
1 13.862932 -1.991171
1 8.275744 7.539414
1 16.749851 -0.565248
1 6.527777 -11.542592
1 15.694872 2.272662
1 6.745294 -11.424862
1 1.816155 -15.301872
1 -3.918708 11.845962
1 6.820420 -11.490310
1 14.574592 -0.878837
1 1.538509 -15.110614
1 -17.698475 1.106995
1 5.032609 11.386121
1 6.367490 7.644420
1 0.907756 -16.009634
1 4.527563 11.609618
1 6.446213 -11.510886
1 -4.915561 10.379326
1 6.775000 -11.410299
1 5.926412 -11.656346
1 6.775518 -11.343402
1 -3.880078 11.749713
1 -4.957516 11.874607
1 16.875162 -0.815640
1 4.531040 12.600143
1 1.899189 -15.392815
1 13.939468 2.299517
1 6.058124 -12.091846
1 -4.512998 11.307493
1 6.093686 -11.196461
1 6.995955 -11.508646
1 6.554391 -11.442317
1 5.722871 -14.126354
1 1.703436 -16.219425
1 -4.939926 11.204596
1 7.096091 -11.974833
1 6.952433 -11.401920
1 2.849864 -14.920073
1 6.718858 -11.298018
1 2.467125 -14.946415
1 2.236349 -15.178681
1 16.132290 -0.927567
1 1.588910 -15.638833
1 2.190277 -15.486165
1 6.167343 -11.861462
1 5.229068 11.339386
1 6.800678 -11.467295
1 6.926431 9.711226
1 -22.598732 -0.759539
1 4.448036 10.498158
1 -4.438235 11.732368
1 14.169807 -1.249718
1 15.009365 -1.496727
1 14.150214 2.008693
1 -0.648994 -16.155010
1 15.790428 -1.219259
1 2.067525 -15.360170
1 5.145736 -12.479783
1 -14.812516 -0.983718
1 -5.388737 14.113208
1 7.241189 -12.026183
1 -4.318883 11.887374
1 -2.770116 12.301337
1 -3.007825 11.991231
1 4.988369 11.078368
1 6.897079 -11.602825
1 -3.389869 12.323565
1 -16.834917 -3.143249
1 -5.414608 11.309020
1 -2.537413 -6.741081
1 -6.365290 -2.992853
1 20.429193 0.283676
1 14.022302 -1.501504
1 1.922809 -15.870972
1 -5.033657 11.420394
1 6.653607 -11.443764
1 2.182820 -15.461113
1 -3.995937 11.429752
1 1.786460 -16.278650
1 6.847487 -11.259397
1 4.427496 11.404300
1 15.730682 -1.493374
1 -10.998636 -0.735648
1 6.774461 -11.634748
1 18.924345 4.165230
1 6.682954 -11.561560
1 1.243742 -15.015680
1 6.781080 -11.400958
1 7.435163 -11.926006
1 2.128160 -15.315773
1 6.631975 -11.438865
1 6.436882 -11.821944
1 6.803729 -11.241731
1 6.506048 -11.367086
1 6.850273 -11.336195
1 6.781522 -11.386744
1 6.511120 -11.417640
1 -14.011886 3.477567
1 6.649122 -11.345160
1 6.856024 -11.481379
1 6.733136 -11.296487
1 -6.730080 11.468243
1 2.280446 -15.377678
1 -4.889901 10.975155
1 14.416532 -1.631597
1 -3.337414 11.999565
1 -3.273650 12.174876
1 6.465410 -11.375572
1 2.604000 -15.903485
1 6.953467 -11.493927
1 6.837698 -11.218333
1 2.373510 -15.470648
1 7.578514 -11.938285
1 5.007913 11.668612
1 5.275883 11.593111
1 13.675800 -2.138242
1 3.103087 7.170489
1 6.767106 -11.629707
1 -19.055477 7.006045
1 6.975191 -11.254475
1 7.208578 -11.815851
1 6.649448 -11.587694
1 0.948583 -15.115726
1 5.485999 11.245173
1 5.959985 -11.228705
1 20.157400 -3.901002
1 6.571723 -11.507452
1 -13.236321 1.300778
1 7.528085 -21.896719
1 -3.007383 11.879888
1 -3.054475 11.456561
1 6.357758 -11.833113
1 -3.499056 11.947692
1 5.896209 -11.709889
1 20.333193 -0.138690
1 -5.227380 11.462779
1 6.707071 -11.336831
1 -4.341774 10.792433
1 6.725497 -11.495297
1 6.836935 -11.273619
1 0.574844 -16.414948
1 -17.406063 1.756672
1 -5.707239 10.547882
1 -3.260168 -19.289248
1 0.100672 -11.805518
1 5.055340 11.927342
1 7.431843 10.712802
1 6.495583 -11.500322
1 6.968461 -11.331486
1 7.133397 -11.424572
1 8.302761 7.219197
1 5.184279 10.943496
1 -5.186718 13.838453
1 6.225862 -11.750116
1 6.794670 -11.372137
1 6.653530 -11.471816
1 6.566325 -11.337003
1 6.433318 -11.913202
1 5.336122 11.611969
1 6.981478 -11.260964
1 6.551981 -11.535114
1 14.097045 -1.717454
1 7.092671 -11.557153
1 6.835533 -11.579652
1 0.656841 -8.576692
1 6.223887 -12.184588
1 -14.976533 13.087639
1 6.591662 -11.406289
1 6.652568 -11.224154
1 6.383364 -11.486555
1 -5.751575 13.196614
1 -3.681466 12.051424
1 4.478463 -16.554602
1 2.716579 -15.486089
1 -4.770175 1.897631
1 6.654742 -11.465652
1 16.122282 1.127883
1 -4.201137 11.508384
1 2.189188 -15.534038
1 6.893878 -11.632701
1 7.110043 -11.926124
1 6.779860 -11.463188
1 4.598616 11.291484
1 5.324802 11.524012
1 17.640263 -2.303782
1 5.328059 -12.486007
1 -11.220679 -0.548855
1 -14.311481 0.153855
1 16.728943 -13.814500
1 -12.983139 -0.687644
1 13.027747 -15.382870
1 -12.668614 -0.297306
1 5.284061 11.460050
1 -11.028246 -0.498129
1 -3.492669 -21.335823
1 5.425785 -12.474192
1 -19.456247 -3.943291
1 14.256754 0.946057
1 5.451717 5.473581
1 5.292704 11.578882
1 7.568811 -21.979309
1 -13.173577 -0.466010
1 5.426016 5.476206
1 5.252213 11.728859
1 7.561629 -21.975832
1 5.267862 11.524105
1 -3.325923 11.829704
1 -11.692121 0.060961
1 4.548527 11.506509
1 5.270808 11.828855
1 4.702298 11.151120
1 -19.864779 -9.127285
1 5.214199 11.704211
1 -11.055900 -0.582652
1 4.852509 11.361760
1 -17.139866 -6.069093
1 4.421434 11.040132
1 -10.580186 1.656163
1 5.332983 5.468658
1 7.566425 -21.977787
1 5.634595 12.253219
1 -11.105224 -0.564747
1 -14.712159 11.947211
1 7.569496 -21.980309
1 1.253920 -15.142371
1 4.722870 11.444976
1 5.260513 11.618376
1 5.218109 11.561153
1 5.090552 11.689371
1 -5.268523 14.295310
1 -10.238235 -13.287140
1 5.074683 10.729350
1 5.180548 11.625639
1 7.847669 17.176046
1 5.233586 11.669816
1 -16.971083 -5.879152
1 5.324491 11.731586
1 4.494678 11.300698
1 5.104200 11.359756
1 5.025284 11.757336
1 6.011593 11.354872
1 5.677774 5.440818
1 -11.116698 -0.313684
1 5.124472 11.573605
1 4.501822 11.513889
1 5.274348 11.734603
1 -16.078003 14.945402
1 14.048313 -2.169407
1 5.245905 11.847220
1 -11.123923 -0.344559
1 1.184939 -15.075653
1 14.139366 1.037331
1 13.742838 -2.119999
1 -12.962784 -0.488728
1 -12.849720 -0.328944
1 5.178752 11.546227
1 -12.931033 -0.381675
1 13.999953 -9.493641
1 5.237270 11.764338
1 5.403661 11.956102
1 -11.049574 -0.576450
1 5.138060 11.621238
1 5.238927 11.586598
1 2.194922 -14.831361
1 7.655704 6.262647
1 -15.362096 -2.514397
1 -15.494421 -2.277662
1 -5.622727 11.346934
1 5.683171 9.977398
1 -3.312375 8.686709
1 -7.957236 -4.310745
1 -4.290925 14.303255
1 -15.965490 -0.753726
1 -12.611420 2.630171
1 -4.583485 10.989805
1 -4.400650 11.346362
1 -2.787819 -15.167510
1 -3.383312 10.927756
1 -2.464242 -3.548524
1 -4.509246 14.233013
1 7.013369 7.294222
1 -4.049555 12.147222
1 -15.752269 0.008629
1 -13.552591 2.078230
1 -12.903354 1.524043
1 -12.255438 -1.008601
1 -5.138453 12.270851
1 -15.499367 3.193637
1 -4.041993 12.159787
1 4.601095 5.650181
1 6.667500 6.800593
1 3.710648 8.166495
1 3.313552 11.427263
1 -12.090879 -0.134039
1 -11.990107 0.483696
1 -11.891421 0.627895
1 9.772329 7.077699
1 15.755447 2.370674
1 -5.340409 14.347565
1 -5.387814 14.206879
1 -15.261539 -1.158030
1 -14.831312 -0.996956
1 -9.951266 -1.357055
1 -5.109550 14.054299
1 -4.104480 14.083343
1 -4.418548 13.991853
1 2.140713 6.685502
1 -14.877861 -0.928125
1 -16.670380 0.303205
1 -12.626255 -1.063498
1 3.567111 -8.657557
1 6.652099 -11.508558
1 -4.759323 14.056407
1 -16.236855 -2.199348
1 -5.257129 14.158866
1 -13.929179 -0.576676
1 -12.825916 3.274354
1 -16.948988 -3.285805
1 4.839559 11.701666
1 3.987300 9.885239
1 -14.783204 -2.290716
1 -4.510406 13.586722
1 5.259274 -3.136103
1 -15.803170 0.473071
1 6.662692 6.901343
1 14.250239 0.954196
1 7.754888 5.911499
1 6.793908 6.894608
1 6.124029 -11.691153
1 12.363187 -0.732038
1 -4.046622 14.052699
1 -9.610405 1.882402
1 6.182639 7.253957
1 3.654516 9.864241
1 15.846543 -0.068848
1 5.973929 1.190663
1 -15.859399 -1.860832
1 -10.929588 -2.026942
1 -2.686266 -3.327592
1 -4.536743 13.973749
1 -15.887268 1.230407
1 -16.658401 1.537374
1 7.688444 6.843920
1 1.984154 -15.198647
1 3.388577 -12.075087
1 -3.364109 -0.426745
1 5.088395 11.898905
1 -5.746875 13.879927
1 -4.363524 12.666125
1 -4.372995 11.119907
1 -4.129345 10.433178
1 4.934593 -3.351646
1 -12.624267 2.104487
1 -4.962731 13.764133
1 -4.833352 13.425267
1 -14.374611 -1.529690
1 -14.752003 -0.933373
1 -12.818224 2.205224
1 -12.253304 0.586380
1 -12.194007 0.849999
1 5.335793 9.693356
1 1.736804 -15.750548
1 2.079127 -15.586245
1 -4.639062 14.320095
1 -5.796794 13.551494
1 -5.000978 14.237490
1 5.487870 -14.210347
1 5.919595 -14.538322
1 -2.819915 -7.688491
1 6.646526 7.096501
1 -13.726889 3.751913
1 -2.562248 10.124586
1 -3.599194 9.183549
1 -4.261825 11.052820
1 6.685419 -11.414878
1 -3.318292 8.522635
1 -4.143538 14.033664
1 -15.353623 -1.392407
1 -4.115237 10.872064
1 5.127808 10.599012
1 15.863886 1.854242
1 -14.566444 0.688413
1 6.663043 5.328667
1 14.841085 -1.043973
1 14.461774 -0.850171
1 -4.655422 10.977425
1 -12.946920 -1.147514
1 -4.258019 10.210616
1 13.270273 -2.960469
1 -12.687835 3.706910
1 -4.901719 14.724464
1 -17.399624 0.750502
1 15.783254 -0.029406
1 -3.709291 1.376593
1 -4.495686 14.790882
1 -14.224405 -1.640388
1 13.891872 -0.959729
1 12.593151 -0.806570
1 5.640801 -13.782915
1 6.605189 6.641915
1 5.356800 1.324858
1 -14.597123 -1.414705
1 5.351224 -11.057073
1 12.282822 -0.341060
1 -10.538373 -2.289126
1 1.553803 -16.338911
1 5.748565 -13.867657
1 7.019873 -11.828897
1 -5.170687 14.399610
1 -5.030879 14.250216
1 -16.304317 -0.946832
1 -13.809013 0.166472
1 6.578427 -11.626101
1 -4.785125 11.380548
1 14.634379 1.026299
1 -11.680340 1.290491
1 -5.376975 14.148214
1 -14.760608 1.309540
1 -5.817427 14.469104
1 2.308842 -14.344340
1 -14.799529 -1.946610
1 -16.456583 1.779863
1 -10.486926 -1.896456
1 12.035894 -0.615640
1 8.448148 6.161536
1 8.272273 5.747937
1 8.786236 5.606518
1 8.914229 5.471545
1 -12.697035 2.690119
1 -7.951752 -4.019932
1 -14.940610 -0.796651
1 -5.330809 14.348458
1 -4.291612 14.865428
1 -5.574799 14.266165
1 -5.418021 14.095345
1 -4.129593 14.367470
1 -4.286408 14.786654
1 -4.554060 15.017618
1 -5.395428 14.120559
1 -5.396444 13.562279
1 -4.608172 14.767953
1 -5.578865 13.904935
1 3.880366 12.807060
1 4.857256 -9.043261
1 -15.311116 -1.099020
1 0.559813 -16.298370
1 -16.942518 -1.759973
1 -12.631369 3.201668
1 1.533457 6.422445
1 -11.434711 -4.082819
1 -15.088178 -1.134549
1 -5.343508 14.322112
1 6.761470 8.028564
1 -12.063712 2.536977
1 -11.456405 2.624584
1 -12.307338 2.551315
1 -12.492371 2.621884
1 -11.961223 -0.760255
1 -4.347966 11.516427
1 2.300286 -15.548889
1 2.230798 6.524189
1 1.354819 11.791757
1 6.021012 -11.021400
1 6.738229 -11.372307
1 13.134153 -2.183361
1 13.901089 -4.641558
1 15.762112 -1.242354
1 -3.595272 3.094520
1 -2.191561 -16.249266
1 -5.490267 13.087219
1 -4.460928 10.199389
1 -4.006882 12.599364
1 -15.841043 -1.923264
1 -11.049343 -0.753102
1 -16.089231 1.838968
1 2.145376 -15.301932
1 14.453069 1.643365
1 5.723642 1.026840
1 6.090369 -5.644210
1 4.440333 11.119241
1 5.139089 11.459126
1 -4.172010 11.172269
1 -12.564439 3.355822
1 2.708355 6.864047
1 2.066663 -15.782780
1 -4.193113 10.644791
1 -12.604366 1.295498
1 -4.306495 13.891125
1 -16.567009 2.109979
1 13.234839 -0.085818
1 5.754405 -11.795653
1 1.676191 -16.165068
1 -16.291935 -0.236519
1 8.439048 6.331043
1 -4.270559 14.163289
1 6.827477 9.319307
1 -12.245095 5.383734
1 -14.469749 4.000525
1 -14.061261 3.717064
1 6.288385 -11.663700
1 5.282159 12.040252
1 -3.845147 3.340924
1 -13.904081 3.796980
1 -3.689150 10.551818
1 8.992462 5.512208
1 8.099096 7.195464
1 -4.748395 14.198200
1 -3.353396 1.718292
1 -4.793277 11.985528
1 6.480409 -11.455677
1 6.882045 -11.579966
1 -15.944582 0.236347
1 -5.482950 14.131125
1 -4.685285 10.508012
1 -4.657497 10.229648
1 -4.580626 14.111047
1 16.330158 1.114679
1 -3.573031 12.008619
1 -4.438071 11.681802
1 -14.742135 -0.967819
1 -16.212729 -1.309896
1 -12.417411 2.156477
1 -6.547743 11.398433
1 -13.368028 3.326159
1 6.456221 -10.974607
1 -16.516808 0.938788
1 -5.057735 14.231327
1 6.990664 -11.455792
1 4.306863 11.905957
1 -15.789729 2.066951
1 6.772238 -11.684013
1 -3.568835 9.262313
1 -16.668516 -2.346148
1 -4.826564 11.294773
1 -4.955061 11.396576
1 -4.877816 11.332304
1 6.874410 -11.633113
1 5.609175 8.719520
1 9.123271 5.985679
1 -4.193525 -0.826425
1 4.504463 11.257118
1 7.291385 -11.385220
1 -13.955831 3.810037
1 -5.628863 14.153148
1 13.485917 -0.488427
1 -3.970970 11.229815
1 -12.217271 4.264081
1 -15.376280 -0.758120
1 6.315570 8.117524
1 -4.819792 10.232141
1 -12.737931 -0.874199
1 -4.992177 14.456137
1 -3.874737 11.986818
1 -12.838254 2.362041
1 -12.621051 1.565080
1 -12.581782 2.012417
1 2.178328 -14.614264
1 -3.819259 11.032167
1 2.132882 -16.126366
1 5.873006 -12.173928
1 -4.796421 12.096100
1 6.590683 -11.975398
1 -12.563113 2.264156
1 -15.894246 -1.599043
1 6.058928 -11.800263
1 2.196642 -15.225509
1 8.160882 5.721777
1 6.241368 10.007246
1 7.005915 -11.987828
1 -14.876633 0.178405
1 7.047068 -11.503010
1 16.379490 -1.195542
1 -4.254385 10.343616
1 -4.760389 9.947598
1 2.051083 -15.830953
1 -4.664345 13.633242
1 2.051477 -15.221852
1 5.008615 11.259456
1 14.526138 -1.138200
1 6.938669 -11.435605
1 15.704980 -0.478477
1 14.357006 1.166874
1 -12.393278 -3.747858
1 1.776934 -16.314100
1 -3.112631 12.147782
1 -4.294755 14.044491
1 6.965208 -11.471046
1 -13.705196 3.824844
1 1.910947 -15.436141
1 -4.208081 10.177050
1 -13.606972 4.044570
1 5.335400 -14.131593
1 5.039594 11.086215
1 7.461989 -11.597618
1 4.171765 10.540917
1 -11.761893 1.450644
1 7.148608 -11.881681
1 -12.071136 2.338733
1 -11.751365 2.838831
1 -14.399501 3.516967
1 6.089745 8.621472
1 6.682017 7.383492
1 -13.217111 3.227445
1 -5.172449 10.901736
1 2.350344 -15.371105
1 -13.123756 -0.134763
1 -3.125420 3.277801
1 -11.546956 2.733792
1 -5.330575 13.806373
1 -4.309241 14.740586
1 16.323242 -0.529490
1 1.910396 -15.018653
1 3.198747 -9.724198
1 -5.696197 14.275131
1 -4.481615 10.462874
1 6.548098 8.192026
1 5.943452 -12.007481
1 -4.684632 11.176696
1 0.179884 -16.538055
1 7.838614 -15.373936
1 -5.426254 14.183835
1 6.051652 -13.260496
1 -5.201113 13.852690
1 6.197499 -11.117974
1 15.271226 -1.385170
1 2.198859 -15.464946
1 4.013797 9.698060
1 14.907825 -0.823423
1 2.154181 -14.732706
1 -4.955872 8.854908
1 16.065681 -1.684174
1 7.972862 6.675589
1 -3.229024 12.514081
1 -11.931712 0.281002
1 -4.658648 11.099085
1 -7.724231 -6.249359
1 4.955385 11.683378
1 6.886430 -11.468084
1 -4.789723 11.098377
1 7.222362 -12.022735
1 -15.406466 -0.282506
1 6.826390 6.815373
1 6.935485 6.489489
1 5.540143 8.985048
1 6.665097 -11.526119
1 2.136674 -15.145969
1 -2.933051 12.146890
1 6.621217 7.622557
1 14.782470 0.613010
1 5.634339 10.073404
1 7.254872 -11.754441
1 12.426565 3.513518
1 8.971900 5.625345
1 5.956780 -11.281631
1 -12.864118 1.421886
1 -11.721173 -0.108843
1 -11.686474 -1.015320
1 2.260800 -15.514369
1 6.426069 -11.337323
1 -4.627169 10.247152
1 -2.787244 9.666616
1 5.912801 -11.744135
1 6.953400 -11.402196
1 6.974378 -11.460944
1 1.687855 -15.455304
1 -4.035107 11.177281
1 4.849089 12.024670
1 4.778035 12.243132
1 5.157715 11.769622
1 5.278359 11.802431
1 -4.630973 10.448594
1 7.735816 -15.254667
1 7.882368 -11.734991
1 6.541291 -11.008063
1 6.706512 -11.381577
1 2.372159 -15.517057
1 -2.856972 10.602221
1 -3.970925 14.514764
1 6.872467 8.355482
1 0.564438 -7.950218
1 7.050951 -11.664810
1 6.559809 -11.610759
1 -4.508179 12.431957
1 -3.795546 10.350510
1 -5.476557 14.137302
1 6.760725 -11.994457
1 6.621996 -11.897080
1 -4.157237 10.449760
1 2.280244 -15.143229
1 12.618844 4.248175
1 7.065953 -11.152334
1 6.953912 -11.351322
1 4.385057 11.251645
1 1.615515 -15.838148
1 2.142862 -15.641071
1 11.847149 -0.458971
1 -4.161741 11.499590
1 16.102224 -9.857328
1 -15.268098 0.797903
1 -0.361491 17.733397
1 -5.748225 14.366897
1 6.555979 -11.701454
1 6.666041 -11.794984
1 -3.157268 3.223538
1 -12.285184 3.172667
1 14.911696 -1.653984
1 14.240582 -1.375273
1 7.005419 -11.552079
1 -3.706747 11.789332
1 14.588919 1.326694
1 -4.739985 11.404516
1 14.571819 -0.108935
1 -14.430610 5.509299
1 7.045979 -11.641507
1 -4.907778 11.268102
1 14.934314 -0.398677
1 6.986840 -11.782853
1 6.622586 -11.215928
1 5.572075 10.960871
1 -5.306501 11.801132
1 7.030740 -11.607981
1 6.490794 -11.487582
1 -6.332388 11.831765
1 6.519307 -11.374865
1 4.869421 8.221929
1 -5.186252 11.803870
1 -13.040856 -0.636345
1 5.239360 11.980661
1 -5.131188 13.395448
1 5.461050 -14.187935
1 -4.615719 11.621599
1 2.539120 -16.211758
1 6.072568 -11.110657
1 7.081031 -11.825397
1 4.392069 8.987873
1 2.364215 -15.567294
1 6.757772 -11.158686
1 4.977350 9.178459
1 6.876799 -11.488448
1 16.347313 0.263946
1 5.063044 11.415785
1 4.196664 12.477283
1 7.034338 -11.555057
1 6.994967 -11.724107
1 7.108456 -11.693258
1 2.678007 -15.250494
1 6.858836 -11.655645
1 -4.753867 11.195385
1 2.272278 -15.896807
1 4.899210 11.160559
1 1.970672 -15.555178
1 4.527238 11.266965
1 14.821370 0.456920
1 15.639248 -1.000810
1 6.463758 -11.480757
1 -19.675041 -0.238163
1 -17.983309 -0.109241
1 8.877272 5.400626
1 -5.649750 13.944972
1 -5.795068 13.680529
1 7.390064 -11.916523
1 -13.953839 0.481681
1 6.092271 -11.784353
1 -4.360192 11.086848
1 -13.704632 8.902921
1 -3.133689 12.195233
1 5.710661 8.639326
1 6.825621 -11.375941
1 6.629616 -11.525935
1 6.772774 -11.224263
1 -4.618424 14.889602
1 -16.407017 -0.563623
1 6.949387 -11.632500
1 20.287834 -4.885584
1 -4.814476 14.141268
1 -11.847834 4.229379
1 14.233916 0.386122
1 6.604689 -11.512685
1 4.706878 12.140252
1 14.279158 -1.722819
1 6.986914 -11.981620
1 8.953876 5.307684
1 -5.471017 14.255738
1 7.530235 -12.369974
1 -2.930549 12.164936
1 2.034090 -15.121942
1 15.945346 -6.618933
1 -3.723437 11.240379
1 8.247599 -11.009082
1 4.354442 12.371326
1 16.074350 2.033862
1 -3.671379 14.806956
1 -4.359940 11.122039
1 -3.283216 3.310647
1 -3.730519 9.083782
1 -3.656633 11.443078
1 13.527035 -0.794503
1 -5.468150 14.331237
1 2.951178 8.491250
1 -5.243598 14.167232
1 1.618924 -15.862044
1 1.538908 -15.921774
1 6.025113 -11.777437
1 -5.889137 10.209810
1 5.016261 9.143314
1 7.113999 -11.697433
1 1.975244 -16.071499
1 14.564782 1.162881
1 -4.794714 11.423552
1 -4.211463 10.403267
1 7.097775 -11.199779
1 6.778841 -11.317785
1 -17.316204 3.974227
1 -16.663746 -1.407408
1 6.661590 -11.541541
1 -19.824024 6.663153
1 6.801259 -11.374184
1 13.043204 -0.924777
1 1.577680 -16.495356
1 4.440393 11.019712
1 5.131181 11.986741
1 -2.864071 12.066781
1 6.801570 -11.858041
1 -3.762637 11.611114
1 -7.786879 7.093294
1 6.896844 -11.442398
1 -5.332554 11.323728
1 14.515981 -1.365104
1 6.831433 -11.467890
1 -14.737885 -1.704911
1 13.749682 -1.511050
1 2.202520 -15.572346
1 6.598250 -11.430767
1 6.910028 -11.164593
1 6.802562 -11.425659
1 -12.036072 -1.805601
1 -3.153497 12.062409
1 -4.939339 12.385455
1 1.459627 -16.231737
1 2.081494 -15.530665
1 6.778888 -11.905500
1 6.882561 -11.590663
1 15.948104 0.900310
1 1.663324 -15.855098
1 -3.232126 11.851731
1 14.498013 1.017836
1 2.032908 -15.617504
1 13.621361 -1.887075
1 4.565057 11.348897
1 -10.917206 7.704966
1 4.719031 11.843177
1 6.684080 -11.355221
1 -6.136167 9.587245
1 7.048364 -11.398564
1 7.040678 -11.538814
1 -2.713746 12.279060
1 3.095472 -11.105847
1 6.772980 -11.404579
1 -13.709046 -0.267988
1 -11.072266 -0.628019
1 8.406635 -10.802910
1 6.135277 -12.172632
1 14.633087 0.488588
1 14.320250 -1.480953
1 6.931864 -11.435915
1 -4.675344 11.826926
1 -11.187469 -0.139283
1 7.009174 -11.610422
1 -4.100044 12.261655
1 7.003843 -11.537360
1 0.387699 -10.120090
1 6.658990 -11.573472
1 7.004810 -11.303979
1 -4.383832 11.212121
1 -4.338913 11.827074
1 1.284574 -16.261106
1 6.929416 -11.472131
1 6.673645 -11.423132
1 6.692540 -11.530031
1 6.878382 -11.362868
1 7.000520 -11.937279
1 -4.759782 12.005970
1 -6.237837 14.416121
1 6.616546 -11.439947
1 7.025768 -11.481202
1 6.887424 -11.589804
1 6.741283 -11.542928
1 4.784690 12.074778
1 7.007905 -11.319210
1 -4.104325 9.733784
1 -5.305437 14.358753
1 -4.627833 13.950874
1 2.777537 -15.229114
1 6.604992 -11.565103
1 6.899833 -11.556109
1 9.139575 5.394108
1 14.467412 -1.171486
1 2.050625 -15.936533
1 -5.143127 11.437466
1 5.186174 12.481742
1 1.818570 10.201265
1 5.468275 11.564468
1 -4.623466 -16.612537
1 6.899714 -11.387238
1 2.041517 -15.884995
1 7.382147 -12.098971
1 8.995782 5.435181
1 -3.306035 12.150893
1 6.794646 -11.387413
1 17.246351 5.612116
1 -4.762812 11.636349
1 7.252005 -11.854486
1 7.012226 -11.297483
1 6.307765 -11.490770
1 19.739664 -7.199015
1 14.607286 -1.168971
1 -18.329138 7.605755
1 2.348205 -7.379293
1 14.249315 1.060810
1 -13.022346 -0.156048
1 -17.296614 -13.805053
1 14.366551 0.999238
1 -11.202192 -0.409856
1 3.369703 -19.390202
1 -12.507985 -0.575232
1 17.593176 -2.242824
1 -16.148937 -6.910284
1 5.273921 11.288685
1 -11.264743 -0.507314
1 -12.976048 -0.294660
1 -12.822484 -0.308172
1 5.750028 5.468536
1 5.217632 11.731830
1 5.196361 11.884379
1 -2.946687 21.221872
1 6.354818 -11.995058
1 4.893822 12.010290
1 5.279121 11.699868
1 8.951057 5.214226
1 4.631224 11.677118
1 -3.369413 3.372075
1 9.228520 5.254575
1 4.618439 11.789759
1 -16.802301 -9.066689
1 -13.394419 -0.170609
1 -18.612854 -5.957260
1 4.864110 11.071730
1 -3.859382 6.191384
1 5.465728 -12.382023
1 5.096904 11.784365
1 5.116706 11.593258
1 -11.180822 -0.471741
1 15.320544 -7.868405
1 -18.776409 -5.266832
1 14.228404 0.968090
1 7.849523 -15.398402
1 -3.876118 13.444820
1 -11.118021 -0.519783
1 -16.337015 5.945734
1 4.970223 11.321065
1 8.832820 5.308259
1 -5.018574 1.479318
1 -12.925944 -0.365212
1 -2.500580 12.326528
1 9.069412 5.216658
1 5.331604 -12.473937
1 1.155169 -15.013378
1 4.820458 11.605492
1 -11.219060 -0.542465
1 4.864650 11.458202
1 -5.912011 17.344259
1 -11.244226 -0.448432
1 -19.048456 -5.056606
1 -3.722277 9.772855
1 -20.120333 0.411647
1 7.382592 -17.538582
1 9.102265 5.276481
1 -2.834894 12.045424
1 2.455356 -15.393495
1 4.728786 11.580697
1 -12.419469 -0.151633
1 8.424331 7.363082
1 -10.974591 -0.284198
1 5.325334 -12.590634
1 -21.094061 8.346642
1 -11.826943 -1.877643
1 5.340755 11.546087
1 6.960864 -11.282073
1 5.225101 11.745249
1 -16.959875 11.638073
1 -11.815759 -1.886043
1 -15.335117 -7.063736
1 14.583493 -10.172670
1 4.590088 11.426991
1 -17.040714 -6.466599
1 -2.822634 12.087446
1 8.982208 5.279866
1 19.447098 -7.986309
1 -11.349626 -0.457700
1 5.146035 11.698303
1 8.377369 13.626320
1 -19.030060 -2.899424
1 -6.901212 -15.914530
1 9.166091 5.455029
