59
1 -17.116663 1.020631
1 -16.285463 0.431500
1 -16.289827 0.472860
1 -16.647137 0.871780
1 -16.541191 0.930433
1 -16.220102 0.488533
1 -16.054306 0.468192
1 -16.329556 0.705681
1 -16.155851 0.468747
1 -16.112129 0.462252
1 -16.512636 0.827127
1 -16.556351 0.709208
1 -16.599825 0.611566
1 -17.123430 0.989537
1 -16.869343 0.854231
1 -16.643610 0.981824
1 -18.174616 -1.778362
1 -16.138706 0.692929
1 -14.988126 0.662090
1 -16.244835 0.664314
1 -16.099876 0.525885
1 -16.821280 0.999225
1 -4.665657 15.950330
1 -5.111600 16.312138
1 -13.643839 12.188239
1 -4.087269 15.511467
1 -4.436542 16.414619
1 -4.631639 16.273691
1 -14.235044 6.296410
1 -17.001072 1.086994
1 -16.055531 0.456655
1 -4.520474 16.421307
1 -16.238161 0.559526
1 -16.211325 0.509355
1 -11.767154 12.326881
1 -11.822215 12.129564
1 -16.290794 0.796281
1 -11.641895 12.103065
1 -16.161076 0.539277
1 -11.681918 12.005975
1 -11.624228 12.212072
1 -11.799289 12.096377
1 -11.727036 12.223333
1 -16.182411 0.560229
1 -11.797516 12.132345
1 -16.119898 0.425554
1 -16.305477 0.710422
1 -16.205954 0.714286
1 -11.671066 12.172572
1 -11.487567 12.241046
1 -11.743445 12.036197
1 -16.260214 0.331743
1 -11.720952 12.112684
1 -16.443312 0.436518
1 -11.832279 12.185439
1 -11.615637 12.027283
1 -11.592451 12.270988
1 -11.651855 12.172541
1 -11.724341 12.269603
