1977~1981
62235
62235
62235
62235
62235
62235
62235
62235
62235
62239
62239
62239
62239
62239
62239
62239
62235
62235
62239
62235
62235
62239
62239
62235
62239
62235
62239
62239
62239
62239
62235
62239
62235
62235
62235
62239
62239
62239
62235
62239
62235
62239
62239
62239
62239
62239
62235
62243
62243
62243
62243
62243
62239
62243
62243
62235
62243
62243
62243
62243
62243
62243
62243
62243
62243
62239
62243
62243
62243
62243
62239
62243
62243
62235
62243
62243
62239
62243
62235
62243
62243
62243
62235
62243
62243
62235
62239
62243
62239
62243
62243
62239
62235
62235
62235
62243
62243
62235
62243
62243
62235
62235
62235
62243
62235
62243
62243
62239
62239
62239
62239
62243
62243
62243
62243
62243
62243
62243
62239
62243
62243
62243
62243
62239
62243
62243
62243
62243
62239
62243
62243
62243
62243
62243
62243
62243
62243
62239
62243
62243
62243
62243
62243
62243
62243
62243
62235
62235
62239
62239
62243
62239
62235
62239
62239
62243
62239
62239
62239
62235
62243
62239
62239
62235
62243
62243
62239
62239
62239
62239
62239
62243
62243
62235
62235
62235
62235
62243
62235
62239
62235
62239
62243
62239
62243
62239
62243
62243
62243
62239
62239
62239
62235
62239
62239
62239
62239
62239
62239
62239
62235
62239
62235
62239
62235
62235
62235
62235
62239
62235
62239
62235
62239
62239
62239
62239
62239
62239
62239
62235
62239
62235
62235
62235
62239
62239
62239
62239
62239
62239
62235
62235
62235
62235
62239
62235
62239
62239
62235
62235
62235
62239
62239
62239
