244
1 -17.123430 0.989537
1 -16.869343 0.854231
1 -16.643610 0.981824
1 -18.174616 -1.778362
1 -16.138706 0.692929
1 -14.988126 0.662090
1 -16.244835 0.664314
1 -16.099876 0.525885
1 -16.821280 0.999225
1 -4.665657 15.950330
1 -5.111600 16.312138
1 -13.643839 12.188239
1 -4.087269 15.511467
1 -4.436542 16.414619
1 -4.631639 16.273691
1 -14.235044 6.296410
1 -17.001072 1.086994
1 -16.055531 0.456655
1 -4.520474 16.421307
1 -16.238161 0.559526
1 -16.211325 0.509355
1 -11.767154 12.326881
1 -11.822215 12.129564
1 -16.290794 0.796281
1 -11.641895 12.103065
1 -16.161076 0.539277
1 -11.681918 12.005975
1 -11.624228 12.212072
1 -11.799289 12.096377
1 -11.727036 12.223333
1 -16.182411 0.560229
1 -11.797516 12.132345
1 -16.119898 0.425554
1 -16.305477 0.710422
1 -16.205954 0.714286
1 -11.671066 12.172572
1 -11.487567 12.241046
1 -11.743445 12.036197
1 -16.260214 0.331743
1 -11.720952 12.112684
1 -16.443312 0.436518
1 -11.832279 12.185439
1 -11.615637 12.027283
1 -11.592451 12.270988
1 -11.651855 12.172541
1 -11.724341 12.269603
1 -16.855133 1.121552
1 0.759870 11.373137
1 -0.065509 11.906725
1 0.256551 11.293066
1 0.289705 11.091541
1 0.336663 11.239416
1 -9.530437 16.222368
1 0.063507 13.215434
1 0.316316 12.586434
1 -15.601648 1.075592
1 -0.363995 12.573079
1 1.367359 12.336252
1 -4.737972 15.587964
1 0.515578 10.110609
1 -3.539998 16.086685
1 0.093640 12.523788
1 -0.073258 12.710317
1 -0.569402 12.586769
1 -4.907568 16.131575
1 -4.898993 16.001591
1 -3.758718 15.433923
1 -0.429443 13.288924
1 -2.240815 -13.306505
1 -2.237602 -13.301058
1 -3.409616 14.901031
1 2.013309 11.774296
1 2.750181 12.617951
1 -16.342422 1.701532
1 -4.346700 16.331032
1 14.129247 -11.059765
1 -4.481809 16.437618
1 -0.687074 13.730285
1 -16.554207 -0.199101
1 -6.185764 -13.399858
1 -4.799782 15.810810
1 1.242058 11.179603
1 -17.507820 0.782504
1 -1.549529 13.706470
1 1.917726 11.566653
1 -16.458176 0.909437
1 -4.391334 16.111458
1 1.027175 11.720144
1 -3.634036 14.990265
1 3.319732 11.292383
1 13.389586 -6.189682
1 -4.473280 16.533224
1 -16.889017 0.880715
1 -16.868734 1.037356
1 -17.030146 1.213518
1 0.514069 12.624915
1 -0.330139 12.671878
1 -18.217297 -1.800695
1 0.473954 16.458736
1 0.872844 10.519610
1 -17.205345 1.021765
1 -16.604034 0.690855
1 -16.454279 2.071949
1 -4.599828 -11.953799
1 -16.625584 0.859496
1 0.165994 15.446494
1 -8.343657 16.915085
1 -3.677656 15.240478
1 -11.709111 12.255276
1 -11.730421 12.328434
1 -11.918490 12.312223
1 -0.392249 13.856163
1 -0.413084 -12.345420
1 0.111025 12.879668
1 -0.017259 12.925762
1 1.163309 11.719579
1 1.274974 11.991337
1 1.338711 11.692332
1 -11.532775 12.187657
1 1.342715 11.706567
1 1.210671 11.770422
1 1.310324 11.641862
1 0.726731 11.320814
1 -11.530336 12.138377
1 1.068309 11.610938
1 -3.009626 -10.882792
1 1.382737 11.965961
1 0.944176 12.000608
1 -11.835022 11.913890
1 1.021144 11.922012
1 1.085004 11.975338
1 0.998918 12.315493
1 0.980081 11.819883
1 1.453860 11.868510
1 0.929480 12.048172
1 -2.281966 -10.014245
1 0.754902 11.355090
1 -11.535482 12.078828
1 1.398750 11.833416
1 1.364983 11.466301
1 1.590167 11.442258
1 0.949331 11.471791
1 1.420220 11.442073
1 0.907988 11.961197
1 1.105399 11.677848
1 1.541446 11.893117
1 -16.117176 0.497276
1 -16.688662 0.821257
1 -11.649991 12.095402
1 -11.532301 12.241500
1 0.910141 11.520800
1 -11.722475 12.158965
1 -16.063768 0.603696
1 -11.639345 12.088586
1 -11.590200 12.070693
1 0.558587 12.277754
1 -11.850007 12.097361
1 -11.533048 12.301851
1 -11.560500 12.303742
1 -16.233942 0.308381
1 2.268161 11.929899
1 -11.645853 12.141919
1 -11.678831 12.154251
1 -16.510395 0.728085
1 1.186637 11.817648
1 0.808069 11.392951
1 -11.706832 12.159762
1 -11.646462 12.143380
1 -11.707419 12.226528
1 -11.848362 12.153605
1 -11.667289 12.062181
1 -2.417116 -11.760436
1 1.269464 11.988410
1 -16.213995 0.615528
1 -16.239807 0.469810
1 -16.035820 0.418224
1 -16.330782 0.698755
1 0.341447 11.563955
1 -16.348053 0.276551
1 -11.609791 12.284844
1 -16.174707 0.571550
1 -11.838145 12.238079
1 1.815161 12.835335
1 -11.684813 12.169999
1 0.671079 11.692310
1 -11.699474 12.131770
1 1.162188 11.998034
1 1.153411 11.642807
1 1.322727 11.991640
1 -11.499368 12.300761
1 -8.868459 15.910356
1 -11.511084 12.129016
1 -17.159309 1.146893
1 -4.229521 14.978265
1 -4.574400 15.895432
1 -4.740579 15.863094
1 -9.524839 16.474159
1 -12.070082 10.815039
1 -5.414232 16.575367
1 -4.150127 15.776727
1 -16.620747 0.029863
1 -11.830434 12.363788
1 -16.846823 0.908930
1 -3.783589 15.103839
1 -16.575937 1.063576
1 -16.412136 0.510401
1 -15.789358 0.423254
1 -16.729593 1.009987
1 -4.713009 15.957163
1 -17.324009 0.855670
1 -4.475396 16.474182
1 -18.272329 -1.793206
1 -11.883797 12.190516
1 -4.554263 16.451822
1 -11.662976 12.091542
1 -11.650056 12.121352
1 -11.855134 12.319558
1 -11.875638 12.131601
1 -10.408700 17.296467
1 -16.846561 1.106830
1 -11.701053 12.135174
1 -16.280443 0.615643
1 -15.976816 0.374091
1 -16.204245 0.615077
1 -11.787670 12.137561
1 -10.352539 -10.845456
1 -11.554244 12.510592
1 -11.758041 12.170261
1 -11.591639 12.096001
1 -11.678627 12.216683
1 -16.392471 0.634403
1 -16.235212 0.378810
1 -16.329542 0.617922
1 -16.214434 0.569014
1 -11.584480 12.083469
1 -16.020615 0.673228
1 -11.765459 12.251872
1 -11.649665 12.056723
1 -16.573568 0.697339
1 -16.218800 0.296829
1 -16.270954 0.650624
1 -11.689536 12.104149
1 -11.587412 12.228557
1 -11.681788 12.170893
