605
1 -11.931887 8.119483
1 5.549440 12.056581
1 -15.702228 1.691035
1 4.953069 11.479708
1 5.586803 6.119865
1 -18.033449 3.294252
1 -11.722098 8.082616
1 -13.739388 7.104054
1 7.359868 12.011926
1 5.876376 6.466337
1 -16.130102 1.972286
1 -10.783190 7.916423
1 8.103260 7.450635
1 7.561483 -21.963984
1 5.631454 5.963592
1 5.376562 5.952990
1 8.911484 10.990190
1 5.331044 11.598229
1 5.269627 11.645590
1 7.569465 -21.977474
1 7.550602 -21.948906
1 7.566994 -21.990856
1 5.410386 11.815736
1 7.568049 -21.979048
1 7.596886 -22.018110
1 7.572078 -21.989563
1 7.568258 -21.978497
1 7.567174 -21.976326
1 22.914747 1.752626
1 5.255619 11.638630
1 7.570442 -21.979279
1 -24.518986 -3.959649
1 7.564859 -21.994818
1 22.453194 2.102928
1 5.315173 11.552352
1 7.566836 -21.984552
1 7.569413 -21.978672
1 -5.764440 21.033600
1 7.567898 -21.980364
1 7.571459 -21.981325
1 7.565869 -21.974628
1 7.574303 -21.976328
1 5.153296 11.668082
1 7.570169 -21.981258
1 7.559620 -21.946827
1 7.570052 -21.984032
1 -10.440264 -18.849970
1 7.645247 -22.057896
1 7.564459 -21.985538
1 5.262847 11.628755
1 7.566702 -21.958410
1 7.567801 -21.977133
1 5.308536 11.469589
1 -23.142521 6.082140
1 -18.935699 12.629419
1 7.568998 -21.978643
1 7.568151 -21.980747
1 -10.728840 18.533367
1 21.440346 -9.024547
1 5.194676 11.580549
1 5.346346 11.705377
1 -1.286585 21.443724
1 4.237456 21.585564
1 5.011243 11.662292
1 7.559292 -21.985899
1 7.570288 -21.982702
1 7.568945 -21.985037
1 7.568401 -21.980368
1 7.568701 -21.973696
1 7.568690 -21.976845
1 7.567924 -21.978279
1 7.568723 -21.979710
1 -19.567326 9.829912
1 7.561822 -21.970901
1 5.355159 11.528746
1 7.569842 -21.982283
1 -24.603115 4.780288
1 7.582453 -22.035854
1 7.572073 -21.981884
1 5.311451 11.703070
1 5.149000 11.487333
1 -10.198820 13.076174
1 6.410663 6.516887
1 5.778249 5.406110
1 13.271538 -16.476974
1 5.513997 5.384511
1 -14.348930 2.297743
1 -16.095139 0.737348
1 -16.246313 1.830164
1 -16.231855 1.785321
1 -16.149984 1.821759
1 7.523411 -21.859119
1 -15.126506 2.101810
1 -16.087095 1.826792
1 -15.912648 2.099446
1 -14.157448 2.190089
1 -16.057898 1.778999
1 -15.732029 1.578636
1 -16.068907 1.287012
1 -11.507943 7.927195
1 -16.101326 1.768780
1 -15.769542 1.460090
1 -15.640952 1.245299
1 -15.287687 1.758373
1 -15.911248 1.288852
1 -16.097548 1.896920
1 5.557643 12.287679
1 -15.463037 5.465287
1 -15.798451 1.539021
1 -15.363243 1.523101
1 -16.032150 1.339485
1 -15.496342 1.497318
1 5.561906 11.494123
1 -15.916300 1.588458
1 7.549648 -21.959448
1 -23.260046 0.736921
1 -15.898315 1.712083
1 0.199143 -21.318748
1 16.422951 -13.639736
1 5.341147 11.766001
1 7.568700 -21.975960
1 7.541964 -21.965744
1 21.643892 -9.221167
1 5.195681 11.557749
1 7.571647 -21.979332
1 7.570173 -21.980097
1 7.568348 -21.980757
1 7.569788 -21.979588
1 7.568814 -21.980213
1 7.568503 -21.978430
1 7.572683 -21.987547
1 7.581298 -21.972757
1 7.574602 -21.987129
1 13.960861 14.908265
1 7.569211 -21.978214
1 7.569616 -21.979881
1 7.571311 -21.977116
1 7.569013 -21.977364
1 7.568225 -21.979019
1 7.571331 -21.981926
1 7.568993 -21.980873
1 7.569746 -21.977062
1 7.646153 -22.053877
1 7.568846 -21.981756
1 7.569265 -21.980139
1 4.119521 21.263994
1 7.569455 -21.983313
1 -20.366119 9.838996
1 7.569357 -21.978777
1 7.598192 -22.030666
1 7.572230 -21.991665
1 21.576521 3.755097
1 20.079576 -10.942441
1 7.578152 -21.988655
1 22.465126 2.248228
1 7.571860 -21.980919
1 -15.750650 15.643970
1 7.517720 -21.926058
1 18.190407 8.995601
1 7.568637 -21.980913
1 7.570762 -21.979542
1 7.568504 -21.977571
1 7.592100 -21.990515
1 7.569087 -21.979099
1 -15.813242 15.534883
1 7.567505 -21.977600
1 7.570019 -21.981762
1 5.314433 11.393971
1 7.578687 -22.019371
1 7.578790 -21.985857
1 7.568381 -21.979002
1 7.568386 -21.977203
1 7.569073 -21.979624
1 7.568929 -21.981489
1 7.603222 -22.027006
1 7.568855 -21.981102
1 7.583165 -21.982306
1 7.566188 -21.967220
1 7.567697 -21.983860
1 -23.509531 4.187588
1 22.564562 -2.328720
1 7.569911 -21.980680
1 7.564746 -21.964081
1 7.567777 -21.979017
1 -11.459579 7.202584
1 -15.678044 1.912743
1 17.698626 -7.738117
1 5.044524 11.699416
1 -10.062790 -15.831557
1 -14.008081 1.332704
1 -16.577183 0.339367
1 -15.686750 -0.379269
1 6.039433 9.725811
1 -16.560793 -0.068070
1 -15.414748 1.615229
1 -16.743410 -1.982570
1 -13.654528 -1.056350
1 -12.084500 8.085740
1 -16.205708 1.871106
1 -16.160555 1.795755
1 -17.112219 0.076898
1 -15.774098 1.141477
1 -15.161124 1.483359
1 -12.554215 6.629502
1 -15.925376 1.333410
1 -15.578098 1.226682
1 -15.339313 0.983753
1 -13.282146 2.191192
1 -17.367739 0.336098
1 6.986275 6.130109
1 -12.846494 5.581690
1 7.534246 -21.847029
1 6.722461 8.202650
1 -16.321775 -0.279121
1 -14.355854 1.212412
1 7.033091 7.028811
1 -16.127192 0.909896
1 -13.548840 3.596117
1 -15.791101 1.462725
1 -14.514928 1.642946
1 -14.938883 1.965316
1 -15.572227 1.762980
1 -13.196231 3.197101
1 -14.455442 5.618441
1 4.132136 9.809104
1 -13.882030 0.246533
1 -14.218856 1.370045
1 -15.928918 1.443806
1 -17.617468 -0.745710
1 -15.149517 1.363451
1 -13.776890 0.887531
1 -16.101698 1.688068
1 -15.843752 1.881218
1 -15.534735 1.175703
1 -16.146179 1.420555
1 -16.040413 1.451489
1 5.126354 11.232045
1 5.429562 12.047800
1 -13.571085 1.887312
1 -13.694901 1.811465
1 -16.781857 0.013217
1 -13.186971 1.955192
1 -13.541222 -0.068469
1 -17.493517 -0.899539
1 -14.749641 1.743589
1 6.486348 12.401767
1 5.366628 11.601948
1 -13.303600 5.181592
1 5.280158 11.565175
1 -15.777336 1.748274
1 -14.475071 2.307498
1 -15.227027 2.003138
1 -14.743069 1.646411
1 -14.349886 2.022050
1 5.323023 11.020257
1 -16.110962 1.546570
1 -15.308835 1.968421
1 6.733284 8.126622
1 7.511916 -21.810373
1 -15.317892 1.784723
1 -15.849304 1.612020
1 -12.613427 6.373837
1 -15.978839 2.303146
1 -14.326463 1.154261
1 -14.097244 5.998453
1 5.346714 11.777830
1 -14.893847 1.415228
1 -16.870430 -0.648161
1 -12.833352 5.670914
1 -14.773334 2.251971
1 -8.163424 5.191324
1 -12.451239 5.304954
1 -13.521934 1.016700
1 5.291466 11.704988
1 7.576108 -22.004904
1 -10.631289 19.976025
1 7.568594 -21.975849
1 7.569208 -21.981047
1 7.610281 -22.040041
1 7.568948 -21.977766
1 7.570835 -21.979622
1 7.571133 -21.974077
1 14.769189 -17.540514
1 7.568635 -21.980497
1 7.569903 -22.088396
1 5.194861 11.536866
1 7.575949 -21.997076
1 7.568288 -21.977354
1 7.563453 -21.971395
1 7.567737 -21.981403
1 7.564185 -21.969595
1 5.222081 11.679616
1 7.565117 -21.977991
1 7.571129 -21.983334
1 -16.819635 -16.040449
1 7.568271 -21.979797
1 7.571848 -21.996405
1 7.567779 -21.978706
1 -20.683638 8.904753
1 19.610634 8.438128
1 7.591342 -22.011639
1 7.537990 -21.948277
1 7.570311 -22.025415
1 5.507938 20.666512
1 7.569526 -21.979742
1 7.561178 -21.969627
1 7.572959 -21.981115
1 7.558782 -21.978601
1 7.567587 -21.983194
1 5.133705 11.522604
1 7.836923 19.568279
1 17.422201 10.876008
1 7.569170 -21.985434
1 19.502518 -12.172689
1 21.341850 4.433359
1 7.568861 -21.979750
1 7.570209 -21.979689
1 7.568070 -21.979548
1 7.568412 -21.978355
1 7.566915 -21.979549
1 7.586999 -22.000370
1 7.568704 -21.978504
1 21.748484 -8.490597
1 7.569411 -21.978712
1 7.567498 -21.979471
1 7.567806 -21.980873
1 5.252710 11.489695
1 -12.942352 6.635857
1 5.179197 11.695545
1 20.746843 1.911844
1 -14.066742 2.107049
1 -12.998379 -0.137900
1 -7.728694 -2.809583
1 5.201346 11.664574
1 5.247746 11.782847
1 -8.059571 0.507842
1 -15.676402 1.675184
1 5.237386 11.608095
1 20.020132 4.411417
1 -7.385211 3.972721
1 -7.210337 6.575641
1 5.273658 11.637137
1 5.277637 11.690125
1 -15.222310 1.520123
1 -13.237967 -0.167604
1 -13.124734 2.909489
1 -15.908865 0.705859
1 -16.467398 0.505367
1 5.285243 11.638263
1 -14.369965 0.724422
1 -12.620388 -10.478043
1 -16.249027 1.630206
1 -13.291195 3.758440
1 -16.207283 0.941822
1 -16.083279 0.494137
1 -15.961838 0.396888
1 -14.034441 1.294150
1 -17.710346 -1.149091
1 -15.344713 1.479201
1 -15.083696 1.391005
1 -13.135912 0.566298
1 -17.085987 0.591969
1 5.306833 11.440285
1 -16.582077 1.201000
1 -15.788503 1.844874
1 -17.203760 0.241365
1 -15.676250 0.919195
1 4.676660 12.444439
1 -14.208638 2.478290
1 -14.530884 1.578829
1 -13.800802 1.494800
1 -13.006996 0.812906
1 -14.007652 6.126859
1 -12.522934 -0.021372
1 -16.261156 1.894812
1 15.691512 -0.240433
1 -15.977408 1.605903
1 6.105544 12.031567
1 -15.677627 2.043148
1 -16.771492 -0.529305
1 5.232061 11.604579
1 5.340178 11.775676
1 5.374688 11.670121
1 -14.798965 1.503899
1 7.586994 -22.006470
1 4.964837 11.631053
1 7.568556 -21.978945
1 7.569219 -21.978493
1 7.574413 -21.996809
1 9.025857 18.567390
1 7.569034 -21.979074
1 7.568277 -21.980520
1 5.317971 11.545602
1 5.365786 11.721727
1 7.569441 -21.981573
1 7.567490 -21.977215
1 16.906473 -12.061670
1 7.570438 -21.976637
1 -24.593945 1.505941
1 19.935083 7.295582
1 5.183290 11.574649
1 7.569695 -21.981241
1 7.569690 -21.980024
1 7.568463 -21.979612
1 7.569221 -21.977962
1 22.865141 2.022926
1 7.569420 -21.977974
1 22.548332 2.754101
1 7.568317 -21.980473
1 7.569419 -21.977779
1 11.169749 -17.166761
1 -24.774311 0.876435
1 7.577334 -21.995775
1 7.570180 -21.971054
1 5.272705 11.629898
1 7.566055 -21.975103
1 7.567788 -21.977745
1 7.572194 -21.991381
1 5.217221 11.582019
1 7.571353 -21.979868
1 7.570734 -21.983822
1 7.568253 -21.974371
1 12.322292 -16.398964
1 2.932296 20.998915
1 13.315701 15.372422
1 4.874210 21.073549
1 7.567838 -21.977356
1 7.568709 -21.979702
1 -1.556162 22.036077
1 20.799484 6.162557
1 7.568485 -21.974487
1 7.569282 -21.977840
1 7.568880 -21.984186
1 7.587941 -22.007940
1 5.207680 11.681900
1 7.568113 -21.978891
1 5.261344 11.570350
1 -14.932199 -18.022713
1 7.573815 -21.991760
1 5.309450 11.702296
1 7.568874 -21.977341
1 7.573751 -21.977652
1 -23.761738 3.884365
1 7.570369 -21.980175
1 5.245559 11.645471
1 7.643113 -22.054991
1 5.382344 11.603389
1 7.567343 -21.976330
1 7.569025 -21.981548
1 5.144206 11.661046
1 5.290018 11.641144
1 -10.309547 -18.314573
1 -11.044056 -17.870848
1 -12.460867 7.401195
1 -11.962001 5.303122
1 -1.926352 -21.188421
1 10.755290 -17.465389
1 -20.564886 -7.243042
1 -17.838671 -1.463121
1 -15.111553 1.753790
1 -12.989454 0.037068
1 -12.754817 2.970058
1 -14.344995 0.665148
1 -16.247768 -0.415375
1 -16.659727 0.733099
1 -13.362751 0.069572
1 -13.133224 3.844857
1 -16.017805 0.996827
1 -17.649467 -1.234672
1 -16.550859 -0.307708
1 -16.807903 0.861209
1 -15.605219 1.178074
1 -16.091240 1.202144
1 -16.878963 -1.005653
1 -15.094368 1.757100
1 -16.951307 0.079101
1 5.400428 9.534695
1 -16.860628 -0.590444
1 -14.355639 1.917062
1 -14.577353 1.502864
1 -15.582540 1.058493
1 -16.574440 0.221089
1 -13.845688 1.723169
1 15.094802 1.693114
1 -14.885899 1.288242
1 -15.013928 1.936264
1 -10.982603 7.495824
1 -16.131601 1.778784
1 -14.447097 2.209343
1 -14.474304 1.404878
1 -14.336126 1.526903
1 -13.239658 2.403976
1 -15.255167 1.657023
1 -15.206022 1.711910
1 -16.452797 0.533225
1 -14.987192 1.769092
1 -15.752462 0.691346
1 -15.519908 1.957032
1 -16.947321 1.308601
1 -15.874928 1.416303
1 -16.346640 1.320590
1 -15.432355 0.096280
1 5.185502 11.306146
1 -12.382098 5.919923
1 -15.664286 1.603633
1 -12.230991 -1.875912
1 -15.952009 0.724791
1 5.295943 11.860233
1 -15.024252 0.758609
1 -18.036087 -1.167125
1 -17.291767 -0.806480
1 -16.386616 1.825330
1 -13.852427 3.966637
1 -15.119581 1.460979
1 6.123313 12.199699
1 -15.477942 1.822518
1 -12.966691 -0.535627
1 -15.931407 1.611503
1 -14.465989 1.918054
1 -14.866682 1.988033
1 -12.260280 6.143978
1 -16.411444 1.559548
1 -13.241165 3.210551
1 -11.090616 14.389701
1 -15.024030 2.002824
1 -15.747092 -2.337982
1 -15.716560 2.186584
1 -13.164167 -0.407734
1 5.204353 11.561346
1 -12.771904 -0.278646
1 -12.802319 -0.278218
1 -13.081645 -0.214124
1 5.396807 11.828483
1 -17.409153 4.826553
1 -14.051208 -0.272617
1 -20.007164 -0.382645
1 7.570624 -21.980675
1 7.565199 -22.009560
1 -21.168829 -11.738366
1 14.124535 14.027710
1 -24.760298 -3.447554
1 -12.924247 17.745827
1 12.431734 15.903220
1 7.568868 -21.976580
1 4.358243 20.762600
1 7.568613 -21.978788
1 22.234184 -7.552331
1 7.569018 -21.979523
1 14.668416 -17.557753
1 7.846600 19.823952
1 7.568689 -21.978186
1 21.891584 -8.166405
1 7.569275 -21.978916
1 -23.768015 -3.031252
1 -15.858155 15.542254
1 -20.289745 -13.084226
1 16.528307 11.807709
1 7.569969 -21.980082
1 7.568864 -21.975719
1 7.567709 -21.980047
1 5.334076 11.532331
1 7.571061 -21.979033
1 7.569315 -21.979832
1 7.543220 -21.943998
1 7.568660 -21.974792
1 -22.251265 -9.929936
1 7.569386 -21.977867
1 7.569239 -21.979406
1 7.568750 -21.979616
1 7.569549 -21.988195
1 7.569656 -21.979115
1 22.866007 1.655457
1 7.568424 -21.979362
1 7.567340 -21.980030
1 7.568463 -21.977608
1 7.568299 -21.981279
1 7.566107 -21.980593
1 5.273596 11.544895
1 7.569146 -21.979916
1 7.568991 -21.977751
1 7.575340 -21.977667
1 7.569396 -21.979620
1 7.581415 -21.950460
1 7.567087 -21.977478
1 7.567654 -21.981590
1 7.568905 -21.979059
1 7.569661 -21.979679
1 -11.270081 19.082161
1 7.579178 -22.004753
1 7.553612 -21.970537
1 5.538032 11.712792
1 7.568274 -21.982132
1 -15.081775 1.624771
1 -12.846869 -0.124379
1 5.068242 11.574318
1 -13.020015 -0.265175
1 5.230180 11.595436
1 -11.230061 -0.153286
1 -12.558635 -1.054604
1 -14.077983 7.329685
1 5.187378 11.666297
1 -16.796185 3.032355
1 -14.268366 1.237455
1 5.178757 11.576457
1 -17.321068 -6.322260
